,datetime,content,title
0,2020-03-21 22:49:00,,美国白宫经济顾问库德洛：参议院正在谈判的一揽子计划价...
1,2020-03-21 22:29:00,据新华社，印度卫生部21日发布的最新数据显示，截至当天17时，该国新增60例新冠肺炎确诊病例，累计确诊病例数达283例，累计治愈出院22例，4例死亡。数据显示，累计确诊病例中有244名印度人、39名外国人。,印度新冠肺炎确诊病例新增60例 累计283例
2,2020-03-21 22:20:00,3月21日讯，澳大利亚计划推出660亿澳元（382亿美元）的追加刺激方案，包括向小企业派发最高10万澳元现金，以支持受病毒疫情打击的经济。总理斯科特·莫里森将在周日宣布这项计划，将为企业和非营利慈善机构提供252亿澳元的支持，并将提供部分贷...,澳大利亚将发布660亿澳元的第二轮刺激计划
3,2020-03-21 22:15:00,,德国财长Scholz：德国计划增加逾1500亿欧元的额外预算
4,2020-03-21 22:11:00,3月21日，据俄新冠肺炎疫情防控指挥部消息，过去24小时，俄罗斯18个地区共新增53例新冠肺炎确诊病例。截至目前，俄罗斯累计确诊人数达到306人，累计治愈人数16人。（央视新闻）,俄罗斯新增53例新冠肺炎确诊病例 累计确诊306例
5,2020-03-21 22:11:00,,百思买暂停所有股票回购，撤回2021财年全年业绩指引
6,2020-03-21 22:06:00,随着新冠肺炎疫情不断扩散，印度每日新增病例不断增加，加之政府宣布要在周日实行全民戒严，印度市场上开始流传关于物资短缺和涨价的消息。因此，印度政府限制了消毒液口罩等防疫物资的最高零售价，规定200毫升消毒液的价格不得超过100卢比（约1...,为防止民众恐慌，印度政府限制防疫物品最高零售价
7,2020-03-21 21:41:00,为做好疫情防控工作，北京市新冠肺炎线上医生咨询平台于2月1日正式开通。截至3月19日24时，平台总访问量达2622万人次，上传专家视频172条；视频直播共49场，直播总浏览量共计2446万次，市民在线提问12553条，专家回复率97%以上。（央视新闻）,北京新冠肺炎线上医生咨询平台访问量达2622万人次
8,2020-03-21 21:37:00,据路透社报道，越南政府声明，越南从周日(3月22日)起禁止所有外国人入境，以遏制新冠肺炎疫情。截止3月21日，越南新冠肺炎确诊病例增至94例，无死亡案例。,越南22日起禁止所有外国人入境累计确诊新冠肺炎94例
9,2020-03-21 21:34:00,日前，中国人寿在中国保险行业协会官网披露公告称，3月13日，中国人寿通过港股二级市场增持600万股中广核电力H股股票，增持完成后，其持股比例从9.952%升至10.005%，触发二次举牌。,中国人寿举牌中广核电力H股至10.005%
10,2020-03-21 21:24:00,3月21日，众信旅游集团股份有限公司宣布在3月20日与海南省旅游和文化广电体育厅签署了战略合作协议。双方将在文旅融合创新、入境入岛旅游、产业投资基金、境内外宣传推广和目的地市场营销等领域进行全面合作。（新京报）,众信旅游集团与海南省旅文厅签署战略合作协议
11,2020-03-21 21:20:00,内蒙古商务厅表示，按照国家有关规定，使用财政性资金采购疫情防控相关货物、工程和服务的，可不执行政府采购法规定的方式和程序，采购进口防控物资无需审批。内蒙古商务厅要求各地设立进口防控物资快速通关专用窗口。采购进口防控物资先登记放...,内蒙古商务厅：采购进口防控物资无需审批
12,2020-03-21 21:16:00,加拿大西北地区首席医疗官卡米·坎多拉（Kami Kandola），当地时间20日晚在首府耶洛奈夫（Yellowknife）签发新闻通报，宣布了从21日起，拒绝所有非本地区居民进入的旅行禁令，任何非本地区居民都不得通过空中、陆地和水上进入该地区，仅有极少数...,加拿大西北地区宣布拒绝所有非居民进入
13,2020-03-21 21:10:00,当地时间3月21日下午，随着第1名重症患者的入住，意大利首家帐篷医院于在克雷莫纳市正式启用。这家医院的建成只用了36个小时，位于克雷莫纳市医院门前。共由15个帐篷组成，拥有68个床位，其中8个重症监护床位。医院无需外部支援，完全独立运行，...,意大利首家帐篷医院在克雷莫纳市正式启用
14,2020-03-21 21:08:00,,荷兰新冠肺炎确诊病例新增637例，累计达3631例；新增死亡...
15,2020-03-21 21:03:00,3月21日，青海省人民政府发布第20号通告，全省45个县（市、区、行委）全部转为常态防控管理，全省本科院校和高职院校原则上从4月1日至4月15日陆续开学。（人民网）,青海本科及高职院校4月1日至15日陆续开学
16,2020-03-21 20:46:00,,欧盟委员会批准法国三项有关疫情的国家援助计划，该援助...
17,2020-03-21 20:39:00,截至当地时间21日12时，瑞士联邦公共卫生部通报瑞士新冠肺炎确诊人数上升至6113例，24小时内增长近1300例，疫情已致56人死亡。根据瑞士的数据显示，感染人群的平均年龄为51岁。其中提契诺州，巴塞尔城市州和沃州成为瑞士26州中受影响最大的3个州。,瑞士新增新冠肺炎确诊病例近1300例 累计确诊达6113例
18,2020-03-21 20:36:00,3月21日上午， 三峡集团位于武汉市蔡甸区、新洲区、东湖高新区的3个长江大保护项目开工建设，总投资达到75.9亿元。三峡集团有关负责人表示，这批项目开工不仅为武汉在疫情后恢复经济社会秩序提供强有力支撑，还将为武汉水环境质量根本改善提供保...,投资75.9亿元，三峡集团长江大保护项目在武汉集中复工
19,2020-03-21 20:36:00,2020年合肥市蜀山区“中国环境谷数字新园区”产业类项目签约暨开工仪式于21日举行，以大数据、人工智能、工业互联网、物联网技术为基础的一批“新基建”项目签约或开工，累计总投资达203亿元。仪式上，有18个项目集中签约，总投资达102亿元，涵...,合肥：总投资超200亿元的30个项目集中签约开工
20,2020-03-21 20:28:00,达摩院训练的全新AI模型可在20秒内完成诊断（最短2秒），且准确率高达96%以上，可精准捕捉患者治疗全程病情变化，降低重症转化率。,阿里达摩院支援火神山，已临床诊断26万病例
21,2020-03-21 20:27:00,消息人士称，在新冠肺炎疫情期间，德国政府正考虑发行约3500亿欧元的新债务，为经济刺激措施提供资金。德国政府的3500亿欧元刺激计划包括约1500亿欧元的补充预算。,德国政府正考虑发行约3500亿欧元的新债务
22,2020-03-21 20:21:00,武磊确诊感染新冠肺炎后首发声，他在视频中写道：确实感染新冠病毒，现在正在家中隔离，精神状态非常好，症状也完全消失了，肺部也做了检查，没有任何问题，感谢大家的祝福。（中国足球报道）,武磊感染新冠肺炎后首发声：目前在家中隔离情况乐观 
23,2020-03-21 19:59:00,今日新闻联播或涉及资本市场的内容：1、国务院联防联控机制新闻发布会：内地连续3日无新增本土确诊病例，近期境外输入病例增幅明显；2、依托全国一体化政务服务平台共享信息，全国绝大部分地区“健康码”已可实现“一码通行”；3、武汉：集中重...,3月21日星期六 新闻联播要闻精选6条
24,2020-03-21 19:59:00,"网红李大霄确实已被深圳证监局监管谈话，券商中国记者已从知情人士处证实了这一消息。
",李大霄遭遇监管谈话属实 已不是英大研究所所长
25,2020-03-21 19:51:00,3月21日，喜临门携手中国睡眠研究会、小米、健康界、知萌咨询举办了“睡出免疫力”中国睡眠指数&抗菌产品线上发布会，并发布《2020喜临门中国睡眠指数报告》（简称《报告》）。《报告》显示，各个族群熬夜原因各有千秋，但“睡得晚”“睡得短”...,喜临门发布中国睡眠指数报告
26,2020-03-21 19:49:00,从接近天津产权交易所处获悉，天津海泰控股集团有限公司所持的天津信托51.58%股权项目挂牌已经结束，仅有上海国资上海实业集团及一家民营控股集团成功递交材料。3月23日也即下周一，双方将以39.5亿元的底价竞拍争夺天津信托控股权。不久之前，上...,天津信托51.58%股权拍卖引来国资民营同台竞技，底价39.5亿
27,2020-03-21 19:42:00,江苏省各级各类学校自3月30日起分批次、错峰开学。其中：高三年级、初三年级3月30日开学；中小学其他学段、年级做好4月7日开学准备；③高校以4月13日为开学起始时间做好开学准备工作。（央视新闻）,江苏明确开学时间 3月30日起分批次、错峰开学
28,2020-03-21 19:40:00,据中国饲料行业信息网数据显示，受疫情影响开工受限，多个维生素品种出现阶段性供应紧张，VA、VB1、VD3、VE、VK3以及2%生物素等涨价势头凶猛，部分品种报价甚至较年初上涨了一倍多。(每经网）,新冠肺炎疫情向全球蔓延 维生素等原料药再掀涨价潮
29,2020-03-21 19:35:00,截至3月20日，北京市已有48个文化产业园区累计为入驻企业减免租金1.3亿元。东城区咏园入驻了20多家小微企业，2月份，考虑到复工复产困难，企业面临房租压力，咏园按照《文化28条》的政策引领，第一时间制定方案，对入驻咏园的中小微企业给予2月...,助力复工复产 北京48个文化产业园区减免租金1.3亿
30,2020-03-21 19:31:00,,湖北孝感公共交通恢复运营（新华社）
31,2020-03-21 19:24:00,西班牙卫生部：西班牙新冠肺炎确诊病例新增4946例至24926例。,西班牙卫生部：西班牙新冠肺炎确诊病例新增4946例至24926...
32,2020-03-21 19:22:00,,据西班牙卫生部，西班牙新冠肺炎确诊病例新增4946例，累...
33,2020-03-21 19:19:00,小鹏汽车已经收购广东福迪汽车有限公司，以获取后者生产资质。工商信息也显示，3月19日，福迪汽车的股东方已变更为小鹏汽车旗下公司肇庆小鹏新能源投资有限公司。同时，股东备案信息显示，福迪汽车董事长、法人叶青，董事陈岩、沈振强、王殿武等...,小鹏汽车收购广东福迪汽车，解决自建工厂生产资质
34,2020-03-21 19:15:00,,意大利高速公路公司（Autostrade）与工会同意临时裁员1500人
35,2020-03-21 19:12:00,据比利时官方媒体当地时间3月21日上午报道，过去24小时内，比利时境内新增568例新冠肺炎确诊病例，新增死亡病例30例。截至目前，累计确诊2815例，累计死亡67例。（央视新闻）,比利时新增568例新冠肺炎确诊病例 累计确诊2815例
36,2020-03-21 19:11:00,目前伊朗政府正在将全国范围内占地面积最大的购物商场Iran Mall改造为方舱医院，以收治更多的新冠肺炎患者。目前尚不清楚该商场经过改建后能提供多少个床位。Iran Mall位于德黑兰市西北部的第22区，占地面积达到140万平方米，是伊朗为了支持国货...,伊朗正在将全国最大的购物商场改造为方舱医院
37,2020-03-21 19:09:00,世界台联官方宣布，鉴于新冠肺炎疫情，2020斯诺克世锦赛将延期举行。世界台联方面希望世锦赛能改期到7月或8月，但最终需要视具体情况而定。世锦赛是斯诺克三大赛之首，象征斯诺克运动最高荣誉，今年正赛原定于4月18日至5月4日在英国谢菲尔德的克...,2020斯诺克世锦赛延期
38,2020-03-21 19:07:00,,大众汽车CEO：工厂关闭的时间可能延长，需采取激进措施来...
39,2020-03-21 19:06:00,在21日举行的北京市新冠肺炎疫情防控工作新闻发布会上，北京市卫生健康委新闻发言人高小俊通报，根据北京市20日印发的《加强疫情防控期间医疗服务工作的通知》，21日零时起，北京市各区级定点医疗机构暂停新冠肺炎病例收治任务，新发疑似和确诊...,北京市各区级定点医疗机构暂停新冠肺炎病例收治任务
40,2020-03-21 19:04:00,,印度卫生部长：印度新冠肺炎确诊病例达298例
41,2020-03-21 18:45:00,,据报道，欧盟委员会将放松财政赤字规则，考虑发行抗疫债券C
42,2020-03-21 18:33:00,德国累计确诊新冠肺炎病例20099例，系全球第五个确诊超2万国家（环球网）,德国累计确诊新冠肺炎病例20099例
43,2020-03-21 18:24:00,俄罗斯联邦生物医学署20日发布公告说，该署专家正加紧研发抗新冠病毒疫苗，目前已开发出3种原型疫苗。此外，俄总理米舒斯京20日表示，该国科学家目前已研制出6种抗新冠病毒的药物。（新华社）,俄罗斯：正研制抗新冠病毒的疫苗及药物
44,2020-03-21 18:23:00,据澎湃新闻，上海市新冠肺炎疫情防控工作领导小组今天上午（3月21日）举行会议，会议指出，把严防境外疫情输入作为当前防控工作的重中之重，以更严格、更全面、更细致的措施进一步加强口岸防控、社区防控。严格防控责任，加强协同配合，健全完善...,上海市新冠肺炎疫情防控工作领导小组：把严防境外疫情输...
45,2020-03-21 18:22:00,香港特区政府卫生署21日通报，新增17例新冠肺炎确诊病例，目前香港确诊病例累计已达273例。另外，当日还有20人初步检测呈阳性。（新华视点）,香港新增17例新冠肺炎确诊病例累计273例
46,2020-03-21 18:11:00,3月21日上午，格力电器向武汉市定点医院捐赠杀灭新冠病毒空气净化器交接仪式在武汉市经信局举行。格力电器向武汉市金银潭医院、泰康同济(武汉)医院捐赠杀灭新冠病毒空气净化器共计60台，以自主研发的核心科技助力武汉打赢疫情防控阻击战。据湖北...,格力捐赠首批下线“杀新冠病毒空气净化器”
47,2020-03-21 18:06:00,雄安“动脉”全线复工。河北省交通运输厅厅长单宝风表示，施工单位在做好疫情防控同时，要全力以赴补上因疫情落下的进度，确保2020年底京雄高速、荣乌高速新线、京德高速一期工程主体建成，津石高速、G230京冀接线段年内建成通车。（新华社）,河北交通运输厅：确保2020年底京雄高速等工程主体建成
48,2020-03-21 17:46:00,越南政府声明：越南将暂停所有入境航班以遏制新冠肺炎疫情。,越南将暂停所有入境航班以遏制新冠肺炎疫情
49,2020-03-21 17:46:00,日前，中国证监会制定的《科创属性评价指引（试行）》正式推出。这是加快科创板在中国资本市场制度性创新的重要举措。该指引推出，将能有效协同金融资本和科技创新两大关键要素，更好地支持和鼓励“硬科技”企业在科创板上市，加速科技成果向现...,央视财经评论：加快科创板在中国资本市场的制度性创新步伐
50,2020-03-21 17:39:00,科技部：加大国家科技成果转化引导基金对科技型中小企业的融资支持。推动设立支持新药、医疗装备、检测、疫苗等领域的子基金，加快抗疫攻关科研成果的转化和产业化。引导已设子基金加大对疫情重点地区科技型中小企业的支持。会同有关部门研究推...,科技部：加大国家科技成果转化引导基金对科技型中小企业...
51,2020-03-21 17:39:00,科技部印发《关于科技创新支撑复工复产和经济平稳运行的若干措施》的通知，通知提出，开展高新技术企业上市培育行动，加强对高新技术企业的对接服务与培训指导，与证监会、上交所、深交所等加强合作，畅通高新技术企业上市融资渠道。,科技部：开展高新技术企业上市培育行动
52,2020-03-21 17:38:00,科技部：大力推动关键核心技术攻关，加大5G、人工智能、量子通信、脑科学、工业互联网、重大传染病防治、重大新药、高端医疗器械、新能源、新材料等重大科技项目的实施和支持力度，突破关键核心技术，促进科技成果的转化应用和产业化，培育一批...,科技部：大力推动关键核心技术攻关 加大5G、人工智能等重...
53,2020-03-21 17:35:00,科技部印发《关于科技创新支撑复工复产和经济平稳运行的若干措施》的通知，启动实施“科技助力经济2020”重点专项。充分发挥国家高新区在推动复工复产中的重要载体作用。实施科技型中小企业创新发展行动。加大对高新技术企业的激励引导。,科技部印发《关于科技创新支撑复工复产和经济平稳运行的...
54,2020-03-21 17:22:00,记者从中国电子信息产业集团有限公司获悉，麒麟软件20日在天津成立。同时，麒麟软件发布“遨天”计划，以此为标志，麒麟软件完成整合，将致力于国产操作系统研发和高质量发展。（新华网）,中国电子旗下麒麟软件完成整合 致力于国产操作系统高质量...
55,2020-03-21 17:21:00,伊朗报告新增966例新冠肺炎确诊病例，累计确诊20610例,伊朗报告新增966例新冠肺炎确诊病例
56,2020-03-21 17:16:00,加拿大总理特鲁多20日宣布，当天深夜起关闭加美边界，禁止不必要的人员流动，继续保证物流畅通，支持加拿大相关企业加快和扩大重要医疗物资和防护用品的生产。据加拿大媒体统计，截至当地时间20日21时，加拿大新冠肺炎确诊病例比前一日增加214例...,加拿大宣布关闭加美边界
57,2020-03-21 17:14:00,国家发改委基础司副司长郑剑表示，针对私自设卡、封锁农村道路等阻塞交通的违规行为，来督促地方及时的予以纠正。目前各地的道路交通堵点基本上打通，检疫站点应撤尽撤，封闭站口应开尽开，阻断道路应通尽通，基本实现交通大动脉的打通和微循环...,国家发改委：各地交通堵点基本打通，检疫站点应撤尽撤
58,2020-03-21 16:54:00,贝达药业3月21日在互动平台表示，公司与专业机构共同开发的2019-nCoV新型冠状病毒通用DC疫苗尚处于早期研发阶段。公司将秉承严谨的科研态度，加紧推进研究工作，尽早取得翔实的研究数据。（证券时报网）,贝达药业：2019-nCoV新型冠状病毒通用DC疫苗尚处于早期研...
59,2020-03-21 16:51:00,近日，德邦证券出资10亿元设立全资子公司德邦资管的申请获批，值得注意的是，这是德邦证券第二次申请设立德邦资管，早在2014年11月，证监会就已经核准设立德邦资管，不过由于当时没有正式展业，业务上过了筹备期，只能再次申请。随着德邦资管的...,德邦资管被核准设立
60,2020-03-21 16:37:00,网络大V李大霄被深圳证监局监管谈话，一份《深圳证监局关于对李大霄采取监管谈话措施的决定》的文件在网上广泛流传。,突发！李大霄被监管谈话了
61,2020-03-21 16:32:00,据美国基金研究机构EPFR最新数据，截至3月18日的七天内，全球债券基金的净赎回量共计1080亿美元，是前一周的四倍，并创下新的单周纪录。投资者从债券基金中全面撤出，包括那些风险较小的投资级债券基金。同时，全球股票基金亦净流出206亿美元，...,全球债券基金一周内遭赎回1080亿美元 创单周流出新高
62,2020-03-21 16:03:00,3月19日，广东广州。《钟南山传》作者叶依与钟南山进行了一段对话。针对“一旦感染，病毒会长期伴随病人”说法，钟南山表示，现在没有证据证明新冠病毒慢性长期存在。,钟南山：暂无证据证明新冠病毒慢性长期存在
63,2020-03-21 15:58:00,发改委基础司副司长郑剑表示，未来将统筹推进更多的智能交通、智能电网、智慧城市等项目建设，稳妥有序地推进构建能够适应发展的智能经济、智能社会发展需求的基础设施体系。,将如何支持重点新基建项目的建设？发改委回应
64,2020-03-21 15:56:00,马来西亚新增新冠肺炎病例153例，累计确诊病例达1183例。,马来西亚新增新冠肺炎病例153例
65,2020-03-21 15:53:00,国务院联防联控机制3月21日召开新闻发布会，财政部经济建设司一级巡视员宋秋玲表示，截至昨天全国各地发行新增的地方政府债券已经达到14079亿元，占提前下达额度的76%；其中一般债券3846亿元，占69%；发行专项债券10233亿，占79%。,财政部：全国各地发行新增的地方政府债券已经达到14079亿元
66,2020-03-21 15:44:00,发改委投资司司长欧鸿表示，确保精准投资，不搞大水漫灌。加快推进国家规划一明确的重大工程和基础设施建设，加快5G网络数据中心等新型基础设施建设。,发改委：加快5G网络数据中心等新型基础设施建设
67,2020-03-21 15:43:00,挪威奥委会20日表示，已致信请求国际奥委会在新冠肺炎疫情得到控制之前，推迟举办2020年东京奥运会。挪威奥委会方面表示，在与本国的各单项体育管理机构进行了讨论后，他们在给国际奥委会主席巴赫的一封信中提出了这一请求。,挪威奥委会建议推迟2020东京奥运会
68,2020-03-21 15:41:00,由于担忧新冠肺炎疫情，松下将暂停特斯拉千兆工厂1的运作。(日经新闻),松下将暂停特斯拉千兆工厂1的运作
69,2020-03-21 15:22:00,美国有线电视新闻网（CNN）21日援引越南政府网站消息称，为控制新型冠状病毒传播，自3月21日起，所有前往越南的旅客将集中隔离14天。（环球网）,自3月21日起 所有前往越南的旅客将集中隔离14天
70,2020-03-21 15:18:00,国家发展改革委基础司副司长郑剑：交通项目复工达产已具备条件，有信心完成全年建设目标。截至目前，533个重大交通项目开复工率达到97.8%，以铁路为例，全国重大铁路项目已全部复工。,国家发展改革委基础司副司长郑剑：交通项目复工达产已具...
71,2020-03-21 15:15:00,国家卫生健康委新闻发言人、宣传司副司长米锋表示：自3月11日世卫组织宣布疫情已具有大流行特征以来，累计境外输入病例从85例增长到269例，增幅为216%，快于同期全球累计确诊病例98%的增幅。要严密防范境外疫情输入，做好境内疫情防控，防止反弹...,我国10天内境外输入病例增幅216% 快于全球累计确诊病例98...
72,2020-03-21 14:50:00,巴基斯坦新增15例新冠肺炎确诊病例，累计确诊510例。（央视新闻）,巴基斯坦新增15例新冠肺炎确诊病例  累计确诊510例
73,2020-03-21 14:45:00,记者21日从广东省文化和旅游厅了解到，20日广东印发《关于积极应对新冠肺炎疫情影响，促进文化旅游体育业平稳健康发展、扩大市场消费的若干政策措施》，在资金支持、扩大消费、硬件建设等3个方面推出12条措施帮助广东文旅体行业复苏，通过转型升...,广东推出12条措施助文旅体行业复苏
74,2020-03-21 14:45:00,记者日前从山东省发改委获悉，目前山东物流企业运营基本恢复正常，物流量逐渐扩大。从监测数据看，山东3800余家重点物流企业复工率已达90%。（新华网）,山东重点物流企业复工率达90%
75,2020-03-21 14:39:00,据欧洲中央银行20日发布的消息，欧洲央行副行长德金多斯日前接受媒体采访时表示，面对由新冠肺炎疫情引发的公共卫生危机，欧洲央行正在采取措施避免其触发某种形式的金融危机或债务危机。德金多斯表示，新冠肺炎疫情蔓延正在对经济产生重大影响...,欧洲央行：力求避免公共卫生危机触发金融或债务危机
76,2020-03-21 14:37:00,中国研制的新冠病毒疫苗已注射进人体，志愿者有3组，每组36人，注射后将集中隔离观察14天。（网易新闻）,中国新冠疫苗已经注射入体
77,2020-03-21 14:31:00,中国台湾新增18例新冠肺炎确诊病例，累计达153例。,中国台湾新增18例新冠肺炎确诊病例  累计达153例
78,2020-03-21 14:20:00,美国空军20日发表声明说，一名空军现役军人和一名防务承包商日前新冠病毒检测结果呈阳性，两人近期均曾出现在五角大楼。（新华社）,美国空军报告2人感染新冠病毒 曾现身五角大楼
79,2020-03-21 14:14:00,荷比卢三国新冠肺炎确诊病例快速增加。荷兰、比利时、卢森堡三国20日报告的新冠肺炎确诊病例分别增至2994例、2257例、484例。其中，荷兰单日新增确诊病例数首次超过500例。（新华社）,荷比卢三国新冠肺炎确诊病例快速增加
80,2020-03-21 14:13:00,韩国总理表示，新冠肺炎病毒对韩国企业的生存造成威胁。,韩国总理：新冠肺炎病毒对韩国企业的生存造成威胁
81,2020-03-21 14:02:00,韩国总理强烈敦促暂停宗教、室内运动、娱乐等活动15天。（韩联社）,韩国总理强烈敦促暂停宗教、室内运动、娱乐等活动15天
82,2020-03-21 14:01:00,上海轨道交通在建工程各参建单位积极组织推进，全力以赴启动各标段复工。3月20日，应复尽复的142个标段已经全部正常施工，实现了全面复工目标。（上海国资发布）,上海轨道交通所有在建工程142个标段全面复工
83,2020-03-21 13:44:00,3月19日，X8402次列车从铁路苏州西站集装箱专用站台驶出，标志着中欧班列（苏州）发运量突破3000标箱。（海关发布）,中欧班列（苏州）今年发运量突破3000标箱
84,2020-03-21 13:36:00,美国贸易代表办公室称，这一公众意见征集阶段将持续到2020年6月25日，且如果合适的话也可以继续延期，并希望各方可以尽快提交意见。（第一财经）,美贸易代表办公室拟进一步豁免医疗产品关税
85,2020-03-21 13:33:00,中国物流与采购联合会日前发布1-2月物流运行情况分析报告显示，1-2月份，进口物流量同比增长5.5%，实现逆势增长。（中证网）,中物联：1-2月份进口物流量实现逆势增长
86,2020-03-21 13:30:00,3月21日，菲律宾卫生部副部长韦尔吉雷在接受媒体采访时称，截至21日12时，菲律宾新增新冠肺炎确诊病例32例，累计达262例。新增1例死亡病例，累计死亡达19例。此外，累计有13例治愈。（央视新闻）,菲律宾新增新冠肺炎确诊病例32例 累计确诊262例
87,2020-03-21 13:28:00,意大利北部的伦巴第大区，是意大利疫情最严重的地区之一，也是最早采取限制人员流动措施的四个大区之一。贝加莫市是“重灾区”中的“重灾区”。贝加莫市市长3月20日对媒体说，由于独居或在养老院的老年人众多，该市实际上死于新冠肺炎的人数可能...,意大利“重灾区”市长：死于新冠人数或是通报的5倍
88,2020-03-21 13:22:00,中国足协公告，中国足协已从西班牙人足球俱乐部获知，效力于该俱乐部的中国男足国家队队员武磊确诊感染新冠肺炎。目前武磊症状轻微，正接受治疗。中国足协与武磊本人及西班牙人俱乐部一直保持密切沟通，将视情提供一切必要的帮助。,中国足协：目前武磊症状轻微 正接受治疗
89,2020-03-21 13:21:00,据日本NHK报道，截至当地时间3月20日，日本国内新冠肺炎累计确诊病例破千，达到1016例；累计死亡病例43例。（新京报）,日本新冠肺炎确诊病例累计超千例  不含“钻石公主”号
90,2020-03-21 13:19:00,蒙古国新增新冠肺炎确诊病例4例，累计确诊10例。（央视新闻）,蒙古国新增新冠肺炎确诊病例4例  累计确诊10例
91,2020-03-21 13:15:00,湖北省疫情防控指挥部办公室于3月17日印发《关于积极有序推进全省投资项目开工复工建设的通知》，通知要求，各地要通过集中开工、现场办公、进度晾晒、拉练观摩等方式，形成竞相发展的倒逼机制，全力压茬推进2020年一季度拟新开工重大项目加速开...,湖北875个重大项目力争6月底前有序开工
92,2020-03-21 13:11:00,3月21日上午， 位于武汉市的3个长江大保护项目开工建设，总投资达到75.9亿元。此次集中开工的3个项目分别是蔡甸东部区域清水入江PPP项目、武汉市新洲区新城镇建设PPP项目、东湖高新区光谷生态大走廊项目。,中国三峡集团集中开工一批长江大保护项目
93,2020-03-21 13:10:00,意大利伦巴第大区主席阿迪里奥·丰塔纳举行记者会表示，中央政府已批准在伦巴第大区境内部署军队，执行封城命令。截至当地时间20日下午6时，意大利新冠肺炎确诊病例增至47021例，累计死亡4032例。（中新社）,意大利总统批准调集军队 协助伦巴第执行封城令
94,2020-03-21 13:10:00,据澳大利亚联邦卫生部3月21日最新统计，澳大利亚全国共有新冠肺炎感染确诊病例1051例，包括7个死亡病例。其中新南威尔士州确诊436例，维多利亚州确诊229例，昆士兰州确诊221例，西澳州确诊90例，南澳州确诊50例，塔斯马尼亚州确诊11例，首都领地...,澳大利亚新冠肺炎感染确诊病例达1051例
95,2020-03-21 13:02:00,为遏制新冠肺炎疫情的蔓延，约旦开始全国宵禁，限制居民流动。,约旦开始全国宵禁
96,2020-03-21 12:51:00,湖北十堰市新冠肺炎疫情防控指挥部21日发布消息称，即日起，全市所有零售药店恢复销售治疗发烧、咳嗽的药品，此前发布的第29号通告停止执行。 （每经）,湖北十堰：全市药店恢复销售治疗发烧、咳嗽药品
97,2020-03-21 12:41:00,3月20日，银保监会网站发布公告称，和谐健康保险股份有限公司变更股东获批。此次股权转让后，安邦保险集团、安邦财险公司不再持有和谐健康保险的股份。福佳集团则成为和谐健康第一大股东，持股比例51%；扬子国投以25%的持股比例成为第二大股东；...,和谐健康股权变更获批
98,2020-03-21 12:34:00,21日，泰国卫生部在疫情例行发布会上透露，泰国新增89例新冠肺炎确诊病例，其中有51例是与此前确诊病例的密切接触者及泰拳馆、娱乐场所聚集性病例相关，截止到目前，泰国累计确诊病例411例。其中1例死亡、44例治愈、366例正留院治疗。（环球网）,泰国新增89例新冠肺炎确诊病例累计确诊411例
99,2020-03-21 12:26:00,欧盟委员会20日提议，临时性全面放松欧盟对各成员国的预算约束规则，支持成员国政府动用财政政策对抗新冠肺炎疫情、支持经济。,欧盟委员会建议放松欧盟预算约束对抗疫情
100,2020-03-21 12:22:00,伊拉克卫生部20日发表声明说，伊拉克当日新增新冠肺炎确诊病例15例，累计确诊病例增至208例，死亡17例，治愈50例。（新华网）,伊拉克新冠肺炎病例累计超200例
101,2020-03-21 12:20:00,截至美国东部时间20日23点（北京时间21日11点），美国新冠肺炎确诊病例累计达到19624例，死亡260例。,美国新冠肺炎确诊病例累计达到19624例
102,2020-03-21 12:14:00,基辅消息：据乌克兰卫生部消息，该国20日新增15例新冠肺炎确诊病例，较前一日上涨50%。乌总理什梅加尔当天宣布首都基辅等地进入紧急状态。（环球网）,乌克兰确诊病例增速加快  首都宣布进入紧急状态
103,2020-03-21 12:11:00,20日，新加坡新增40例新冠肺炎确诊病例，确诊总数增至385例。为遏制疫情，新加坡跨部门工作小组当天宣布采取“强制保持安全距离”等进一步防范措施，降低感染率。,新加坡宣布采取“强制保持安全距离”措施遏制疫情
104,2020-03-21 12:10:00,国家发改委主任何立峰19日主持召开推动长江经济带发展领导小组办公室专题会议。会议强调，长江经济带是我国经济重心所在、活力所在，对国家经济社会发展全局具有重要意义，当前要重点抓好四项工作。一是全力推动复工达产。二是全力推进生态环境...,发改委：研究编制“十四五”长江经济带发展规划
105,2020-03-21 12:07:00,奥佳华在互动平台上表示，公司已陆续接到来自德国、英国、意大利等欧洲国家的防疫产品订单。,奥佳华：已陆续接到来自德国、意大利等欧洲国家的防疫产...
106,2020-03-21 12:04:00,记者从内蒙古农牧厅获悉，在支持扶贫龙头企业恢复生产的同时，今年内蒙古将向境内57个贫困旗县投入农牧业发展资金100亿元以上，进一步提高产业扶贫成效和质量。（国际在线）,内蒙古将向57个贫困旗县投入农牧业发展资金100亿元以上
107,2020-03-21 12:03:00,根据贝壳找房数据显示，截至2020年3月21日，其平台显示成都在售二手房已正式突破13万套大关（130501套）；2月，贝壳找房成都在售二手房数量则为12万套左右，一个月激增万套房源。相比之下，成都在售二手房数据高居全国前列，贝壳北京和上海在售...,贝壳找房平台成都在售二手房首破13万套 远超北上广深房源...
108,2020-03-21 11:57:00,根据江苏证监局的摸排数据，截至3月20日，辖区434家上市公司中除2家公司未复工外，其他公司均已全部或部分复工，复工家数占比99.5%，其中全面复工及复工率在80%以上的公司占比95.4%。（证券时报e公司）,江苏432家上市公司已复工 复工家数占比99.5%
109,2020-03-21 11:56:00,2500万人粮食安全恐受蝗灾威胁联合国粮农组织（FAO）高级蝗虫预报专家基思·克雷斯曼近日向媒体表示，尽管沙漠蝗虫数目应该会像历史上那样，在可预见的未来减少，但是由于气候变化创造了新的常态，使得沙漠蝗虫种群扩大，中东与非洲2500万人的粮...,联合国专家：蝗灾肆虐 全球2500万人粮食安全恐无保障
110,2020-03-21 11:48:00,新加坡报告新增新冠肺炎死亡病例2例。,新加坡报告新增新冠肺炎死亡病例2例
111,2020-03-21 11:45:00,3月20日，特朗普表示暂不考虑发布全美范围的“居家令”，因为他认为美国很多地方的新型冠状病毒疫情并不严重。（新京报）,特朗普称发布全美居家令没必要 一些地区疫情不严重
112,2020-03-21 11:31:00,印度卫生部3月21日早晨宣布，新增13例新冠肺炎确诊病例，全国累计确诊236例。（央视新闻）,印度新增13例新冠肺炎确诊病例
113,2020-03-21 11:28:00,根据2019年12月18日中国金融期货交易所发布的《关于沪深300股指期权合约上市交易有关事项的通知》，自2020年3月23日2020年6月19日，沪深300股指期权日内开仓交易的最大数量为100手。,3月23日起沪深300股指期权日内交易限额放宽至100手
114,2020-03-21 11:22:00,3月20日，摩根大通控股的摩根大通证券（中国）有限公司在上海正式开业。证监会于一年前宣布，核准设立摩根大通证券（中国）和野村东方国际证券有限公司，这是首批两家新设立就由外资控股的券商，外资股占比均为51%。野村东方国际已于2019年12月2...,外资控股券商摩根大通证券（中国）在上海“云开业”
115,2020-03-21 11:20:00,杭州市新冠肺炎疫情防控指挥部发布的《关于疫情防控措施调整通告》显示，图书馆、文化馆、美术馆、博物馆、非物质文化遗产展示馆、影剧院、室内外体育场馆、餐厅包厢，以及会展、书店、艺术品、演艺、娱乐、网吧网咖等公共和经营场所即日起可恢...,杭州恢复开放影剧院等文化娱乐场所
116,2020-03-21 11:16:00,当地时间3月20日，瑞典公共卫生局发布，截至20日14时，瑞典全国当日新增200例新冠肺炎确诊病例，累计确诊1623例（每10万居民中有16例），累计死亡病例16例。（央视新闻）,瑞典全国当日新增200例新冠肺炎确诊病例
117,2020-03-21 11:12:00,美国联邦储备委员会20日宣布扩大一项货币市场共同基金流动性工具的担保品范围，为美国市政债券市场提供流动性支持。（新华网）,美联储宣布为市政债券市场提供流动性支持
118,2020-03-21 11:11:00,20日，法国政府召开危机会议讨论应对新冠肺炎疫情措施，法国总统马克龙在会议开始时表示，法国正处于新冠肺炎疫情的发展初期。,法国总统：国家正处于新冠肺炎疫情的发展初期
119,2020-03-21 11:10:00,布基纳法索政府20日宣布该国4名部长确诊为新冠肺炎病例。布基纳法索总统卡博雷当天宣布，从21日午夜开始，全境实行宵禁。（新华视点）,布基纳法索一天内4名部长确诊新冠肺炎
120,2020-03-21 11:10:00,安徽日前出台新政策，从提升创新能力、支持项目建设、加大基金支持等方面强化对人工智能产业的扶持力度，推进人工智能研发攻关、产品应用和产业培育，对智能传感器、高端智能芯片、智能制造装备等产业链关键环节单个项目补助最高2000万元。（中...,安徽加快人工智能研发应用 单个项目最高补助2000万元
121,2020-03-21 11:05:00,据美国有线电视新闻网（CNN）：由于新冠肺炎病毒，美银美林允许客户申请延迟偿还抵押贷款、小型企业贷款以及汽车贷款。,美银美林允许客户申请延迟偿还抵押贷款、小型企业贷款以...
122,2020-03-21 11:00:00,惊天丑闻！道指一周再跌17%，却有人提前出逃。美多名政要涉内幕交易，隐瞒疫情却提前抛售股票，交割单晒出！,道指一周再跌17% 却有人提前出逃！
123,2020-03-21 10:59:00,纽约时报3月20日报道，哥伦比亚大学的研究人员通过数学模型对美国新冠肺炎疫情发展进行了预测。研究显示，目前美国疫情仅处于起步阶段，峰值最早也要到5月份才能到来。如果不加控制，新冠病毒将遍及全美，峰值日新增病例可达到50万；因为有很多...,哥大学者预测：美国如不控制疫情 峰值日新增或达50万人
124,2020-03-21 10:50:00,据南京市市场监管局信息，南京已有12696家餐饮企业恢复堂食业务。其中大型及以上餐饮企业449家，中型餐饮企业2605家，小微型餐饮企业7974家，集体用餐配送单位6家，各类单位食堂1662家。（新华网）,南京超万家餐饮企业恢复堂食
125,2020-03-21 10:49:00,3月20日0时至24时，湖北、天津、河北、山西、辽宁、吉林、黑龙江、江苏、安徽、江西、河南、湖南、海南、重庆、贵州、云南、广西、西藏、青海、宁夏、新疆（含兵团）无新增确诊病例；3月20日7时至21日7时，内蒙古自治区报告无新增新冠肺炎确诊病...,23省区市新增确诊病例为零
126,2020-03-21 10:48:00,截至2020年3月20日24时，全国新冠肺炎治愈出院比例达到88.5%。（国是直通车）,全国新冠肺炎治愈出院比例达到88.5%
127,2020-03-21 10:35:00,2月以来，广东已累计生产口罩机2581台，占全国80%；口罩、口罩机、贴条机、胶条4类物资国家调拨数量均居全国第一；全省口罩日产量达2300多万只，彻底扭转“一罩难求”供应紧张局面。（南方网）,全国八成口罩机“广东造”
128,2020-03-21 10:34:00,为推进北京文化企业有序复工复产，咏园、尚8远东文化科技园、77文创园、大磨坊文创园等48家北京文化产业园区累计为文化企业减免房租1.3亿元。（上海证券报）,北京48家文化产业园区为企业减免房租1.3亿元
129,2020-03-21 10:32:00,记者从广东省新冠肺炎防控指挥部办公室了解到，21日起，境外入粤人员一律实施14天居家或集中隔离医学观察，集中隔离医学观察的食宿费用由个人自理。（新华视点）,广东：境外入粤人员一律隔离14天 集中隔离观察食宿费个人...
130,2020-03-21 10:23:00,据江西卫健委消息，决定从3月21日起对全省所有社区（小区、村组）取消封闭式管控、取消限制人员进出措施，保留流动性管理，保留岀入人员体温监测和查验个人健康码，确保城乡居民正常出行、工作、生活。（新京报）,江西：3月21日起所有小区村组取消封闭式管控
131,2020-03-21 10:20:00,据报道，美国财长努钦要求高盛顾问监管2000亿美元的救助计划，努钦的团队正在寻找能够运营行业贷款的华尔街顾问。此外，美国政府考虑通过提供援助来入股一些企业。,美国政府考虑通过提供援助来入股一些企业
132,2020-03-21 10:17:00,美联航将4月份的国际航班削减95%。,美联航将4月份的国际航班削减95%
133,2020-03-21 10:11:00,黄冈是湖北省新冠肺炎疫情较为严重的地区，经过近两个月的持续防控，自3月3日以来，黄冈市已连续17天新增确诊病例数为0。昨晚（20日）黄冈市发布通告，从今天（3月21日）起有序恢复公共交通，实行机动车单双号限行，并允许车辆有序进出小区。（...,湖北黄冈21日起有序恢复公共交通
134,2020-03-21 10:08:00,杭州发布通告；各类企事业单位、楼宇、景区、宾馆、商场、地铁、公交、出租车等公共场所和交通工具，取消“测温+亮码”等管控措施。,杭州取消“测温+亮码”等管控措施
135,2020-03-21 10:03:00,为避免新冠病毒传播，3月20日，英国首相约翰逊下令无限期关闭全国的酒吧、餐厅、剧院、电影院、体育馆等公共场所。（澎湃新闻）,英国首相约翰逊宣布关闭全国酒吧餐馆剧院等公共场所
136,2020-03-21 10:03:00,根据澳大利亚联邦卫生部3月21日最新统计，澳大利亚全国共有新冠肺炎感染确诊病例929例，包括7个死亡病例。（环球网）,澳大利亚新冠肺炎确诊病例累计达929例死亡7例
137,2020-03-21 09:44:00,美国总统特朗普批准纽约宣布进入灾难状态。在美国的50个州中，纽约州是受新冠病毒影响最严重的一个州，周五纽约州新冠病毒确诊人数攀升至8305人，死亡42人。其中曼哈顿确诊数超1314人。纽约在今天正式进入全民居家防疫城市停摆期。此前，美国纽...,美国总统特朗普批准纽约宣布进入灾难状态
138,2020-03-21 09:42:00,3月20日上午，深汕高铁、深惠城际铁路、深大（大亚湾）城际铁路、龙岗至大鹏支线城际铁路、穗莞深城际铁路（前海至皇岗口岸）等5条铁路线的工程可行性研究及配套专题合同启动仪式成功举行。签约项目总长约410公里，总投资约2018亿元。（澎湃新闻）,深圳将建5条城际铁路   总投资约2018亿
139,2020-03-21 09:41:00,据韩联社消息，韩国报告新增新冠肺炎确诊病例147例，累计确诊病例8799例。,韩国新增新冠肺炎确诊病例147例
140,2020-03-21 09:37:00,据美国《华盛顿邮报》20日报道，美国官员称，情报机构在一月和二月曾多次发出不详的机密警告，称新型冠状病毒可能导致全球危机。然而特朗普总统和议员们却对威胁不予重视，并没有立即采取行动遏制病毒的传播。一位匿名美国官员称，情报机构自一...,美媒：美情报机构1月就对新冠疫情发出警告 特朗普却不予重视
141,2020-03-21 09:35:00,美国迈阿密市20日宣布：所有的海滩酒店和出租房停业，在23日之前清空所有住客，并从24日起从午夜12点到凌晨5点在全市范围内实行宵禁。（央视新闻）,美国迈阿密市宣布宵禁 所有海滩酒店将清空住客
142,2020-03-21 09:27:00,昨天下午，北京市委城市工作委员会召开全体(扩大)会议。会议强调，要全面实施新版城市总体规划，坚决维护规划的严肃性和权威性。坚持高门槛、高质量，规划建设管理好城市副中心。高水平组织编制中心城区和新城街区控规。在立项、规划、投融资、...,北京：在立项、规划、投融资、财税等方面推动街区更新政...
143,2020-03-21 09:23:00,北京市委城市工作委员会召开全体会议，今年要在规划、投融资、财税等方面推动街区更新政策机制创新，推动住房、交通、防灾减灾等重要专项规划编制实施（澎湃新闻）,北京市委城市工作委员会召开全体会议
144,2020-03-21 09:05:00,截至北京时间21日6时43分，全球新冠肺炎确诊病例累计超过27万例，死亡病例超过1.1万例。,全球新冠肺炎确诊病例累计超过27万例
145,2020-03-21 09:00:00,据证监会网站信息披露，首批新基建主题基金已正式上报，包括博时中证新型基础设施建设50交易型开放式指数证券投资基金、南方中证新型基础设施建设50交易型开放式指数证券投资基金等5只产品。业内人士认为，新基建不仅有利于托底经济、助力经济复...,新基建受热捧  主题基金批量上报
146,2020-03-21 08:55:00,中注协3月20日发布上市公司2019年年报审计情况快报（第四期）显示，截至2020年3月17日，29家事务所共为131家上市公司出具了财务报表审计报告。从审计报告意见类型看，2家被出具无法表示意见，为*ST秋林、*ST保千；2家被出具保留意见，为宜通世纪...,上市公司2019年报审计快报：5家被出具非无保留意见
147,2020-03-21 08:54:00,巴拉圭出现首例新冠肺炎死亡病例。,巴拉圭出现首例新冠肺炎死亡病例
148,2020-03-21 08:49:00,沙特财政大臣贾丹当地时间20日晚在一份声明中宣布，政府将实施总价值1200亿沙特里亚尔（约合320 亿美元）的一系列措施，应对新型冠状病毒肺炎疫情对国民经济可能带来的不利影响。措施主要包括对部分外籍常住居民的居住免费延期3个月、允许私营企...,沙特政府采取多种财政保障和税费减免政策应对疫情
149,2020-03-21 08:48:00,3月21日，新西兰卫生部门确认，在过去的24小时内，新西兰新增14例新冠肺炎确诊病例。新西兰的新冠肺炎确诊病例总数达53例，另外还有4例疑似病例。（环球网）,新西兰新增14例新冠肺炎确诊病例  累计确诊53例
150,2020-03-21 08:47:00,20日，在湖北省新型冠状病毒肺炎疫情防控工作指挥部召开的第51场新闻发布会上，湖北省发展和改革委员会主任程用文说，湖北力争让普惠型小微企业的综合融资成本比上年降低1%以上。（中国政府网）,湖北：力争普惠型小微企业的综合融资成本较上年降低1%以上
151,2020-03-21 08:45:00,3月20日，韩国企划财政部表示，受新冠肺炎疫情影响，原定于5月在韩国仁川松岛举行的亚洲开发银行理事会第53届年会将推迟至9月18日―21日举行，举办地不变。韩企划部表示，在新冠肺炎疫情蔓延全球的情况下，各国需要集中力量防止疫情扩散，出于国...,亚洲开发银行理事会第53届年会因疫情推迟
152,2020-03-21 08:39:00,随着5G换机潮将至，手机产业链公司忙碌起来，纷纷募集资金准备扩产。据不完全统计，今年以来，硕贝德、三环集团、信维通信、长盈精密、光弘科技等9家手机产业链公司发布了定增预案或修订定增预案，合计拟募集资金超过188亿元。其中，5G相关项目...,5G换机潮将至 产业链公司忙扩产
153,2020-03-21 08:36:00,当地时间3月20日晚21时，斯洛伐克总理彼得·佩莱格里尼在总统府向总统苏珊娜·恰普托娃递交了内阁集体辞呈并获得批准。恰普托娃感谢本届政府在抗击疫情中所采取的强有力的措施。（环球网）,斯洛伐克内阁集体辞职
154,2020-03-21 08:34:00,美国垃圾债券息差自2009年以来首次突破1000个基点。,美国垃圾债券息差自2009年以来首次突破1000个基点
155,2020-03-21 08:33:00,当地时间20日下午，加拿大不列颠哥伦比亚省当天宣布新增77个病例，累计达到348例，8例死亡。此前，安大略省政府公布该省的病例数目是318例，死亡2例。魁北克省的确诊病例为139例，死亡1例。艾伯塔省20日新增49个病例，增至195个，1例死亡。截至...,加拿大新冠肺炎确诊病例突破1000 死亡12例
156,2020-03-21 08:32:00,美国伊利诺伊州和康涅狄格州20日分别宣布全州居民居家隔离，要求非必要岗位的人员都待在家中不要出门。目前，包括加州和纽约州，美国已经有4个州先后发布了“居家隔离令”，影响到7500万人，即美国人口的近四分之一。（央视新闻）,美国已有4个州宣布居家隔离 影响7500万人
157,2020-03-21 08:31:00,截至3月19日，意大利已有至少14名医生殉职。他们的年龄在57至80岁之间。意大利医护感染新冠肺炎人数已达2629名，占总感染数的8.3%。（晚邮报）,意大利14名医生殉职 感染医护超两千
158,2020-03-21 08:27:00,随着美国新冠疫情的蔓延，航空产业首当其冲受到打击。20日，美国三大航空公司纷纷告急。达美航空公司CEO致信员工表示，公司二季度营收将下降100亿美元，相当于比去年同期暴跌80%，该公司9万名员工中已有1.3万人自愿停薪留职。美联航CEO致信员工...,疫情冲击航空业 美国三大航空公司告急
159,2020-03-21 08:22:00,阿根廷新增新冠肺炎确诊病例30例，累计达158例。,阿根廷新增新冠肺炎确诊病例30例  累计达158例
160,2020-03-21 08:21:00,据外媒最新消息，美国电动车制造商特斯拉公司的掌门人马斯克周五在推特上称，特斯拉和SpaceX的员工正在“研发呼吸机”，尽管他认为这些产品可能派不上用场。（腾讯科技）,马斯克：SpaceX和特斯拉已开始研发呼吸机
161,2020-03-21 08:19:00,巴西国会参议院20日通过巴西政府提交的有关公共灾难状态的法令后，巴西当天进入公共灾难状态。当天，巴西国会参议院首次举行视频会议，表决通过这项法令。由于国会众议院已于18日通过该法令，法令在参议院通过后，巴西直接进入公共灾难状态。该...,巴西进入公共灾难状态
162,2020-03-21 08:16:00,当地时间3月20日深夜， 以色列卫生部宣布，当天晚上21时左右，一位88岁的新冠肺炎患者经全力抢救无效去世。卫生部在声明中说，以色列目前确诊的705例新冠肺炎患者中，有10例病人处于危重状态，15人已康复出院。（央视新闻）,以色列累计确诊705例新冠肺炎病例 死亡1例
163,2020-03-21 08:06:00,厄瓜多尔新冠肺炎确诊病例升至367例。（央视新闻）,厄瓜多尔新冠肺炎确诊病例升至367例
164,2020-03-21 07:56:00,据上海卫健委消息，3月20日0―24时，通过口岸联防联控机制，报告9例境外输入性新冠肺炎确诊病例。截至3月20日24时，累计报告境外输入性确诊病例42例，现有39例境外输入性疑似病例正在排查中。（新京报）,上海新增9例境外输入病例 累计输入42例
165,2020-03-21 07:50:00,美国将派遣高级官员到沙特驻扎数月时间，以期为石油价格战降温。（路透社）,特朗普将派能源特使前往沙特
166,2020-03-21 07:41:00,纽约商品交易所黄金期货市场交投最活跃的4月黄金期价20日比前一交易日上涨5.3美元，收于每盎司1484.6美元，涨幅为0.36%。（上海证券报）,纽约4月金价20日上涨5.3美元
167,2020-03-21 07:40:00,近期海内外市场剧烈震荡，百亿级私募基金却逆势大幅加仓，有部分私募基金经理表示，已进入“越跌越买”模式。此外，多家百亿级私募正积极发行新产品，仅在3月份就备案了多只产品。（上海证券报）,百亿级私募密集备案新产品 逆势大幅提升股票仓位
168,2020-03-21 07:37:00,根据捷克卫生部公布的数据，截至当地时间3月20日下午18点，24小时内捷克新增新冠肺炎确诊病例139例，累计确诊833例。当天新增1例治愈病例，累计治愈4例。无死亡病例。（央视新闻）,捷克新增新冠肺炎确诊病例139例 累计确诊833例
169,2020-03-21 07:34:00,国家卫健委披露，3月20日，湖北新增确诊病例0例（武汉0例），新增治愈出院病例561例（武汉502例），新增死亡病例7例（武汉6例），现有确诊病例5719例（武汉5610例），其中重症病例1927例（武汉1901例）。累计治愈出院病例58942例（武汉41891例）...,国家卫健委：3月20日湖北新增确诊病例0例 连续3天0新增
170,2020-03-21 07:32:00,国家卫健委3月21日披露，3月20日0―24时，31个省（自治区、直辖市）和新疆生产建设兵团报告新增确诊病例41例，新增死亡病例7例（湖北7例），新增疑似病例36例。3月20日0―24时，新增报告境外输入确诊病例41例（北京14例，上海9例，广东7例，福建...,国家卫健委：昨日新增确诊病例41例 均为境外输入
171,2020-03-21 07:26:00,英国卫生和劳动保障部当地时间20号晚间公布，英国新冠肺炎确诊者新增714人，确诊总计3983 人，死亡病患总计177人。（环球网）,英国新冠肺炎确诊者新增714人累计确诊3983人
172,2020-03-21 07:11:00,根据美国疾病控制和预防中心以及各州公共卫生部门的统计，截至美国东部时间3月20日晚6点，全美已报告新冠肺炎确诊病例19027例，死亡233例，治愈147例。其中，3月20日新确诊4776例。（人民日报）,美国新增4776例新冠肺炎 累计确诊升至19027例
173,2020-03-21 07:07:00,世卫组织发布最新一期新冠肺炎每日疫情报告，截至北京时间20日6时59分，全球确诊新冠肺炎234073例(新增24247例)，死亡9840例(新增1061例)。其中欧洲区域病例已超过10万例，累计达到104591例(新增17506例)，死亡4899例（新增816例）。根据世卫实...,世卫组织：全球新冠肺炎累计超过23万例 中国以外超过15万例
174,2020-03-21 07:02:00,美国副总统办公室职员新冠病毒检测呈阳性。据报道，该职员与美国总统特朗普和美国副总统彭斯没有密切接触。,美国副总统办公室职员新冠病毒检测呈阳性
175,2020-03-21 06:28:00,据外媒，德国新冠肺炎确诊病例在过去24小时增加40%至19711例。,德国新冠肺炎确诊病例在过去24小时增加40%至19711例
176,2020-03-21 06:09:00,加拿大阿尔伯塔省新增49例新冠肺炎确诊病例。,加拿大阿尔伯塔省新增49例新冠肺炎确诊病例
177,2020-03-21 06:07:00,【全球要闻】美股大幅收跌，道指跌超900点；苹果跌超6%；美国10年、30年期国债收益率均创11年最大单日跌幅；高盛预计美国第二季GDP将创纪录萎缩24%。,全球要闻：美股大幅收跌 道指跌超900点
178,2020-03-21 05:41:00,美国10年期国债收益率下降29.5个基点，创2009年以来最大单日跌幅。美国30年期国债收益率下降36.8个基点，创2008年以来最大单日跌幅。,美国10年、30年期国债收益率均创11年最大单日跌幅
179,2020-03-21 05:40:00,美国疾控中心：发布三级旅行建议，建议人们避免非必要的旅行，不限制人们进入美国。,美国疾控中心 发布三级旅行建议
180,2020-03-21 04:49:00,巴西新冠肺炎确诊病例增至904例，死亡病例增至11例。,巴西新冠肺炎确诊病例增至904例
181,2020-03-21 04:18:00,美国约翰斯·霍普金斯大学发布的实时统计数据显示，截至美国东部时间20日16时（北京时间21日4时），美国新冠肺炎确诊病例累计16638例，死亡216例。,美国新冠肺炎确诊病例累计16638例
182,2020-03-21 04:16:00,美股周五大幅收跌，股指尾盘跳水，道指收跌逾900点。四种期权产品同日到期使市场剧烈波动。全球新冠病毒感染与致死病例继续增加，各国政府继续出台应对疫情的纾困措施。美联储宣布提高与多国央行的货币互换额度，但市场流动性仍然紧张。,美股收盘：美股震荡收跌 道指跌逾900点
183,2020-03-21 04:15:00,巴西基准股指IBOVESPA创2008年10月以来的最大周度跌幅，同时也创下30年来的第三大周度跌幅。,巴西基准股指IBOVESPA创2008年10月以来的最大周度跌幅
184,2020-03-21 03:56:00,道指尾盘跌超900点。,道指尾盘跌超900点
185,2020-03-21 03:55:00,效力于西甲西班牙人的中国球员武磊确诊感染新冠病毒。（央视新闻）,效力于西甲西班牙人的中国球员武磊确诊感染新冠病毒
186,2020-03-21 03:51:00,苹果尾盘直线跳水，现跌超6%。,苹果尾盘直线跳水 现跌超6%
187,2020-03-21 03:51:00,美股尾盘继续下行，道指跌超4.3%，标普500指数跌4.53%。,美股尾盘继续下行 道指跌超4.3%
188,2020-03-21 03:45:00,谷歌：今年将不会举办I/O网络开发者年会。,谷歌：今年将不会举办I/O网络开发者年会
189,2020-03-21 03:26:00,近期金融市场动荡开始对部分企业构成压力。据CNBC引述消息称，因CME直属结算公司RoninCapital资本未能达到监管要求，CME被迫介入，要引用紧急条例将这间以芝加哥为基地结算公司的资产进行对外拍卖。,芝商所旗下结算公司据报爆仓 资产遭拍卖
190,2020-03-21 03:09:00,意大利推出更严格的应对新冠病毒的限制措施，将关闭所有公园，并称人们只能在家里锻炼。,意大利推出更严格的应对新冠病毒的限制措施
191,2020-03-21 03:05:00,巴西总统博索纳罗称其可能会再次接受新冠病毒检测。,巴西总统博索纳罗称其可能会再次接受新冠病毒检测
192,2020-03-21 03:04:00,墨西哥央行将基准利率下调50个基点至6.5%。,墨西哥央行将基准利率下调50个基点至6.5%
193,2020-03-21 02:59:00,恒指期货夜盘直线跳水，现跌3.82%。,恒指期货夜盘直线跳水
194,2020-03-21 02:55:00,道指和标普500指数均跌超3%，纳指跌超2%。,道指和标普500指数均跌超3%
195,2020-03-21 02:39:00,道指跌超500点，标普500指数跌2.6%，刷新日低。,道指跌超500点 标普500指数跌2.6%
196,2020-03-21 02:39:00,富时中国A50指数期货跌超4%。,富时中国A50指数期货跌超4%
197,2020-03-21 02:32:00,上海黄金交易所黄金T+D 3月21日（周六）晚盘收盘上涨0.28%报337.51元/克；上海黄金交易所白银T+D 3月21日（周六）晚盘收盘上涨1.62%报3076.00元/千克。,黄金T+D晚盘收盘上涨0.28%
198,2020-03-21 02:32:00,法国新冠肺炎确诊病例升至12612例，死亡450例。,法国新冠肺炎确诊病例升至12612例
199,2020-03-21 02:30:00,WTI原油期货近月合约日内跌幅扩大至逾20%，布伦特原油期货跌超5%。,WTI原油期货近月合约日内跌幅扩大至逾20%
200,2020-03-21 02:28:00,美股短线下挫，道指和标普500指数均跌超2%。,美股短线下挫 道指和标普500指数均跌超2%
201,2020-03-21 02:25:00,WTI即月原油期货日内跌幅扩大至15%，布伦特原油期货现跌2.5%。,WTI即月原油期货日内跌幅扩大至15%
202,2020-03-21 02:18:00,美、布两油短线下挫0.5美元，WTI原油跌超7%，报24.16美元/桶；布伦特原油跌超1%，报28.16美元/桶。,美、布两油短线下挫0.5美元
203,2020-03-21 02:17:00,欧盟称欧洲2020年的经济衰退可能与2009年相当。,欧盟称欧洲2020年的经济衰退可能与2009年相当
204,2020-03-21 02:07:00,秘鲁新冠肺炎确诊病例升至263例，死亡病例4例。,秘鲁新冠肺炎确诊病例升至263例
205,2020-03-21 01:56:00,世界卫生组织：我们现在距离获得任何疫苗还有一段时间。,世界卫生组织：我们现在距离获得任何疫苗还有一段时间
206,2020-03-21 01:54:00,波兰总理宣布进入国家紧急状态。,波兰总理宣布进入国家紧急状态
207,2020-03-21 01:53:00,英国报告冠状病毒确诊病例从3269例升至3983例。,"英国报告冠状病毒确诊病例从3,269例升至3,983例"
208,2020-03-21 01:33:00,华盛顿特区报告首例新冠肺炎死亡病例。,华盛顿特区报告首例新冠肺炎死亡病例
209,2020-03-21 01:31:00,美国疾控中心：截至美东时间3月19日16:00，美国报告新冠肺炎病例15268例，此前为10491例，累计死亡病例201例，此前为150例。,美国报告新冠肺炎病例15268例
210,2020-03-21 01:31:00,美国德克萨斯州石油监管方受邀出席六月的欧佩克大会。,美国德克萨斯州石油监管方受邀出席六月的欧佩克大会
211,2020-03-21 01:30:00,英国首相约翰逊周五宣布伦敦封城，要求当地的咖啡厅、酒吧及餐店即日起暂停营业。（CNBC）,英国首相约翰逊周五宣布伦敦封城
212,2020-03-21 01:24:00,瑞典至少有30只固定收益基金暂停赎回。,瑞典至少有30只固定收益基金暂停赎回
213,2020-03-21 01:22:00,美国高级官员：美国能源部计划派遣官员前往沙特，时间至少为数月，以稳定能源市场。,美国高级官员：美国能源部计划派遣官员前往沙特
214,2020-03-21 01:15:00,美、布两油回落，据外媒报价，布伦特原油期货转跌，现报28.12美元/桶；WTI原油期货跌3.7%，报24.95美元/桶。,布伦特原油期货转跌，现报28.12美元/桶
215,2020-03-21 01:11:00,市场消息：欧佩克秘书长巴尔金都和美国德克萨斯州监管机构没有讨论联合减产。,欧佩克秘书长巴尔金都和美国德克萨斯州监管机构没有讨论...
216,2020-03-21 01:09:00,意大利累计新冠肺炎确诊病例从昨日的41035例增至47021例，累计死亡病例从3405例增至4032例。,意大利累计新冠肺炎确诊病例从昨日的41035例增至47021例
217,2020-03-21 01:07:00,美联储计划在下午进行5000亿美元的隔夜回购操作。,美联储计划在下午进行5000亿美元的隔夜回购操作
218,2020-03-21 01:05:00,美国3月20日当周石油钻井数 664，预期 682，前值 683。,美国3月20日当周石油钻井数 664
219,2020-03-21 01:05:00,消息人士：一些美国官员希望沙特能抛弃欧佩克，提议沙特与美国建立伙伴关系以加强美国对油市的掌控，目前该建议尚未获得能源部和白宫的许可，仍面临一些阻碍。,消息称美国希望沙特退出欧佩克
220,2020-03-21 00:46:00,当地时间20日上午，美国总统特朗普在白宫举行发布会，正式宣布关闭美墨边境。特朗普表示，与之前美加达成的协议一样，美墨之间的贸易和商业往来仍将保持，相关的基本工人往来继续，但以旅游为目的的游客将无法跨境。该协议与此前美国与加拿大达...,特朗普宣布关闭美墨边境 21日凌晨开始实施
221,2020-03-21 00:41:00,欧洲斯托克600指数本周跌逾2%，为连续第五周录得周度下跌；欧洲旅游和休闲板块本周累跌逾11%，英国中盘股指数( FTMC )本周跌超13%。,欧洲斯托克600指数本周跌逾2%
222,2020-03-21 00:38:00,原油交易商预计全球原油需求将进一步下降，预计3-4月的原油需求将减少1000-2000万桶/日。,原油交易商预计3-4月的原油需求将减少1000-2000万桶/日
223,2020-03-21 00:37:00,布伦特原油期货转涨后进一步上涨，现涨0.6%，报28.69美元/桶。,布伦特原油期货转涨后进一步上涨，现涨0.6%
224,2020-03-21 00:34:00,自3月21日零时起，对所有从境外（不含港澳台）经广东口岸入境的人员，以及经港澳台地区和省外口岸入境来粤且来粤前14天内有国外旅居史的人员，其目的地为广东的，无论外国公民还是中国公民，均一视同仁，一律实施14天居家或集中隔离医学观察。集...,3月21日零时起 境外入粤人员一律自费隔离14天
225,2020-03-21 00:33:00,美国财长努钦：共和党的刺激法案规模太小，希望实施更宽泛的现金发放。,美国财长努钦：希望实施更宽泛的现金发放
226,2020-03-21 00:28:00,市场消息：特朗普称已经启动国防生产法，当前并未考虑进行全国性的封锁。,特朗普称已经启动国防生产法
227,2020-03-21 00:27:00,美股下行，标普500指数跌超2%，道指跌超300点。,美股下行 标普500指数跌超2%
228,2020-03-21 00:26:00,美国德克萨斯州油气专员：德克萨斯州应该考虑为石油企业减产，德州与特朗普政府就石油减产进行了对话，如果沙特和俄罗斯同意限制原油产量，德克萨斯州也可以考虑减少10%的石油产量。,美国德克萨斯州油气专员：德克萨斯州应该考虑为石油企业减产
229,2020-03-21 00:23:00,美股三大股指均跌超1%，标普500指数跌1.66%。,美股三大股指均跌超1%
230,2020-03-21 00:08:00,恒指期货夜盘跌幅扩大至2.68%。,恒指期货夜盘跌幅扩大至2.68%
231,2020-03-21 00:08:00,富时中国A50期货跌超3%。,富时中国A50期货跌超3%
232,2020-03-21 00:06:00,美股三大股指全部由涨转跌，纳指回吐近3%的涨幅，标普500指数跌幅扩大至1%。,美股三大股指全部由涨转跌 纳指回吐近3%的涨幅
233,2020-03-21 00:04:00,美、布两油短线拉升超0.7美元，现分别报24.43美元/桶和27.94美元/桶。,美、布两油短线拉升超0.7美元
234,2020-03-21 00:03:00,伊万卡·特朗普新冠病毒检测称阴性。（国会山报）,伊万卡·特朗普新冠病毒检测称阴性
235,2020-03-21 00:01:00,消息人士称，欧佩克和美国石油监管机构讨论油价暴跌。欧佩克秘书长巴尔金都与美国页岩油企业以及美国能源外交官员进行对话，美国页岩油企业向欧佩克抱怨油价的下跌。,欧佩克和美国石油监管机构讨论油价暴跌
236,2020-03-20 23:57:00,特朗普称，正在与加拿大和墨西哥合作以阻止新冠病毒（传播）。,特朗普：正在与加拿大和墨西哥合作以阻止新冠病毒
237,2020-03-20 23:55:00,巴西参议院通过了应对新冠肺炎的灾难法令。,巴西参议院通过了应对新冠肺炎的灾难法令
238,2020-03-20 23:47:00,德国新冠肺炎确诊病例累计达18607例，前一日为15218例。,德国新冠肺炎确诊病例累计达18607例
239,2020-03-20 23:46:00,WTI原油期货日内跌幅超10%。,WTI原油期货日内跌幅超10%
240,2020-03-20 23:45:00,美国军方：约2600名驻欧美军人员处于自我隔离状态。,美国军方：约2600名驻欧美军人员处于自我隔离状态
241,2020-03-20 23:45:00,当地时间20日，加拿大安大略省政府网站公布了该省最新的新冠病毒感染病例数目，为306人。这一数字也使得加拿大的确诊和初诊病例增加到923例，累计死亡12例。,加拿大的确诊和初诊病例增加到923例
242,2020-03-20 23:37:00,美国约翰斯·霍普金斯大学发布的实时统计数据显示，截至北京时间20日23时13分，全球新冠肺炎病例数超25万。,全球新冠肺炎病例数超25万
243,2020-03-20 23:36:00,罗马尼亚央行将关键利率降至2%。,罗马尼亚央行将关键利率降至2%
244,2020-03-20 23:36:00,阿根廷Merval股指大涨11%。,阿根廷Merval股指大涨11%
245,2020-03-20 23:30:00,美国纽约州新冠肺炎确诊病例新增2950例，至7102例，死亡病例新增35例。,美国纽约州新冠肺炎确诊病例新增2950例
246,2020-03-20 23:28:00,纽约联储Nowcast模型：预计美国第一季度GDP增速为0.1%，此前预计为1.1%。,纽约联储Nowcast模型：预计美国第一季度GDP增速为0.1%
247,2020-03-20 23:25:00,道指转跌，标普500指数跌幅扩大至0.6%。,道指转跌 标普500指数跌幅扩大至0.6%
248,2020-03-20 23:22:00,标普500指数转跌，此前一度涨1.7%。,标普500指数转跌，此前一度涨1.7%
249,2020-03-20 23:20:00,欧洲央行紧急债券购买计划的启动有待最终细节的公布。,欧洲央行紧急债券购买计划的启动有待最终细节的公布
250,2020-03-20 23:20:00,伦敦的酒吧，餐馆和电影院将被通知关闭。,伦敦的酒吧 餐馆和电影院将被通知关闭
251,2020-03-20 23:15:00,高盛集团预计2020年美国GDP收缩3.8％。,高盛：预计2020年美国GDP萎缩3.8%
252,2020-03-20 23:15:00,蔚来汽车盘中一度涨超10%，现涨8.2%，报2.575美元。,蔚来汽车盘中一度涨超10%
253,2020-03-20 23:14:00,在受影响最严重的意大利伦巴第地区，冠状病毒死亡人数在过去24小时内上升了约380人，达到约2550人。,意大利伦巴第地区死亡人数在过去24小时内增加380人
254,2020-03-20 23:12:00,波音表现反复，现倒升近5%，今年迄今股价已累跌近70%。,波音表现反复，现倒升近5%
255,2020-03-20 23:06:00,欧洲央行：启动3月12日宣布的资本和操作性救助措施，2020年的资本救助总额为1200亿欧元。,欧洲央行：启动3月12日宣布的资本和操作性救助措施
256,2020-03-20 23:02:00,据CNBC报道，美联储宣布扩大货币市场便利，包括购买市政债券。随后美股涨幅扩大，道指反弹涨逾400点，涨幅达2%，纳指涨近3%，标普500指数涨逾1%。,美联储调整货币市场贷款机制，将市政债务纳入其中
257,2020-03-20 22:59:00,道指低位反弹，现涨逾2%，纳指涨约2.8%，标普500指数涨约1.8%。,道指低位反弹 现涨逾2%
258,2020-03-20 22:57:00,3月20日，深圳金融监管局官网又发布了《关于疫情期间调整商业保理行业部分监管要求的通知》。据悉，本次可适当调整的监管指标包括杠杆比率、风险准备金计提比率等5项；同时，经深圳金融监管局的审核同意，合规的商业保理公司可通过前海金融资产...,深圳金融监管局：适度放宽商业保理杠杆比率等监管要求
259,2020-03-20 22:57:00,特斯拉涨超10%，报470.4美元，此前已连跌六个交易日。,特斯拉涨超10%，报470.4美元
260,2020-03-20 22:53:00,3月20日，英国传染病流行病学专家尼尔·弗格森称自己确诊。弗格森及其团队曾根据模型发现政府“延缓”政策将造成25万人死亡。他曾在1月17日就估算武汉确诊病例接近1700例，其估算的数字系根据中国输入到其他国家的病例数反推得出。（环球时报）,英国传染病流行病学专家弗格森确诊：曾根据模型预测“群...
261,2020-03-20 22:42:00,波音短线下跌，日内转跌，目前下跌2.5%，盘初一度涨4%。该股此前已经连跌4日，且此前已经连续下跌4周，年内涨幅超过70%。,波音转跌，年内累跌超70%
262,2020-03-20 22:38:00,3月20日，据俄新冠疫情防控指挥部消息，过去24小时，俄罗斯9个地区共新增54例新冠肺炎确诊病例，包括莫斯科33例，萨哈（雅库特）共和国6例，圣彼得堡4例等。截至目前，俄罗斯累计确诊人数达到253人。新增患者近两周有国外疫情区旅行史。全俄目前...,俄罗斯新增54例新冠肺炎确诊病例 累计确诊253例
263,2020-03-20 22:33:00,中煤能源发布公告称，2019年度实现营业收入1292.94亿元，同比增长24.2%；净利56.26亿元，同比增长67.8%。其中，第四季度实现营业收入350.55亿元，亏损1.35亿元。,中煤能源：2019年度净利56.26亿元，同比增长67.8%
264,2020-03-20 22:17:00,中迪投资3月20日晚间公告，为优化公司资产结构，盘活公司闲置资产，公司拟将北京市丰台区海鹰路1号院6号楼五层的房产以1500万元的价格出售给中交睿达。本次交易预计产生约900-1000万元左右的企业所得税税前收益。,中迪投资：拟1500万元出售北京房产
265,2020-03-20 22:17:00,泰国央行降息25个基点至0.75%。,泰国央行降息25个基点至0.75%
266,2020-03-20 22:15:00,据CNBC报道，美国财长努钦表示，美国国税局将报税截止日期推迟至7月15日，此前为4月15日。,美国国税局将报税截止日期推迟至7月15日
267,2020-03-20 22:13:00,机构评美国2月成屋销售总数年化数据：美国2月房屋销售飙升至13年高位，数据反映的是美国1-2月初签订的合同情况，当时新冠病毒尚未席卷美国。目前来看，楼市复苏可能因新冠病毒疫情而止步，疫情引发了一波裁员潮，令经济濒临衰退。,美国2月房屋销售飙升至13年高位
268,2020-03-20 22:05:00,欧洲央行和其他主要国家的央行进行的7天期美元操作频率从每周提高至每天。,欧洲央行和其他主要国家的央行进行的7天期美元操作频率提高
269,2020-03-20 22:03:00,中房股份：忠旺集团拟作价305亿元借壳上市，股票复牌。,中房股份：忠旺集团拟作价305亿元借壳上市
270,2020-03-20 22:03:00,中房股份：忠旺集团拟作价305亿元借壳上市，股票复牌。,中房股份：忠旺集团拟作价305亿元借壳上市 股票复牌 
271,2020-03-20 22:01:00,监管部门近期对于可转债市场异动进行了深度调研。知情人士透露：监管部门主要关注两个层面的信息。一个是否存在通过滥用制度操控市场从中渔利的行为，其次是上市公司有无参与其中。（上证报）,监管部门近期对于可转债市场异动进行了深度调研
272,2020-03-20 21:59:00,3月20日，《关于修改〈上市公司重大资产重组管理办法〉的决定》正式发布，明确上市公司发行股份购买资产（包括重组上市）等重大资产重组活动中，标的资产财务资料隐瞒重要事实或者编造重大虚假内容的，也应认定为欺诈发行，从而将此前颇受争议的...,重组上市造假纳入欺诈发行 不仅巨额罚款 或将一退到底
273,2020-03-20 21:47:00,纳米比亚央行将基准利率调降100个基点至5.25%。,纳米比亚央行将基准利率调降至5.25%
274,2020-03-20 21:47:00,国际油价持续下挫，布伦特原油跌超3%，报27.36美元/桶；WTI原油跌2.14%，报24.42美元/桶。,国际油价持续下挫 布伦特原油跌超3%
275,2020-03-20 21:41:00,美股迅速走低，标普500指数与道指转跌；富时中国A50指数期货跌逾2%。,美股迅速走低 富时中国A50指数期货跌逾2%
276,2020-03-20 21:40:00,美股抗疫概念股普遍走低，Moderna停牌，辉瑞（PFE.N）跌2.8%，BioNtech跌10.2%，联合保健产品跌17.6%，莱斯康制药跌超20%。,美股抗疫概念股普遍走低
277,2020-03-20 21:40:00,美股迅速走低，标普500指数转跌，道指现涨0.13%，纳指涨1.26%。,美股迅速走低
278,2020-03-20 21:37:00,特斯拉（TSLA.O）涨幅扩大近5%，现报447.9美元。,特斯拉涨幅扩大近5%
279,2020-03-20 21:35:00,美国国务院：美国暂停所有常规签证服务。（法新社）,美国国务院：美国暂停所有常规签证服务
280,2020-03-20 21:30:00,美股小幅高开，道指涨160点；国际油价临近开盘加速回落，收回日内涨幅；2020年首个“四巫日”今晚到来，市场恐再启巨震模式。,美股开盘：美股小幅高开 道指涨160点
281,2020-03-20 21:26:00,为做好新《证券法》的贯彻落实工作，证监会于近日发布了《关于修改部分证券期货规章的决定》《关于修改部分证券期货规范性文件的决定》，对13部规章、29部规范性文件的部分条款予以修改。,证监会集中“打包”修改证券期货规章、规范性文件
282,2020-03-20 21:24:00,近日，美国股市大幅震荡引起全球关注。康奈尔大学金融学的终身教授黄明建议，普通投资者要关注风险，而不是一味追求回报，否则大势不好，就是亏损。现在这个时候保本更重要。一些专业的投资人在风险大的时候很谨慎，关注“仓位”，关注他暴露在...,股市动荡时期 专家建议股民保本更重要
283,2020-03-20 21:14:00,翰宇药业3月20日晚间公告，近日，公司全资子公司成纪药业的防护和医用口罩产品获得了欧盟CE认证，表明相关产品取得了海外销售资质，有利于进一步增强公司及子公司的国际综合竞争力。近期公司也陆续接到来自北美、欧盟以及东南亚多个地区客户的询...,翰宇药业：口罩产品获欧盟CE认证 接到北美、欧盟等地客户...
284,2020-03-20 21:05:00,为了稳定汽车产业，广州出台新政策，从提振新能源汽车消费、鼓励汽车加快更新换代、营造汽车消费环境三个方面，提出购车补贴、竞价奖励、新增巡游出租车指标和优化中小客车指标调控政策等措施。（央广网）,广州出台新政支持汽车产业持续健康发展
285,2020-03-20 21:01:00,荷兰报告新增新冠肺炎确诊病例534例，累计确诊病例2994例。荷兰报告新增新冠肺炎确诊病例534例,荷兰报告新增新冠肺炎确诊病例534例
286,2020-03-20 21:01:00,北新建材发布公告称，2019年度实现营业收入133.23亿元，同比增长6.03%；净利4.41亿元，同比下降82.11%。其中，第四季度实现营业收入35.06亿元，净利4.52亿元。,北新建材：2019年度净利4.41亿元，同比下降82.11%
287,2020-03-20 20:49:00,贵州茅台3月20日晚间公告，董事会会议选举高卫东为公司第二届董事会董事长、战略委员会主任委员、审计委员会委员。,贵州茅台：高卫东当选公司董事长
288,2020-03-20 20:49:00,3月20日，茅台集团召开“智慧茅台”功能需求咨询项目专题会，会上，华为中国政企ICT规划和咨询部首席专家厉征介绍了相关工作方案。李静仁指出，希望通过本次咨询，双方能够推动华为经验与茅台特色的成功融合和无缝对接，共同推动茅台这个中国传...,茅台华为强强联合 推动“智慧茅台”建设
289,2020-03-20 20:47:00,2019年全年，互联网和电话销售财产保险保费收入为1126.61亿元，同比增长 9.08%。其中，车险保费收入为529.61亿元，同比下滑22.03%，占比为47.01%；非车险保费收入597.01亿元，同比增长68.82%，占比为52.99%。（上证报）,2019年互联网和电话财险保费收入同比增长9.08%
290,2020-03-20 20:46:00,惠伦晶体公告，持股5%以上股东一致行动人之股东陈俊岭先生拟减持不超过0.89%。,惠伦晶体：持股5%以上股东一致行动人拟减持不超过0.89%
291,2020-03-20 20:41:00,国际油价加速回落，WTI原油日内转跌，现跌1%至25.68美元/桶；布油跌幅缩窄至0.46%，现报28.60美元/桶。,国际油价加速回落 WTI原油日内转跌
292,2020-03-20 20:35:00,证监会有关部门负责人表示，为了使再融资制度不断适应资本市场改革发展的需要，证监会对再融资制度部分条款进行调整，并于2月14日正式发布实施。本次再融资制度部分条款调整，并不是放松了再融资的监管要求。（中证网）,证监会：并未放松再融资监管要求
293,2020-03-20 20:31:00,美股股指期货缩窄涨幅，标普500指数期货涨幅缩窄至不足1%，道指期货涨1.5%，纳指期货涨2.66%。,美股股指期货缩窄涨幅
294,2020-03-20 20:24:00,证监会有关负责人指出，《实施细则》第七条所称战略投资者，是指具有同行业或相关行业较强的重要战略性资源，与上市公司谋求双方协调互补的长期共同战略利益，愿意长期持有上市公司较大比例股份。,证监会明确关于战略投资者的基本要求
295,2020-03-20 20:23:00,锦浪科技(300763)3月20日晚间公告，合计持股12.35%的股东东元创投及其一致行动人华桐恒德计划15个交易日后的6个月内，通过集中竞价方式合计减持不超过160.00万股（占公司总股本的2%）。,锦浪科技：股东拟合计减持不超2%股份
296,2020-03-20 20:20:00,农业农村部召开夏粮主产省田管和东北春耕推进落实视频会议强调，抓紧抓实抓细春管春耕 全力夺取夏粮丰收夯实全年粮食生产基础。,农业农村部：抓紧抓实抓细春管春耕
297,2020-03-20 20:19:00,截至北京时间3月20日12时，除中国外，171个国家和地区累计确诊161783例新冠肺炎，“钻石公主”号邮轮712例。中国以外6个国家新冠肺炎超万例。（人民日报）,中国以外累计确诊162495例新冠肺炎，6个国家过万
298,2020-03-20 20:18:00,今天《新闻联播》的主要内容有：1、习近平同俄罗斯总统通电话。2、李克强强调在精准防控疫情的同时积极有序推进复工复产 稳住和支持市场主体增强经济回升动力。3、李克强对统筹推进疫情防控和稳就业工作电视电话会议作出重要批示强调 千方百计加...,3月20日周五《新闻联播》要闻精选9条
299,2020-03-20 20:06:00,海螺型材发布公告称，2019年度实现营业收入36.14亿元，同比增长16.95%；净利1160.03万元，同比增长19.56%。其中，第四季度实现营业收入9.12亿元，亏损990.48万元。,海螺型材：2019年度净利1160.03万元，同比增长19.56%
300,2020-03-20 20:04:00,紫金矿业发布公告称，2019年度实现营业收入1360.98亿元，同比增长28.4%；净利42.84亿元，同比增长4.65%。其中，第四季度实现营业收入344.71亿元，净利12.78亿元。,紫金矿业：2019年度净利42.84亿元，同比增长4.65%
301,2020-03-20 19:55:00,苏州调整人才落户政策，有来苏就业意愿并符合以下条件之一的人员，在人事档案转入后可申请办理落户：在国（境）外取得学士及以上学位并取得国家教育部学历学位认证的留学人员；（二）具有全日制本科学历及学士学位以上人员；（三）具有高级专业...,苏州调整人才落户政策 5月1日起执行
302,2020-03-20 19:53:00,巴林卫生部当地时间19日下午发布通告，显示巴林境内新增16例新冠肺炎确诊病例。至此，巴林境内累计已发现285例新冠肺炎确诊病例，其中110名患者已经痊愈出院，1名患者因病重不幸去世。174名患者仍在医院接受治疗，其中3名患者病情较重，其余患者...,巴林新增16例新冠肺炎确诊病例 累计确诊285例
303,2020-03-20 19:52:00,国务院总理李克强：中小微企业是吸纳就业的主体，是保证产业链供应链畅通的重要环节，有关部门要抓紧采取措施，推动大中小企业协同复工复产、各类要素跨区域跨行业顺畅流动。听到中小微企业资金压力大、有的支持政策还没落到位，李克强要求有关...,李克强：中小微企业是吸纳就业的主体
304,2020-03-20 19:51:00,李克强考察疫情防控与生活物资保障服务平台、国务院复工复产推进工作机制和宏观政策协调机制时强调，在精准防控疫情的同时积极有序推进复工复产，稳住和支持市场主体增强经济回升动力。,李克强考察疫情防控与生活物资保障服务平台
305,2020-03-20 19:45:00,证监会：在近期境外新冠疫情发展、全球金融市场大幅波动的情况下，A股市场运行有序、显示韧性，为本轮提升纳入比例创造了良好条件。本次纳入的顺利实施，也体现了国际投资者对A股长期投资价值和对中国经济高质量发展的信心。,证监会就富时罗素提升A股纳入因子答记者问
306,2020-03-20 19:45:00,盘前美股股指期货大涨，纳指期货一度涨近5%，触及交易限制；银行股、科技股盘前全线上涨；高盛称本周美国首次申请失业救济人数可能超过200万；特斯拉：现有资金足够顺利度过一段漫长不确定时期。,美股盘前必读：美股股指期货大涨 科技股盘前全线反弹
307,2020-03-20 19:43:00,为进一步贯彻落实党中央国务院关于科创板建设的部署要求，落实科创定位，更好地支持和鼓励“硬科技”企业在科创板上市，加速科技成果向现实生产力转化，促进经济发展向创新驱动转型，根据《关于在上海证券交易所设立科创板并试点注册制的实施意...,证监会发布科创板科创属性评价指标体系
308,2020-03-20 19:24:00,洁美科技：5G技术应用加速落地，一季度净利同比预增120%～170%；普利特：2019年净利润同比增长128%，拟10转3送3派1等。,3月20日晚间公告集锦：宝胜股份正式进入中国商飞合格供应...
309,2020-03-20 19:22:00,中核科技公告，公司拟投资设立全资子公司中核苏阀检测技术（苏州）有限公司，注册资金为1000万元，持股比例100%。公司投资设立检测子公司，将拓宽公司服务领域，使公司在现有业务基础上进一步完善产业链的布局，为公司提供新的利润增长点。,中核科技：拟投资1000万元设立检测子公司
310,2020-03-20 19:18:00,伊泰 B 股发布公告称，2019年度实现营业收入409.29亿元，同比增长4.45%；净利37.89亿元，同比下降8.39%。其中，第四季度实现营业收入100.38亿元，净利9.25亿元。,伊泰 B 股：2019年度净利37.89亿元，同比下降8.39%
311,2020-03-20 19:18:00,近日，证监会按法定程序核准了以下企业的首发申请：浙江越剑智能装备股份有限公司，深圳市华盛昌科技实业股份有限公司，南京市测绘勘察研究院股份有限公司。上述企业及其承销商将分别与交易所协商确定发行日程，并陆续刊登招股文件。,证监会核发3家企业IPO批文 未披露筹资金额
312,2020-03-20 19:17:00,财政部消息，对参加一线疫情防控的医务人员和防疫工作者，按照风险程度等因素，分别给予每人每天300元、200元补助，补助资金由中央财政全额负担。此外，中央应对新型冠状病毒感染肺炎疫情工作领导小组印发的《关于全面落实进一步保护关心爱护医...,财政部：湖北省一线医务人员临时性工作补助标准提高1倍
313,2020-03-20 19:16:00,证监会公告，上海罗曼照明科技股份有限公司、北京交大思诺科技股份有限公司、江苏图南合金股份有限公司、南京科思化学股份有限公司首发事项定于3月26日上会。,证监会：4家企业首发3月26日上会
314,2020-03-20 19:16:00,近日，交通运输部物流保障办公室收到工业和信息化部原材料工业司转来的湖北宜化集团有限责任公司运输需求――20万吨磷矿石需在金沙江向家坝水电站公路翻坝运输后装船运至湖北省宜昌、荆州等地。目前每天可完成6000-6500吨磷矿石的翻坝运输，截至...,交通运输部：化肥生产原料告急，急运20万吨磷矿石翻坝支...
315,2020-03-20 19:14:00,国务院联防联控机制定于3月23日（星期一）10时举行新闻发布会，请国家发展改革委副秘书长高杲、国家市场监督管理总局副局长孙梅君介绍深化“放管服”改革、推进“互联网+”行动、促进“双创”支持扩大就业有关情况并答记者问。,预告：国务院联防联控机制下周一介绍推进“互联网+”行动...
316,2020-03-20 19:05:00,深交所：本周对近期涨跌幅和换手率异常的“新天转债”“横河转债”“模塑转债”持续进行重点监控，并及时采取监管措施。,深交所：对“新天转债”“横河转债”“模塑转债”持续进...
317,2020-03-20 18:59:00,光韵达3月20日晚间公告，公司拟出资3000万元认购如皋敦汇中凯股权投资中心（有限合伙）（简称“产业基金”）的基金份额。该产业基金认缴出资总额为1亿元，主要围绕激光与智能制造行业，重点布局高端装备，工业互联及AI，5G产业链，半导体产业链...,光韵达：拟出资3000万元参与投资产业基金
318,2020-03-20 18:59:00,大商所：经研究决定，自2020年3月23日（星期一）结算时起，将乙二醇期货合约的涨跌停板幅度和交易保证金水平分别调整为9%和11%；将聚乙烯、聚丙烯期货合约的涨跌停板幅度和交易保证金水平分别调整为6%和7%。,大商所：乙二醇期货合约涨跌停板幅度调整为9%
319,2020-03-20 18:58:00,新加坡报告新增新冠肺炎确诊病例40例，其中30例为输入性病例。,新加坡报告新增新冠肺炎确诊病例40例
320,2020-03-20 18:55:00,全国中小企业股份转让系统：适当放宽挂牌申报项目财务报表的剩余有效期。即日起至疫情结束的下一个月末，挂牌申报项目财务报表剩余有效期由“至少剩余2个月”调整为“至少剩余1个月”。,全国股转公司适当放宽疫情期间挂牌审查有关时限要求
321,2020-03-20 18:54:00,近日，中国移动、中国电信首次官方公布了5G套餐用户数。截止2020年2月底，中国移动5G用户数为1539.9万，当月净增866.3万，中国电信5G用户数为517万，当月净增474万，两家合计2056.9万。中国联通尚未公布2月份运营数据，相信也会首次加入5G用户。...,移动、电信第一次公布5G用户数
322,2020-03-20 18:52:00,西班牙报告新冠肺炎确诊病例累计达19980例，累计死亡1002例。,西班牙报告新冠肺炎确诊病例累计达19980例
323,2020-03-20 18:52:00,宁夏建材发布公告称，2019年度实现营业收入47.9亿元，同比增长14.79%；净利7.69亿元，同比增长79.53%。其中，第四季度实现营业收入11.6亿元，净利1.6亿元。,宁夏建材：2019年度净利7.69亿元，同比增长79.53%
324,2020-03-20 18:52:00,江中药业发布公告称，2019年度实现营业收入24.49亿元，同比增长39.55%；净利4.64亿元，同比下降1.41%。其中，第四季度实现营业收入7.46亿元，净利8196.14万元。,江中药业：2019年度净利4.64亿元，同比下降1.41%
325,2020-03-20 18:50:00,本周，沪市发生拉抬打压股价、虚假申报等共46起证券异常交易行为，上交所对此采取了书面警示等自律监管措施；将可转债交易情况纳入重点监控，对影响市场正常交易秩序、误导投资者交易决策的异常交易行为及时实施自律监管。此外，加强对涉嫌操纵...,上交所：本周沪市发生拉抬打压股价等46起证券异常交易行为
326,2020-03-20 18:47:00,招商银行3月20日晚间披露年报，公司2019年实现营业收入2697.03亿元，同比增长8.51%；净利润928.67亿元，同比增长15.28%。每股收益3.59元。公司拟每股现金分红1.20元。,招商银行：2019年全年实现净利润同比增长15.28％
327,2020-03-20 18:47:00,通知要求，各地财政、商务主管部门要进一步加强沟通配合，抓紧安排已下达的2020年专项资金，结合本地疫情防控和经济社会发展具体情况，制定修订资金使用细则，建立完善项目储备库，统筹盘活结余资金，加快资金执行，加强监督管理，有效防范风险...,商务部办公厅、财政部办公厅印发关于用好内外贸专项资金...
328,2020-03-20 18:46:00,华侨城A3月20日晚间公告，拟回购公司股份，拟回购数量不超过2.46亿股且不低于1.23亿股；回购价格不超过8元/股；按照回购数量上限2.46亿股和回购价格上限8元/股的条件下测算，预计回购金额不超过19.69亿元。,华侨城A：拟回购1.23亿股至2.46亿股
329,2020-03-20 18:37:00,盾安环境发布公告称，2019年度实现营业收入91.04亿元，同比下降3.15%；净利1.31亿元，扭亏为盈，上年亏损21.67亿元。其中，第四季度实现营业收入23.74亿元，亏损3.77亿元。,盾安环境：2019年度净利1.31亿元，扭亏为盈，上年亏损21....
330,2020-03-20 18:33:00,《监管指引》分三个部分：第一部分规定了股权激励的对象、激励方式、定价方式、股票来源、条件、必备内容和各方权利义务安排，对绩效考核指标、分期行权、信息披露以及实施程序等进行规定。其中，股权激励的方式主要是限制性股票和股票期权，股...,证监会就《非上市公众公司监管指引第X号――股权激励和员...
331,2020-03-20 18:31:00,华大基因公告，合计持股9.51%的股东和玉高林和高林同创拟减持不超过1%。,华大基因：合计持股9.51%的股东和玉高林和高林同创拟减持...
332,2020-03-20 18:31:00,3月20日，证监会召开2020年系统全面从严治党暨纪检监察工作会议，总结2019年系统全面从严治党和纪检监察工作，分析面临的形势，部署2020年重点任务。党委书记、主席易会满作讲话，中央纪委国家监委驻证监会纪检监察组组长、党委委员樊大志主持会...,证监会召开系统全面从严治党暨纪检监察工作会议
333,2020-03-20 18:30:00,俄罗斯央行维持基准利率在6.00%不变，符合市场预期。,俄罗斯央行维持基准利率在6.00%不变
334,2020-03-20 18:29:00,截至西班牙时间3月20日11时，新冠肺炎全国确诊数据增至18077例，死亡833例。首都马德里最为严重，达到6777例。（央视新闻）,西班牙新冠肺炎全国确诊数据增至18077例
335,2020-03-20 18:26:00,尔康制药3月20日晚间公告，拟回购公司股份用于实施员工持股计划或股权激励计划。本次回购股份的数量为1200万股（占总股本0.5818%）～2000万股（占总股本0.9696%），回购金额不超过1.34亿元。,尔康制药：拟回购公司1200万股～2000万股
336,2020-03-20 18:25:00,李克强对统筹推进疫情防控和稳就业工作电视电话会议作出重要批示强调，千方百计加快恢复和稳定就业，为就业创业、灵活就业提供更多机会。,李克强对统筹推进疫情防控和稳就业工作电视电话会议作出...
337,2020-03-20 18:17:00,今日，金融委办公室地方协调机制（深圳市）正式成立。据悉，下一步，深圳协调机制将逐步完善各项工作制度和规则，加强统筹协调，发挥工作合力，重点督促落实金融支持疫情防控和复工复产各项工作要求，坚决打赢防范化解重大金融风险攻坚战，促进...,金融委办公室地方协调机制（深圳市）成立
338,2020-03-20 18:15:00,祥鑫科技(002965)3月20日晚间披露年报，公司2019年实现营业收入15.97亿元，同比增长8.07%；净利润1.51亿元，同比增长7.36%。基本每股收益1.27元。公司拟向全体股东每10股派发现金红利3.1元（含税）。,祥鑫科技：2019年净利同比增7% 拟10派3.1元
339,2020-03-20 18:14:00,高盛分析30个州的初步报告后认为，本周美国首次申请失业救济人数可能激增至创纪录的225万。由于疫情防控措施使得许多企业关门，美国劳工部周四发布的数据显示，截至上周六的一周，首次申请失业救济人数已经增加7万人，达到28.1万人。这是自2012...,高盛称本周美国首次申请失业救济人数可能超过200万
340,2020-03-20 18:14:00,伊朗报告新冠肺炎确诊病例累计达19644例。,伊朗报告新冠肺炎确诊病例累计达19644例
341,2020-03-20 18:10:00,民生控股发布公告称，2019年度实现营业收入8257.01万元，同比增长2.43%；净利2839.75万元，同比增长42.11%。其中，第四季度实现营业收入2169.55万元，亏损126.02万元。,民生控股：2019年度净利2839.75万元，同比增长42.11%
342,2020-03-20 18:10:00,3月20日，记者从上交所获悉，德马科技、奥特维两家企业同时提交注册，正式启动注册程序。（上海证券报）,德马科技、奥特维科创板IPO提交注册
343,2020-03-20 18:02:00,驰宏锌锗3月20日晚间披露年报，公司2019年实现营业收入164.03亿元，同比下降13.44%；净利润7.77亿元，同比增长24.78%。每股收益0.15元。公司拟每10股派发现金红利1.2元。,驰宏锌锗：2019年净利7.77亿元 同比增25%
344,2020-03-20 18:01:00,新华社评论文章指出，近期，我国推出19条“硬核”举措促进消费扩容提质，其中“稳定和增加居民财产性收入”备受关注。各方期待，一个更加稳健的资本市场在人们的“钱袋子”中扮演更重要角色。,新华社：提高居民财产性收入需要更加稳健的资本市场
345,2020-03-20 17:57:00,本周将可转债交易情况纳入重点监控，对影响市场正常交易秩序、误导投资者交易决策的异常交易行为及时实施自律监管。,上交所：将可转债交易情况纳入重点监控
346,2020-03-20 17:52:00,克里姆林宫发言人佩斯科夫：俄罗斯没有和任何人打原油价格战。,克里姆林宫发言人：俄罗斯没有和任何人打原油价格战
347,2020-03-20 17:50:00,3月20日上午，国内龙头券商中信证券股份有限公司线上举办了2019年业绩发布会。关于实际减持中信建投证券的股份数量，中信证券总经理杨明辉表示，实际减持4400万股，未来短期内没有减持计划。（澎湃）,中信证券：短期内无减持中信建投计划 在做基金投顾资格申请
348,2020-03-20 17:47:00,世界最大原油交易商维多能源集团研究主管：随着更多欧洲国家进入封锁状态，原油需求可能降低逾10%。,世界最大原油交易商维多能源集团：原油需求可能降低逾10%
349,2020-03-20 17:42:00,李克强3月20日考察国务院复工复产推进工作机制时强调，要想尽一切办法让中小微企业和个体户生存下来。当前，我们出台财税金融等宏观政策，都要着力为中小微企业和个体户“供氧”“输血”，要想尽一切办法让他们生存下来。,李克强：要想尽一切办法让中小微企业和个体户生存下来
350,2020-03-20 17:37:00,成立三月有余的国家石油天然气管网集团有限公司注册了第一家子公司。查询国家企业信用信息公示系统数据获悉，3月18日，北京燕祉商务服务有限公司注册成立。该公司由国家油气管网公司100%持股，注册资本为1000万元。,国家油气管网公司第一家子公司注册成立
351,2020-03-20 17:34:00,根据本地区划分的低风险、中风险、高风险等级，差异化推进医疗服务恢复工作。低风险地区尽快全面恢复医疗服务，门急诊、住院、手术、检验检查等工作要全面向患者提供，不得以疫情防控为由，暂停医疗服务。中风险地区尽快稳妥有序恢复医疗服务，...,国家卫健委发布关于进一步推进分区分级恢复正常医疗服务...
352,2020-03-20 17:34:00,透景生命3月20日晚间公告，股东荣振投资此前披露的减持计划已实施完成，累计减持181.63万股，占公司目前总股本的2.00%。荣振投资计划15个交易日后的3个月内继续减持不超过181.63万股（占公司总股本的2.00%）。,透景生命：股东拟继续减持不超2%股份
353,2020-03-20 17:33:00,根据德国疾病防控机构罗伯特·科赫研究所最新公布的数据显示，截至当地时间3月20日0时，德国共确诊13957例新冠病毒肺炎感染病例，其中死亡病例31例。据德媒报道，已有多位德国州长呼吁施行“封城”措施，德国总理默克尔与各州州长将于周日商讨是...,德国新冠肺炎累计确诊13957例 德国周日将商讨是否封城
354,2020-03-20 17:33:00,大东海A发布公告称，2019年度实现营业收入2593.54万元，同比下降12.13%；净利75.67万元，同比增长15.83%。其中，第四季度实现营业收入804.29万元，净利115.56万元。,大东海A：2019年度净利75.67万元，同比增长15.83%
355,2020-03-20 17:32:00,普利特发布公告称，2019年度实现营业收入36.0亿元，同比下降1.79%；净利1.65亿元，同比增长128.0%。其中，第四季度实现营业收入10.1亿元，净利5281.09万元。,普利特：2019年度净利1.65亿元，同比增长128.0%
356,2020-03-20 17:30:00,金岭矿业3月20日晚间披露年报，公司2019年实现营业收入13.36亿元，同比增长28.30%；净利润1.80亿元，同比增长78.78%，基本每股收益0.30元。,金岭矿业：2019年净利1.8亿元 同比增79%
357,2020-03-20 17:30:00,九洲电气3月20日晚间公告，拟公开发行可转债募集资金总额不超过5亿元，扣除发行费用后拟投入泰来九洲电气100MW平价上网光伏发电项目B项目、泰来九洲电气100MW平价上网光伏发电项目和补充流动资金。,九洲电气：拟公开发行不超5亿元可转债
358,2020-03-20 17:22:00,3月20日，上交所发布科创板上市委2020年第8次审议会议公告，上海复旦张江生物医药股份有限公司首发3月31日上会。,科创板上市委：复旦张江首发3月31日上会
359,2020-03-20 17:21:00,3月20日，记者自国泰航空旗下廉航香港快运获悉，因应新型冠状病毒疫情持续，中国香港特别行政区政府及亚洲多国都相继颁布多项入境限制，香港快运航空将于2020年3月23日至4月30日期间暂时停止所有航班的营运。（新京报）,国泰航空旗下香港快运将暂停所有航班至四月底
360,2020-03-20 17:14:00,经多方探访，并从武汉市邮政管理局了解到，明日起，武汉各快递企业将逐步全面复工，下周有望恢复到正常服务状态。武汉市邮政管理局介绍，在3月25日之前，绝大部分快递企业恢复正常的寄递服务，直至所有快递企业复工。（人民网）,即日起湖北快递全面恢复
361,2020-03-20 17:11:00,金岭矿业发布公告称，2019年度实现营业收入13.36亿元，同比增长28.3%；净利1.8亿元，同比增长78.78%。其中，第四季度实现营业收入3.17亿元，净利549.59万元。,金岭矿业：2019年度净利1.8亿元，同比增长78.78%
362,2020-03-20 17:11:00,此次修订的主要内容为：调整《办法》附件中深圳市场债券类产品的标准券折算率计算公式，将计算公式中的“100 元”改为“面值”。调整后，深圳市场债券类产品的标准券折算率计算公式为：标准券折算率=全价估值×折扣系数÷面值。（中国结算）,中国结算发布《标准券折算率（值）管理办法（2020年修订...
363,2020-03-20 17:09:00,外交部发言人耿爽：巴基斯坦出现疫情后，中国政府第一时间向巴基斯坦援助了检测试剂、口罩、防护服等物资，并将积极支持巴方建设隔离医院。中国有关省市也向伊斯兰堡市、卡拉奇市捐赠了口罩。（澎湃）,外交部发言人耿爽：中国政府第一时间向巴基斯坦提供了援助
364,2020-03-20 17:09:00,德国疾控机构罗伯特·科赫研究所：德国新冠肺炎确诊病例增长2958例至13957例。,德国新冠肺炎确诊病例增长2958例至13957例
365,2020-03-20 17:09:00,国新办将于3月22日10时举行发布会，央行副行长陈雨露、银保监会副主席周亮、证监会副主席李超、外汇局副局长宣昌能介绍维护金融市场稳定情况。,【预告】央行等部门将于3月22日介绍维护金融市场稳定情况
366,2020-03-20 17:09:00,国新办将于3月22日10时举行发布会，央行副行长陈雨露、银保监会副主席周亮、证监会副主席李超、外汇局副局长宣昌能介绍维护金融市场稳定情况。,国新办将于3月22日10时举行发布会
367,2020-03-20 17:07:00,中国――拉美和加勒比国家新冠肺炎疫情防控经验交流视频工作会议将于3月24日(下周二)举行。中国外交部、国家卫生健康委官员以及中方疾控、临床、民航、海关、社区留观等领域的专家，将同拉美和加勒比有关国家的政府官员和卫生专家举行视频会议，...,外交部：将同拉美和加勒比有关国家举行视频会议，分享交...
368,2020-03-20 17:06:00,国务院办公厅发布关于应对新冠肺炎疫情影响强化稳就业举措的实施意见。意见提出，大规模开展职业技能培训。加大失业人员、农民工等职业技能培训力度，实施农民工等重点群体专项培训，适当延长培训时间。对企业组织职工参加线上线下培训，组织新...,国办：大规模开展职业技能培训
369,2020-03-20 17:05:00,针对近日北京地坛医院研究发现新冠病毒可能攻击人体中枢神经系统的情况，北京大学第一医院感染疾病科主任王贵强20日在新闻发布会上表示，地坛医院一共收治了150多例新冠肺炎患者，目前只有这一例是明确的病毒导致了神经系统受累。但是这给我们一...,专家回应新冠病毒可能累及神经系统：发生概率不高
370,2020-03-20 17:03:00,伦敦金属交易所(LME)：铜库存减少3150吨。铝库存增加60825吨，库存增加6%，为去年11月以来最大涨幅。锌库存减少500吨，镍库存减少36吨，锡库存减少160吨，铅库存增加50吨。,伦敦金属交易所：多数金属库存减少 铝库存增加6%
371,2020-03-20 17:01:00,据中国汽车工业信息网：特斯拉（TSLA.O）二月在华新车注册数环比下降35%至2314，其中多数为中国产Model 3，Model X注册数为29，Model S注册数则为1。,中国汽车工业信息网：特斯拉二月在华新车注册数环比下降35%
372,2020-03-20 17:00:00,实施重大产业就业影响评估，明确重要产业规划带动就业目标，优先投资就业带动能力强、有利于农村劳动力就地就近就业和高校毕业生就业的产业。加快制定和完善引导相关产业向中西部地区转移的政策措施。对部分带动就业能力强、环境影响可控的项目...,国办：实施重大产业就业影响评估 明确重要产业规划带动就...
373,2020-03-20 17:00:00,加大失业保险稳岗返还，对不裁员或少裁员的中小微企业，返还标准最高可提至企业及其职工上年度缴纳失业保险费的100%，湖北省可放宽到所有企业；对暂时生产经营困难且恢复有望、坚持不裁员或少裁员的参保企业，适当放宽其稳岗返还政策认定标准，...,国务院办公厅：加快实施阶段性、有针对性的减税降费政策
374,2020-03-20 17:00:00,加快实施阶段性、有针对性的减税降费政策。加大失业保险稳岗返还，对不裁员或少裁员的中小微企业，返还标准最高可提至企业及其职工上年度缴纳失业保险费的100%，湖北省可放宽到所有企业；对暂时生产经营困难且恢复有望、坚持不裁员或少裁员的参...,国办：加快实施阶段性、有针对性的减税降费政策
375,2020-03-20 17:00:00,人民银行武汉分行行长王玉玲：12家银行已向湖北重点企业发放261.3亿元再贷款。（湖北日报）,12家银行已向湖北重点企业发放261.3亿元再贷款
376,2020-03-20 16:59:00,中国医药公告，全资子公司通用三洋药品瑞舒伐他汀钙胶囊通过仿制药质量和疗效一致性评价。,中国医药：子公司药品通过仿制药一致性评价
377,2020-03-20 16:58:00,商务部：为增加肉类市场供应，稳定市场预期，商务部会同国家发展改革委、财政部等部门于2020年3月20日组织投放2万吨中央储备猪肉。下一步，商务部将会同相关部门根据市场情况，继续做好中央储备肉投放工作。,商务部会同发改委、财政部等部门组织投放2万吨中央储备猪肉
378,2020-03-20 16:58:00,国务院办公厅关于应对新冠肺炎疫情影响强化稳就业举措的实施意见，坚持分区分级精准防控，提高复工复产服务便利度，取消不合理审批，坚决纠正限制劳动者返岗的不合理规定。加快重大工程项目、出口重点企业开复工，以制造业、建筑业、物流业、公...,国务院发布应对新冠肺炎疫情影响强化稳就业举措的实施意见
379,2020-03-20 16:58:00,农发种业发布公告称，2019年度实现营业收入51.36亿元，同比增长49.02%；净利1818.39万元，同比下降42.64%。其中，第四季度实现营业收入12.37亿元，净利2915.53万元。,农发种业：2019年度净利1818.39万元，同比下降42.64%
380,2020-03-20 16:57:00,上海电气公告，上海电气集团股份有限公司与上海市静安区土地储备中心就位于上海市静安区广中西路 191 号国有土地使用权收购储备事宜达成协议，收储总价为 90384 万元。上海电气集团股份有限公司全资子公司上海鼓风机厂有限公司与上海市静安区土...,上海电气：公司与子公司两处土地收储 总价28.7亿元
381,2020-03-20 16:57:00,康恩贝公告，公司药品布洛芬颗粒通过仿制药一致性评价。,康恩贝：公司药品通过仿制药一致性评价
382,2020-03-20 16:55:00,世界黄金协会认为，近期金价的波动是由所有资产的大规模平仓行为造成的，并可能被带杠杆的头寸和基于规则的交易放大。此外，黄金还可能被用来变现，以弥补其他资产类别的损失，原因在于：尽管最近出现了波动，但黄金仍是今年年初至今表现最好的...,世界黄金协会：黄金投资需求仍将得到支撑
383,2020-03-20 16:55:00,中石科技公告，股东深创投及其一致行动人拟减持不超过 5.23%。,中石科技：股东深创投及其一致行动人拟减持不超过 5.23%
384,2020-03-20 16:54:00,消息称特斯拉在华新车注册数环比下降35%。,特斯拉在华新车注册数环比下降35%
385,2020-03-20 16:53:00,纳指期货涨至7629点，触及交易限制。,纳指期货涨至7629点，触及交易限制。
386,2020-03-20 16:52:00,新华制药3月20日尾盘涨停，报收11.34元，全天成交额4.55亿元。该股当日盘后数据显示，三家机构合计买入8025万元。,龙虎榜：新华制药尾盘涨停 三机构买入逾8000万元
387,2020-03-20 16:52:00,据香港电台20日报道，香港特区新增48例新冠肺炎确诊病例，再创单日新高，患者年龄介于4至69岁，香港累计确诊病例至今增至257例。（人民日报海外网）,香港新增48例新冠肺炎确诊病例
388,2020-03-20 16:50:00,3月20日，深圳地铁集团完成深汕高铁、深惠城际铁路、深大城际铁路、龙岗至大鹏支线城际铁路、穗莞深城际前海至皇岗口岸段5个城际铁路项目工程可行性研究及配套专题项目签约。此次签约的项目总长约410公里，总投资约2018亿元。（上证报）,深汕高铁等5条大湾区城际铁路项目合同签约，总投资超2000...
389,2020-03-20 16:49:00,湖北省发展和改革委员会主任程用文介绍，要实施降费减租。除高耗能行业外，阶段性的降低企业用电价格5%。在疫情期间，收费公路免收车辆通行费，疫情结束到今年底，在原来优惠政策的基础上对二类ETC货车给予应缴通行费20%的优惠，对三类ETC货车给...,湖北发改委：除高耗能行业外，阶段性降低企业用电价格5%
390,2020-03-20 16:47:00,印尼卫生部官员：印尼新增60例新冠肺炎病例，累计确诊369例，新增7例死亡病例，累计达32例。,印尼卫生部官员：印尼新增60例新冠肺炎病例
391,2020-03-20 16:46:00,国立科技公告，合计持股4.69%多名股东拟清仓减持。,国立科技：合计持股4.69%多名股东拟清仓减持
392,2020-03-20 16:46:00,湖北省人力资源和社会保障厅厅长刘艳红表示，在支持企业稳岗、稳就业方面的具体措施包括降低门槛、扩大力度、优化服务、快速兑现四个方面。对企业减员率不高于5.5%的，返还企业上年度实际缴纳失业保险费的70%。下一步，还将进一步提高到100%。对...,湖北人社厅：免征社保费将极大降低企业用工成本
393,2020-03-20 16:45:00,广电总局副局长、党组成员朱咏雷研究部署广电5G技术标准体系建设工作，强调当前要重点抓好两方面工作：一是抓紧论证评估。建立健全广电5G技术标准体系事关广电5G顶层设计，要广泛听取各方面意见建议，积极深入开展科学论证和专业评估，进一步完...,广电总局：分阶段分类别推进广电5G技术标准体系建设工作
394,2020-03-20 16:45:00,美股银行股盘前上行。瑞银（UBS.N）涨5.29%，摩根大通（JPM.N）涨超3%，花旗集团（C.N）涨3.73%，富国银行（WFC.N）涨3.53%，美国银行（BAC.N）涨近3%。,美股银行股盘前上行
395,2020-03-20 16:43:00,国家外汇管理局新闻发言人、总经济师王春英表示，目前，我国疫情防控形势积极向好，企业复工复产有序推进，稳外贸稳外资政策措施陆续出台，国内经济长期向好的基本面和内在向上的趋势没有改变。同时，我国对外开放持续深化和推进，国内营商环境...,外汇局：国内经济长期向好的基本面和内在向上的趋势没有改变
396,2020-03-20 16:38:00,海螺水泥发布公告称，2019年度实现营业收入1570.3亿元，同比增长22.3%；净利335.93亿元，同比增长12.67%。其中，第四季度实现营业收入462.74亿元，净利97.77亿元。,海螺水泥：2019年度净利335.93亿元，同比增长12.67%
397,2020-03-20 16:38:00,银泰黄金发布公告称，2019年度实现营业收入51.49亿元，同比增长6.69%；净利8.64亿元，同比增长30.43%。其中，第四季度实现营业收入12.73亿元，净利2.06亿元。,银泰黄金：2019年度净利8.64亿元，同比增长30.43%
398,2020-03-20 16:37:00,国家外汇管理局新闻发言人、总经济师王春英：尽管受到新冠肺炎疫情影响，2月份我国外汇市场运行总体平稳。我国外汇市场表现出更加理性、有序、成熟的发展态势，主要渠道跨境资金流动保持基本稳定。,国家外汇管理局新闻发言人：2月份我国外汇市场运行总体平稳
399,2020-03-20 16:37:00,国家外汇管理局统计数据显示，2020年2月，银行结汇10200亿元人民币，售汇9208亿元人民币，结售汇顺差991亿元人民币；按美元计值，银行结汇1459亿美元，售汇1317亿美元，结售汇顺差142亿美元。,2月银行结汇10200亿元人民币
400,2020-03-20 16:36:00,湖北省发展和改革委员会主任程用文介绍，要减轻税收的负担。今年3-5月份湖北免征全省小规模纳税人适用3%征收率征收的增值税。另外，纳税人因疫情影响不能按期缴纳税款的经税务机关批准，可延期缴纳最长不超过3个月，因疫情影响遭受重大损失，纳...,湖北：3至5月免征全省小规模纳税人3%征收率的增值税
401,2020-03-20 16:34:00,MSCI新兴市场股市指数大涨5.2%，势将创2015年10月以来最大单日涨幅，新兴市场货币指数涨0.9%，势将创近四年来最大单日涨幅。,MSCI新兴市场股市指数大涨5.2%
402,2020-03-20 16:33:00,本次修订主要对连续涨跌停板制度进行了调整，《上海国际能源交易中心风险控制管理细则》第三章第十九条原第三项规定了三板之后D4涨跌停板幅度在D1基础上增加7个百分点。考虑到市场弹性，将涨跌停板的固定数值调整为幅度范围，不再明确具体的涨跌...,上海国际能源交易中心发布关于就风险控制管理及交割等相...
403,2020-03-20 16:33:00,湖北省发展和改革委员会主任程用文介绍，降本减负第一要降低融资成本。加大对复工复产、春耕备耕等领域的涉农、小微企业的信贷支持力度，相关贷款利率不高于最近一年期的贷款市场利率50个基点。力争今年普惠型的小微企业综合融资的成本比上年降...,湖北发改委：力争普惠型小微企业融资成本比上年降低1%以上
404,2020-03-20 16:32:00,耿爽说，美国政府官员在多个场合曾经表示，将向包括中国在内的有关国家提供1亿美元的抗疫援助。别的国家是否收到我不清楚，但我可以明确地告诉你，迄今为止，中方从未收到来自美国政府的资金和援助。（环球网）,外交部：中方从未收到来自美国政府的抗疫资金和援助
405,2020-03-20 16:31:00,美国科技股盘前呈涨势。奈飞（NFLX.O）涨超7%，微软（MSFT.O）涨6.51%，苹果（AAPL.O）、Facebook（FB.O）均涨5%，谷歌C（GOOG.O）、亚马逊（AMZN.O）均涨5.67%。,美国科技股盘前呈涨势
406,2020-03-20 16:29:00,上金所发布通知称，自2020年3月20日（星期五）收盘清算时起，Ag（T+D）合约的保证金比例由16%调整至14%，下一交易日起涨跌幅度限制由15%调整至13%。,上金所调整白银延期合约涨跌停板和保证金比例
407,2020-03-20 16:25:00,北京大学第一医院感染疾病科主任王贵强：总体来看，复阳比例很低，到目前也没有发现复阳病例造成再传播的报告。有些数据提到，有一少部分确实通过基因测序的方法，测到了整个病毒基因序列，提示他可能是有传染性的，但从正在做病毒分离工作的团...,专家回应患者出院后复阳：目前未发现复阳病例再传播报告
408,2020-03-20 16:23:00,东方电热披露一季度业绩预告，公司预计一季度亏损500万元-0万元，上年同期净利润3032.77万元。报告期内，由于受疫情的影响，公司及上下游客户复工推迟，订单明显低于上年同期，导致民用电加热器销售同比下降幅度超过40%，通信光缆材料及动力锂电...,东方电热：一季度预亏500万元-0万元
409,2020-03-20 16:23:00,美股芯片股盘前上行。英伟达（NVDA.O）涨8%，AMD（AMD.O）涨7.48%，美光科技（MU.O）涨近7%，英伟达（NVDA.O）涨8%。,美股芯片股盘前上行
410,2020-03-20 16:21:00,信捷电气公告，持股21.71%的公司董事邹骏宇计划自2020年4月14日起至10月8日期间内，通过集中竞价的方式减持不超过140.56万股，占公司总股本的1%。,信捷电气：董事拟减持不超1%股份
411,2020-03-20 16:21:00,美国航空股盘前走高。达美航空（DAL.N）涨16.27%，美国航空集团（AAL.O）、波音（BA.N）涨约11%，美国联合航空（UAL.O）涨21.19%。,美国航空股盘前走高
412,2020-03-20 16:21:00,益丰药房3月20日晚间公告，公司公开发行可转换公司债券的申请获得证监会审核通过。,益丰药房：可转债发行申请获证监会审核通过
413,2020-03-20 16:17:00,欧股盘初持续走高，德国DAX指数涨幅扩大至6.4%，法国CAC40指数涨逾6%，欧洲斯托克50指数涨6.8%。,欧股盘初持续走高
414,2020-03-20 16:16:00,富时中国A50期指涨逾4%。,富时中国A50期指涨逾4%
415,2020-03-20 16:15:00,交易平台Bitstamp报价显示，比特币站上6500美元/枚。,比特币站上6500美元/枚
416,2020-03-20 16:13:00,此次市场调整之际，5G、特高压等新兴基建表现相对强势，但是对于新基建来说，虽然前景是广阔的，暗示大多数标的还在大科技领域，此前又逢大基金二期启动，包括半导体在内，科技标的都会受到提振。所以，近期市场若有反复，科技股或仍是资金关注...,机构论市：A股暂借富时罗素东风 再次走出独立行情
417,2020-03-20 16:12:00,20日，中国疾控中心研究员冯录召在发布会上介绍，截至目前，国家药监局批准了12个核酸检测试剂，8个抗体检测试剂，其中抗体检测试剂里又包括胶体金法5种、磁微粒化学发光法3种。随着对疾病的认识和研发工作的进展，将来还会有更多的检测试剂和方...,12个核酸检测试剂已获批
418,2020-03-20 16:10:00,近期北京地坛医院一项研究提示，新冠肺炎可能攻击人体中枢神经系统。北京大学第一医院感染疾病科主任王贵强表示，发生概率总体不高，从地坛医院病例看，该院收治150例新冠肺炎患者中只发现这一例。目前看，新冠病毒感染后主要累及肺脏，其他脏器...,地坛医院发现新冠病毒攻击神经系统，专家：小概率事件
419,2020-03-20 16:10:00,现货白银重回13美元/盎司上方，日内大涨7.5%，现货黄金涨3%。,现货白银重回13美元/盎司上方
420,2020-03-20 16:09:00,恒指高开高走，尾盘收涨5.05%，为2011年12月1日以来最大单日涨幅；内房股、消费股、电信股、石油股、体育用品股等板块大涨，融创中国涨逾11%，中国移动涨近14%，SOHO中国涨近21%。,港股收评：恒指大涨5.05% 阿里涨超5%中国移动暴涨近14%
421,2020-03-20 16:08:00,江苏国信公告，舜天机械拟将其持有的江苏国信 78573356 股无限售条件股份无偿划转给舜天集团。本次无偿划转完成后，舜天机械持有江苏国信 0 股股份，占公司股份总数的 0%；舜天集团持有江苏国信 78573356 股股份，占公司股份总数的 2.08%。,江苏国信：舜天机械将持有股份无偿划转给舜天集团
422,2020-03-20 16:06:00,波音（BA.N）盘前涨幅扩大至近8%。报道称波音正考虑削减股息和裁员。,波音（BA.N）盘前涨幅扩大至近8%
423,2020-03-20 16:03:00,湖北省发改委、人社部、财政厅等，介绍在加强防控的前提下，有针对性地开展援企、稳企、扩大就业，强化“六稳”的举措。（一财）,湖北省多部委有针对性地开展援企、稳企、扩大就业
424,2020-03-20 16:03:00,康辰药业公告，持股6.31%股东北京工投拟减持不超过 2%。,康辰药业：持股6.31%股东北京工投拟减持不超过 2%
425,2020-03-20 16:03:00,中信银行股份有限公司原党委副书记、行长孙德顺严重违纪违法被开除党籍。（央视新闻）,中信银行原党委副书记、行长孙德顺被开除党籍
426,2020-03-20 16:03:00,乐山电力发布公告称，2019年度实现营业收入22.23亿元，同比增长2.44%；净利8923.49万元，同比增长10.31%。其中，第四季度实现营业收入6.26亿元，亏损7528.44万元。,乐山电力：2019年度净利8923.49万元，同比增长10.31%
427,2020-03-20 16:02:00,特斯拉盘前涨6.4%。马斯克表示，特斯拉在中国的数百家供应商和整个特斯拉上海都已正常运营。,特斯拉盘前涨6.4%
428,2020-03-20 16:01:00,欧股集体高开，欧洲斯托克50指数涨4.7%，德国DAX指数涨4.8%，英国富时100指数涨4.4%。,欧股集体高开
429,2020-03-20 16:01:00,欧股集体高开，欧洲斯托克50指数涨4.7%，德国DAX指数涨4.8%，英国富时100指数涨4.4%。,欧洲斯托克50指数涨4.7% 美股期指持续走高
430,2020-03-20 16:00:00,北京科锐公告，持股10.14%股东海国东兴拟清仓减持。,北京科锐：持股10.14%股东海国东兴拟清仓减持
431,2020-03-20 15:58:00,离岸人民币兑美元一度升破7.07关口，日内涨超800点。,离岸人民币兑美元一度升破7.07关口
432,2020-03-20 15:57:00,现货白银大涨7%，报12.91美元/盎司。,现货白银大涨7%
433,2020-03-20 15:57:00,截止收盘，沪深两市所有交易个股涨跌比为2983：708，市场总体赚钱效应为80.82%；目前两市涨停106家，其中一字板13家；盘中触及涨停后打开家数为26家，封板成功率为78%，封板成功率较高；两市跌停6家。,涨停复盘：医药股表现强势  零售、旅游等消费板块崛起
434,2020-03-20 15:56:00,3月20日，人社部会同有关方面启动实施主题为“职等你来  就业同行”的百日千万网络招聘专项行动，通过搭建全国统一、多方联动的网络招聘平台，集中开展线上招聘活动，提高劳动力市场供需匹配效率，为劳动者和用人单位提供高效便捷服务。此次行动...,人社部启动实施百日千万网络招聘专项行动
435,2020-03-20 15:56:00,韩国中央防疫对策本部本部长郑银敬20日表示，在整体自欧入境的有症状者中，确诊感染新型冠状病毒（COVID-19）者所占比例达到5%。（韩联社）,韩防疫部门：自欧入境有症状者中确诊者占5%
436,2020-03-20 15:52:00,美股三大股指期货持续走高，纳指期货涨幅扩大至4%，道指期货涨约3%或600点。,美股三大股指期货持续走高
437,2020-03-20 15:50:00,继媒体爆出共和党参议员理查德·伯尔在股市大跌前卖掉172万美元股票后，The Daily Beast爆出共和党参议员Kelly Loeffler和她的丈夫从1月24号到2月中旬，共进行29笔股票交易。,又一美参议员爆出在疫情爆发前抛售股票
438,2020-03-20 15:48:00,现货黄金站上1510美元，较日内低点涨超50美元。,现货黄金站上1510美元
439,2020-03-20 15:43:00,非美货币普涨，欧元兑美元EUR/USD涨1%，报1.0789；英镑兑美元GBP/USD涨2.62%，报1.1777；澳元兑美元AUD/USD涨3.83%，报0.5963；美元兑日元USD/JPY跌1%，报109.60。,非美货币普涨
440,2020-03-20 15:41:00,上海电力公告，公司控股股东国家电投集团于3月19日通过集中竞价交易增持公司股份12.80万股，增持金额91.76万元；并计划自本次增持之日（含本次增持日）起6个月内，继续增持公司股份，累计增持公司股份金额不低于2亿元，不超过4亿元（含本次增持）。,上海电力：控股股东拟增持2亿元-4亿元
441,2020-03-20 15:41:00,从联防联控发布会获悉，核酸检测平均检测时间需要2-3小时，特异性强、灵敏度高，是当前临床诊断主要的检测手段。抗体检测主要包括胶体金和磁微粒化学发光两种方法，存在检测窗口期，主要用于对病例进行辅助诊断和排查筛查，不能代替核酸检测。（...,中国疾控中心：抗体检测不能代替核酸检测
442,2020-03-20 15:40:00,国家卫健委：3月17日起援鄂医疗队开始撤离，截至20日已有1.2万名援鄂医务人员撤离。（央视新闻）,国家卫健委：3月17日起援鄂医疗队开始撤离
443,2020-03-20 15:37:00,法国政府发言人：法国可能必须扩大封锁范围。,法国政府发言人：法国可能必须扩大封锁范围
444,2020-03-20 15:37:00,华润双鹤发布公告称，2019年度实现营业收入93.81亿元，同比增长14.05%；净利10.55亿元，同比增长8.93%。其中，第四季度实现营业收入19.74亿元，净利1.37亿元。,华润双鹤：2019年度净利10.55亿元，同比增长8.93%
445,2020-03-20 15:34:00,近期监管部门已下发要求，明确2020年全年专项债不得用于土地储备、棚改等与房地产相关领域，同时新增了应急医疗救治设施、公共卫生设施、城镇老旧小区改造等领域项目。这意味着在1.29万亿提前批专项债不得用于土储、棚改后，后续至少1.7万亿专项...,2020年专项债不得用于土储、棚改，新增应急医疗、老旧小...
446,2020-03-20 15:33:00,国家卫生健康委规划司司长毛群安：目前全国低风险县域已占98%，各省份正在按照统一的数据格式标准和内容要求，加快向全国一体化平台汇聚本地区防疫健康信息的目录。截至目前，全国绝大多数健康码可实现一码通行。（人民日报）,国家卫健委回应健康码互通互认
447,2020-03-20 15:31:00,挪威央行降息75个基点至0.25%。,挪威央行降息75个基点至0.25%
448,2020-03-20 15:31:00,港股消费股尾盘扩大涨幅，美团点评涨逾13%，海底捞涨近8%。,港股消费股尾盘扩大涨幅
449,2020-03-20 15:30:00,现货白银涨幅一度扩大至约6%。,现货白银涨幅一度扩大至约6%
450,2020-03-20 15:29:00,港股SOHO中国尾盘异动，涨幅扩大至30%，股价近4港元。,SOHO中国短线暴力拉涨
451,2020-03-20 15:27:00,WTI原油涨幅再度扩大至10%。,WTI原油涨幅再度扩大至10%
452,2020-03-20 15:26:00,纳指期货涨幅进一步扩大至3%，道指期货、标普500指数期货均涨约2.3%。,纳指期货涨幅进一步扩大至3%
453,2020-03-20 15:25:00,港股SOHO中国短线暴力拉涨，涨幅迅速扩大至25%，刷新日高。,港股SOHO中国短线暴力拉涨
454,2020-03-20 15:25:00,据人民银行网站3月20日消息，2月末，上证综指收于2880.30点，较上月末下降96.22 点，降幅为3.23%；深证成指收于10980.77点，较上月末上涨298.87点，涨幅为2.80%。2 月份，沪市日均交易量为3783.03亿元，环比增长35.41%，深市日均交易量为6053.10...,人民银行：2月份沪市日均交易量环比增长35.41% 深市环比...
455,2020-03-20 15:22:00,德国DAX指数期货涨逾4%，英国富时100指数期货涨近2%。,欧股期指涨幅扩大
456,2020-03-20 15:21:00,国家卫健委：截至目前，全国绝大多数地区的健康通行码可以实现“一码通行”,国家卫健委：截至目前，全国绝大多数地区的健康通行码可...
457,2020-03-20 15:21:00,央行发布2020年2月份金融市场运行情况，2月份，同业拆借月加权平均利率为1.83%，较上月下行16个基点；质押式回购月加权平均利率为1.81%，较上月下行27个基点。,央行：2月份同业拆借月加权平均利率较上月下行16个基点
458,2020-03-20 15:20:00,欧盟委员会主席冯德莱恩：将放松债务规则；因疫情影响，欧元区国家现在必须向各自的经济中注入资金。,欧盟委员会主席冯德莱恩：将放松债务规则
459,2020-03-20 15:19:00,国务院联防联控机制3月20日就有序恢复正常医疗秩序举行发布会。国家卫健委新闻发言人米锋表示，3月19日，我国首次实现新增本土确诊病例和疑似病例零报告，已有18个省份和新疆生产建设兵团无本土现有确诊和疑似病例。现有本土确诊病例中，重症病...,我国首次实现新增本土确诊病例和疑似病例零报告
460,2020-03-20 15:19:00,欧盟委员会主席冯德莱恩：因疫情影响，欧元区国家现在必须向各自的经济中注入资金。（德国广播电台）,欧盟呼吁各国向经济注资
461,2020-03-20 15:15:00,据美国有线电视新闻网报道，根据记者收到的电子邮件显示，美国国务院报告了第一例职员确诊感染新冠肺炎的病例。据报道，感染新冠肺炎的职员在华盛顿特区的一栋附属大楼内工作，并不在总部工作。（中国日报）,美国国务院发现首个新冠肺炎确诊病例
462,2020-03-20 15:11:00,工信部会同有关部门研究起草了《关于进一步促进服务型制造发展的指导意见》，积极利用工业互联网等新一代信息技术赋能新制造、催生新服务。,工信部发布《关于进一步促进服务型制造发展的指导意见》
463,2020-03-20 15:08:00,中金研报称，本月LPR持平的决定比市场预期更为“鹰派”，随着海外经济活动急剧减速，且风险向金融市场开始蔓延，货币宽松紧迫性显著上升。中国与海外主要经济体的政策利差已经升至历史最高水平，中国当前的货币放松幅度仍明显不足。而调整越晚，...,中金点评LPR报价未下调：存款基准利率下调可能性显著升高
464,2020-03-20 15:04:00,富时罗素A股一阶段第三批次纳入收盘后正式生效，北上资金截至收盘净流入34亿元，尾盘一度净流入逾85亿元，结束此前连续7个交易日净流出。,富时罗素A股一阶段第三批次纳入收盘后正式生效
465,2020-03-20 15:01:00,【收盘气象】指数上演V型反转，午后集体涨逾1%，海南板块大涨，酒店餐饮、景点旅游、白酒等大消费概念集体走高，市场氛围转好，富时罗素A股扩容在即，北向资金尾盘一度暴力流入超80亿。,收评：指数V型反转涨逾1% 大消费概念午后崛起
466,2020-03-20 14:59:00,布伦特原油快速上涨，一度涨近7%。,布伦特原油快速上涨
467,2020-03-20 14:58:00,国家能源局消息，2月份，全社会用电量4398亿千瓦时，同比下降10.1%。分产业看，第一产业用电量53亿千瓦时，同比增长1.9%；第二产业用电量2523亿千瓦时，同比下降14.6%；第三产业用电量833亿千瓦时，同比下降10%；城乡居民生活用电量988亿千瓦时...,国家能源局：2月全社会用电量同比下降10.1%
468,2020-03-20 14:57:00,北向资金尾盘加速净流入，截至发稿，净流入金额超50亿元，早盘一度流出超20亿。富时罗素A股一阶段第三批次纳入收盘后正式生效。,外资再度“脉冲”流入
469,2020-03-20 14:52:00,泰晶转债跌30.07%，盘中第二次临时停牌。泰晶转债此前两个交易日被爆炒，周三大涨65%，周四大涨38%。,泰晶转债大跌30% 盘中第二次临时停牌
470,2020-03-20 14:50:00,港股恒指涨近1000点。,港股恒指涨近1000点
471,2020-03-20 14:47:00,上海市商务委副主任刘敏：下一步将适时出台促进销费政策，鼓励商贸企业开展形式多样的营销活动，促进消费潜力释放，推动市场消费尽快得到回补。（上观新闻）,上海市商务委副主任刘敏：下一步将适时出台促进销费政策
472,2020-03-20 14:46:00,3月20日，中信证券举行线上业绩说明会。近期美股已出现4次熔断，A股也受外盘拖累出现调整。中信证券管理层人士表示，过去的两个月中信证券已经对投资交易的风险敞口进行了充分的预判和准备，包括重新评估风险，重新搭建流动化管理体系，提高应对...,中信证券：过去两月已对投资风险敞口进行预判和准备
473,2020-03-20 14:46:00,美股三大股指期货涨幅扩大，纳指期货涨2%，道指期货、标普500指数期货均涨约1.6%。,美股三大股指期货涨幅扩大
474,2020-03-20 14:43:00,现货黄金重回1500美元/盎司上方，日内涨1.8%。,现货黄金日内涨1.8%
475,2020-03-20 14:41:00,景点及旅游板块走强，西安旅游直线涨停，黄山旅游、曲江文旅、中国国旅等跟涨。,景点及旅游板块走强
476,2020-03-20 14:39:00,接近俄罗斯政府消息人士：俄罗斯克里姆林宫认为沙特的原油计划是“敲诈勒索”，俄罗斯总统普京不会对此屈服，不会成为第一个释放停战信号的国家。俄罗斯政府多年来已经为此类危机建立了储备资金。,俄罗斯认为沙特的原油计划是“敲诈勒索”
477,2020-03-20 14:35:00,韩国综合指数收涨7.44%，报1566.15点，创2008年12月以来最大升幅。,韩国综合指数涨7.44%
478,2020-03-20 14:33:00,酒店及餐饮板块走强，西安饮食直线涨停，大东海A涨超0%，金陵饭店、华天酒店、全聚德、首旅酒店等跟涨。,酒店及餐饮板块走强
479,2020-03-20 14:32:00,克里姆林宫发言人佩斯科夫：俄罗斯准备就油价进行接洽。,俄罗斯准备就油价进行接洽
480,2020-03-20 14:32:00,北向资金尾盘转为净流入，早盘一度净流出超20亿元。富时罗素A股一阶段第三批次纳入收盘后正式生效。,北向资金尾盘转为净流入
481,2020-03-20 14:31:00,媒体报道，俄罗斯据悉认为沙特的原油计划是“敲诈”，俄罗斯不会退缩。美、布两油小幅走高，WTI原油现报26.88美元/桶，日内涨7.56%；布伦特原油报29.26美元/桶，日内涨3.81%。,俄罗斯据悉认为沙特的原油计划是“敲诈”
482,2020-03-20 14:31:00,原油期货主力合约涨停，涨幅为9.97%，报244.90元/桶。,原油期货主力合约涨停
483,2020-03-20 14:28:00,特朗普表示，美国食品药品监督管理局（FDA）已批准一种名为羟氯喹的抗疟药物用于治疗新冠肺炎。对于是否会将羟氯喹用于治疗疫情，FDA表示应该持谨慎态度。（第一财经）,特朗普揭晓治疗新冠新药，FDA：尚未批准
484,2020-03-20 14:23:00,据意大利《新闻报》：意大利可能将封锁措施至少延长至5月1日。,意大利可能将封锁措施至少延长至5月1日
485,2020-03-20 14:22:00,恒生国企指数一度涨5.1%，为2016年2月以来最大涨幅，现涨幅收窄至4.9%。,恒生国企指数涨逾5%
486,2020-03-20 14:19:00,现货黄金短线走高逾4美元，现货白银涨幅扩大至5%。,现货白银涨幅扩大至5%
487,2020-03-20 14:19:00,港股内银股短线拉升，中国银行、农业银行拉涨超5%。,港股内银股短线拉升
488,2020-03-20 14:19:00,交通运输部表示，3月19日，全国铁路、道路、水路、民航发送旅客总量为1715.65万人次，环比增长0.15%，同比减少61.9%。（第一财经）,交通运输部：19日全国发送旅客总量同比减少61.9%
489,2020-03-20 14:18:00,中国石化官网消息，近日，上海石化塑料部聚丙烯联合装置紧急增产熔喷布专用料基料，保障上海石化金昌公司熔喷布专用料生产。目前，紧急生产的30余吨原料已送达金昌公司，解决其原料紧缺的困境。目前，聚丙烯联合装置熔喷料基料月生产量从300吨提...,上海石化紧急增产熔喷布基料
490,2020-03-20 14:16:00,19日，联合国秘书长古特雷斯在纽约总部举行视频记者会。古特雷斯表示：我们正面临着联合国75年历史上前所未见的全球健康危机。全球经济衰退基本是肯定的，并可能是破纪录的程度。到今年年底，全世界的工人可能损失多达3.4万亿美元的收入。（央视...,古特雷斯称全球经济衰退可能破纪录
491,2020-03-20 14:14:00,上交所：泰晶转债今日下午交易出现异常波动。根据《上海证券交易所交易规则》和《上海证券交易所证券异常交易实时监控细则》的有关规定，本所决定，自2020年03月20日14时01分开始暂停泰晶转债交易，自2020年03月20日14时31分起恢复交易。,上交所：泰晶转债盘中临时停牌
492,2020-03-20 14:10:00,沪银主力合约触及涨停，报价3132元/千克。,沪银主力合约触及涨停，报价3132元/千克。
493,2020-03-20 14:09:00,国际清算银行（BIS）19日发布的考虑世界贸易量的名义有效汇率显示，美元汇率17日超过2002年的高点，创出了达成“广场协议”的第二年、即1986年以来的新高。美元升值18日以后仍在加速，对日元汇率19日创出了1美元兑110.5～110.9日元。这是在2008...,美元汇率34年来新高   全球争相确保资金
494,2020-03-20 14:08:00,上海市政府新闻办主任徐威表示，对于非重点国家航班抵沪航班，上海将进一步加强筛查，严格落实防控措施。对所有入境人员实施100%登临检疫，100%体温监测，100%健康声明卡审核，100%海关流行病学调查。（第一财经）,上海对非重点国家航班抵沪航班实施100%登临检疫
495,2020-03-20 14:06:00,3月20日，俄罗斯消费者权益保护和公益监督局官网发布通报称，该局宣布开始测试针对新型冠状病毒的疫苗样本。科学家们预计，2020年第四季度疫苗有可能投入临床应用。（环球网）,俄罗斯测试新型冠状病毒疫苗样本 可在第四季度临床应用
496,2020-03-20 14:05:00,流媒体视频服务提供商Netflix（奈飞）称，该公司将会降低旗下欧洲所有流媒体服务的比特率（bit rate），实际上就是将其欧洲网络的流量减少25%，目的是让互联网在新冠肺炎疫情期间保持稳定运行。 （路透社）,疫情期间网络拥堵，Netflix将欧洲网络流量缩减25%
497,2020-03-20 14:03:00,新款iPad Pro国行版本已经开放购买，但目前仅限11英寸Wi-Fi版本。根据官网显示，12.9英寸Wi-Fi版本和所有蜂窝版本依旧处于“待批准后发售”的状态。,新款iPad Pro国行版开放购买，售价6229元起
498,2020-03-20 14:01:00,据外媒报道，有些对冲基金在美债基差交易上的杠杆高达50倍，这类敞口可能最高有6500亿美元。而最近的美债市场巨震令一批对冲基金大为受损。,高达50倍杠杆！多家对冲基金在美债交易上折戟
499,2020-03-20 14:01:00,中国银联宣布，银联持续快速推进“健康码”服务，目前覆盖范围达1000余个市县。此外，云闪付APP还接入了电信运营商的手机轨迹数据，免费为全国16亿手机用户提供本人过往14天内停留4小时以上的城市证明。（第一财经）,中国银联“健康码”服务覆盖1000余城
500,2020-03-20 14:01:00,日经225指数收盘下跌173.72点，跌幅1.04%，报16552.83点。,日经225指数收跌1.04%
501,2020-03-20 13:57:00,中国银行业协会首席经济学家巴曙松：目前，国际资本市场面对疫情，恐慌情绪升温，初期表现为金融市场的下跌，但必然会逐步传导至实体经济层面。目前已经陆续有国际金融机构对美国和欧洲等地区的经济增长前景表达悲观预期，但中国仍有更大的政策...,巴曙松：应对疫情冲击 中国有更大的政策应对空间
502,2020-03-20 13:55:00,从中国科学技术大学获悉，该校郭光灿院士团队在量子通信实验方面取得重要进展。该团队李传锋、黄运锋研究组与暨南大学李朝晖教授、中山大学余思远教授等合作，首次实现公里级三维轨道角动量的纠缠分发。该研究成果于近日发表在国际知名光学期刊O...,我国科学家实现相距一公里的高维量子纠缠分发
503,2020-03-20 13:54:00,根据澳大利亚联邦卫生部最新统计，澳大利亚全国共有感染新冠肺炎病毒确诊病例787例，包括7个死亡病例。（央视新闻）,澳大利亚新冠肺炎确诊病例累计787例
504,2020-03-20 13:53:00,证券板块异动拉升，国投资本涨超3%，国信证券、招商证券、锦龙股份、申万宏源等跟涨。,证券板块异动拉升
505,2020-03-20 13:51:00,3月20日，黄大铁路河北段以视频形式举行全面开工仪式，拉开今春交通建设复工复产序幕。黄大铁路是煤运北通道与胶济铁路的联络线，是环渤海铁路交通网的重要组成部分。建成后将与大莱龙铁路、龙烟铁路、黄万铁路形成环渤海湾和山东半岛的铁路通道...,环渤海交通网重点项目黄大铁路河北段全面开工
506,2020-03-20 13:45:00,从中银证券获悉，3月19日，光明食品（集团）有限公司2020年公开发行短期公司债券（第一期）完成发行，由中银证券牵头主承销，拟在上交所上市。本期债券是新《证券法》于3月1日正式实施后，交易所市场公开发行的首单短期公司债券，标志着期限一年...,首单公募短期公司债面世
507,2020-03-20 13:41:00,天眼查数据显示，3月17日，蚂蚁金服旗下公司杭州云柱科技有限公司发生工商变更，经营范围新增第一类医疗器械销售、第二类医疗器械销售等。杭州云柱科技有限公司成立于2018年8月，注册资本为3000万元，法定代表人为周玲毅，经营范围包括技术服务...,蚂蚁金服旗下云柱科技经营范围新增医疗器械销售
508,2020-03-20 13:39:00,欧洲中央银行行长拉加德19日表示，欧洲央行将在其职权范围内尽一切必要努力，帮助欧元区渡过由新冠肺炎疫情引发的危机。拉加德指出，公共政策无法阻止当前欧元区经济活动锐减，但可以避免经济陷入长时间深度衰退。她强调，应对危机的措施中，卫...,拉加德：欧洲央行将全力助欧元区渡过危机
509,2020-03-20 13:38:00,记者从中国科学技术大学获悉，该校郭光灿院士团队在量子通信实验方面取得重要进展。该团队李传锋、黄运锋研究组与暨南大学李朝晖教授、中山大学余思远教授等合作，首次实现公里级三维轨道角动量的纠缠分发。该工作为未来利用空间模式复用技术实...,量子通信实验重要进展！我国科学家实现相距一公里的高维...
510,2020-03-20 13:37:00,中国台湾加权指数3月20日（周五）收盘上涨552.75点，涨幅6.37%，报9234.09点，创2009年5月以来最大单日升幅。,中国台湾加权指数周五收盘上涨6.37%，创2009年5月以来最...
511,2020-03-20 13:36:00,"3月20日0时至12时，北京新增报告境外输入新冠肺炎确诊病例 6例, 美国、英国、西班牙各2例，治愈出院病例1例。截至3月20日12时，累计报告境外输入确诊病例76例，治愈出院病例7例。（央视新闻）",北京报告6例新增境外输入病例
512,2020-03-20 13:33:00,国泰旗下的香港快运航空20日宣布将于本月23日至4月30日期间停止所有航班营运。香港快运表示，受新冠病毒影响，香港特区政府及亚洲多国相继颁布多项入境限制，旅游需求大幅下降，公司因此作出停运决定，并计划于5月1日恢復航班营运。超过96%员工...,国泰旗下香港快运宣布停运所有航班
513,2020-03-20 13:30:00,2020年3月20日上午九点半，中信集团召开干部会议，会上宣布朱鹤新接任中信集团党委书记，推荐董事长候选人；常振明卸任党委书记一职。（财新网）,朱鹤新接任中信集团 常振明掌舵十年后卸任
514,2020-03-20 13:29:00,冀东水泥接受机构调研时表示，目前公司整体生产线恢复生产的在50%左右。1月公司生产和销售情况正常，2月至3月初，是公司传统的销售淡季，疫情对经营影响不大。需求端，目前来建筑行业复工达到60%-70%，复产只有40%-50%，预计3月底到4月初京津冀...,冀东水泥：预计4月中旬需求端将达到去年同期水平
515,2020-03-20 13:28:00,3月20日，诺基亚发布了首款5G手机Nokia 8.3 5G，搭载高通骁龙765G处理器，屏幕采用6.81英寸挖孔屏，摄像采用奥利奥式后置四摄，起售价599欧元（约4500元）。发布会中并未提在中国发售时间。,诺基亚首款5G手机发布：四摄像头 599欧元起售
516,2020-03-20 13:24:00,上交所：千禾转债今日下午交易出现异常波动。根据《上海证券交易所交易规则》和《上海证券交易所证券异常交易实时监控细则》的有关规定，本所决定，自2020年03月20日13时14分开始暂停千禾转债交易，自2020年03月20日13时44分起恢复交易。,上交所：千禾转债盘中临时停牌
517,2020-03-20 13:20:00,山东省交通运输厅副厅长司家军在3月20日上午山东省新闻办举行的新闻发布会上介绍，自2月21日起，山东受疫情影响封闭的高速公路收费站全部恢复正常通行，高速公路通行量持续增长，3月18日出口总车次达到107.5万，恢复到去年同期水平。1月24日至今...,山东省交通运输厅：全省高速公路通行量已恢复到去年同期水平
518,2020-03-20 13:19:00,截至3月20日8：00，新疆、西藏、青海、宁夏、山西、吉林、江苏、安徽、江西、湖南、重庆、贵州、内蒙古现有确诊病例为0。（央视新闻）,13地现有新冠肺炎确诊病例归零
519,2020-03-20 13:17:00,国泰旗下的香港快运航空20日宣布将于本月23日至4月30日期间停止所有航班营运。香港快运表示，受新冠病毒影响，香港特区政府及亚洲多国相继颁布多项入境限制，旅游需求大幅下降，公司因此作出停运决定，并计划于5月1日恢復航班营运。超过96%员工...,香港快运宣布停运所有航班
520,2020-03-20 13:12:00,美国联邦储备委员会19日宣布与9家央行建立临时美元流动性互换协议，以缓解全球美元融资市场面临的压力。根据协议，美联储将为澳大利亚储备银行、巴西央行、韩国央行、墨西哥央行、新加坡金融管理局、瑞典央行分别提供高达600亿美元的流动性；为...,美联储宣布与9家央行建立临时美元流动性互换协议
521,2020-03-20 13:12:00,大约在新冠肺炎疫情引发美股暴跌之前一周，美国国会参议院情报委员会主席理查德·伯尔密集出售了自己和夫人持有的33只股票，估价在62.8万美元到172万美元之间。据报道，伯尔作为情报委员会主席，每天都收到有关疫情的简报。(《华盛顿邮报》),美媒：国会情报委员会主席在美股暴跌前抛售大量股票
522,2020-03-20 13:11:00,工业大麻板块持续拉升，福安药业、天津药业、方盛制药集体拉升涨停，顺灏股份涨超6%。,工业大麻板块持续拉升
523,2020-03-20 13:02:00,IDC中国智能家居设备市场季度跟踪报告显示，2019年第四季度智能音箱市场出货量1308万台，同比增长22.5%。随着人工智能席卷各行各业和语音交互快速普及，中国智能音箱市场在过去的一年经历了爆发式发展，2019年智能音箱市场出货量达到4589万台，...,IDC：2019年中国智能音箱市场出货量同比增长109.7%
524,2020-03-20 12:59:00,上一次带来500亿增量外资，“脉冲式”行情尾盘即将再现？>>,全球指数巨头扩容A股即将生效！
525,2020-03-20 12:57:00,就LPR和未来市场流动性前景等问题，央行货币政策委员会委员、清华大学金融与发展研究中心主任马骏表示，刚发布的LPR报价与上月持平，这与LPR调整的机制设计有关。主要原因是LPR整体下调有一个阈值，即各报价行的有效报价的平均值变化达到5个基点...,马骏：从降准到影响LPR需要一段时间 未来继续降准空间较大
526,2020-03-20 12:30:00,美股三大股指期货短线走高，刷新日内高位。纳指期货涨超1%，道指期货、标普500指数期货均涨0.26%。,美股三大股指期货短线走高
527,2020-03-20 12:05:00,国际货币基金组织（IMF）执行董事会19日宣布，已批准任命前美国财政部官员杰弗里·冈本担任IMF第一副总裁，即日起生效。(新华社),IMF任命前美国财政部官员为第一副总裁
528,2020-03-20 12:05:00,华邦健康：全资子公司药品阿那曲唑片通过仿制药一致性评价；双飞股份：2020年3月26日召开2020年第一次临时股东大会。,3月20日午间公告一览：华邦健康子公司阿那曲唑片通过仿制...
529,2020-03-20 12:04:00,记者从黑龙江银保监局了解到，为统筹做好疫情防控和经济社会发展工作，该局成立专班，指导银行保险业为复工复产企业纾困解难，从源头助力稳就业。截至3月17日，辖内21家银行机构累计发放贷款265亿元。,黑龙江：21家银行机构放贷265亿元促稳企稳岗
530,2020-03-20 12:01:00,恒指午间收涨2.81%，电信板块走强，中国移动涨近10%，中国联通涨逾7%。,港股午评：恒指午间收涨2.81% 电信股、石油股集体暴涨
531,2020-03-20 11:57:00,据外媒报道，奥斯卡主办方美国电影艺术和科学学院发布声明，称在新冠疫情下，为了电影行业考虑，奥斯卡正“从各角度评估如今难以预料的形势，以及可能要做出的改变”，极有可能修改2021年奥斯卡影片入围规则。未来会公布评估结果。,奥斯卡考虑修改2021年入围影片报名规则
532,2020-03-20 11:54:00,本周一开始，工商银行已暂停人民币账户北美原油和国际原油两个连续产品的买入交易。工行回复称，因为总交易金额达到上限，人民币账户原油、人民币账户天然气、人民币账户大豆、人民币账户外汇都无法进行新开仓业务，但是客户可以通过先卖出后买...,工行连续5日暂停账户原油等新建仓业务
533,2020-03-20 11:42:00,根据美国约翰斯·霍普金斯大学公布的全球实时疫情数据，截至北京时间20日上午11时13分，全球累计新冠肺炎死亡病例超过1万例，达到10030例。其中意大利死亡病例全球最多，达到3405例。（环球网）,约翰斯·霍普金斯大学：全球累计死亡病例超过1万例
534,2020-03-20 11:35:00,3月19日哥伦比亚政府宣布，自3月23日零时起，禁止所有国际航班入境，限期30天。至此，哥伦比亚已关闭所有海陆空入境通道。当天，哥伦比亚首都波哥大市宣布，将从3月20日零点至23日24点进行为期4天的强制性隔离演练。（环球网）,哥伦比亚禁止所有国际航班入境 明日起首都交通管控4天
535,2020-03-20 11:35:00,今日，阿里巴巴董事会主席张勇在人民日报发表署名文章，谈及未来数字基础设施建设中的发展机遇。张勇表示：“数字基建的赋能将成为各地政府提升现代化治理能力的有力抓手。如何提升政府效能，推动政策精准落地，背后是对政府数字化转型的考验。...,张勇呼吁抓住数字新基建机遇：得数字化者得先机
536,2020-03-20 11:31:00,胡润研究院20日发布《2020胡润全球房地产富豪榜》显示，尽管财富缩水11%，62岁的许家印仍以2310亿元成为全球地产首富。这是胡润研究院连续第二年正式发布“全球房地产富豪榜”。,2020胡润全球房地产富豪榜：半数来自中国 许家印蝉联首富
537,2020-03-20 11:30:00,【午盘气象】指数早盘高开低走，创业板指翻绿，题材热点轮动较快，海南、机场航运、特高压等表现较强，半导体领跌，个股涨停50余家，炸板率持续走高，市场氛围较差。,午评：指数高开低走 海南本地股走强
538,2020-03-20 11:27:00,据生意社监测，3月初国内农用氯化铵干铵价格在525元/吨，截至3月19日农用氯化铵干铵价格一路涨至632元/吨，整体较月初上涨20.48%。,春耕市场恢复，氯化铵价格飙涨
539,2020-03-20 11:26:00,据彭博社援引消息人士信息称，5G版iPhone 12仍将在今年秋季上市。报道称，由于零部件出货量下降，苹果（AAPL.O）供应链仍未按照正常速度发展。苹果下一代支持5G网络的iPhone仍将按计划在秋季发布，尽管其量产直到5月份才会开始。,苹果5G版iPhone 12仍计划秋季发布
540,2020-03-20 11:23:00,天眼查数据显示，3月19日，微博的运营主体――北京微梦创科网络技术有限公司发生多项工商变更。其中，刘运利退出法定代表人、经理、执行董事，新增微博代理首席财务官兼高级副总裁曹菲为法定代表人、董事长、经理；新增黄争取、谷海燕为董事。此...,微博发生工商变更 刘运利退出法定代表人
541,2020-03-20 11:23:00,半导体及元件板块持续走弱，华微电子、太极实业跌超8%，深南电路、惠伦晶体、晶方科技等跟跌。,半导体板块持续走弱
542,2020-03-20 11:15:00,创业板回落翻绿，沪指涨幅收窄至0.5%，半导体芯片领跌。,创业板回落翻绿
543,2020-03-20 11:14:00,特斯拉副总裁陶琳说，特斯拉上海超级工厂的产能迅速回升，已经超过疫情前的水平。据悉，特斯拉上海超级工厂在2019年底投产初期的产能为每周2000辆左右。复工复产后，特斯拉目前每周产能已经提高到3000多辆，将加速实现2020年年产15万辆的目标。 ...,特斯拉上海产能已超过疫前
544,2020-03-20 11:13:00,记者从苏州市体育局获悉，《苏州市足球改革发展实施意见》（以下简称《意见》）近日正式印发，提出到2035年，苏州经常参加足球活动的人数达到100万人，建成1300块足球场，创建校园足球特色学校300所、足球后备人才示范学校15所，注册校园足球运...,苏州出台足改实施意见：2035年足球人口达百万 拥有顶级联...
545,2020-03-20 11:13:00,广州市国资委副主任崔彦伦介绍，截至2019年末，市、区两级国企资产总额首次突破4万亿元，资产规模居副省级城市第一。广州国企有世界500强1家、中国500强9家、中国制造业500强5家和中国服务业500强13家，累计8家市属国企资产超千亿、24家超百亿，...,去年广州国企资产总额首破4万亿！资产规模居副省级城市第一
546,2020-03-20 11:13:00,日前获取的招标文件显示，红旗全新的纯电动车型E115已接近量产，目前正在进行生产线改造所需设备的采购工作。相关招标代理公司证实了招标文件的真实性。与此同时，另一款全新A级电动轿车E111也在推进当中，红旗正在采购E111项目生产线所需器具，...,一汽红旗车型、产能规划曝光，将密集推纯电动汽车
547,2020-03-20 11:10:00,国际田径联合会主席塞巴斯蒂安·科19日接受英BBC采访时，针对记者提问“东京奥运会有可能推迟到9月或10月举行吗？”回答说“可能”。他认为，考虑到明年已经敲定的包括田径在内的世界锦标赛日程，东京奥运会很难推迟到明年举行。（央视新闻）,国际田联主席：东京奥运会存在推迟到今年9、10月举行的可能
548,2020-03-20 11:06:00,近日，中兴通讯携手深圳电信成功商用试验业界首个400G OTN集群系统。该系统最大可支持64波400G，容量是100G系统容量的3.2倍，可有效解决政企专线跨环无阻调度的需求，降低网络运维难度，助力5G承载网络的高速稳定运行。,中兴通讯：助力深圳电信成功商用试验业界首个400G OTN集...
549,2020-03-20 11:05:00,中信证券认为，即使经济的不确定性增强，甚至居民收入和财富预期缩水，住房需求也有望保持稳定。2020年4月之后，住房销售将回归正轨。地产需求是可累积的，是和利率相关的，地产行业的基本面受到“二次冲击”的可能性并不大。,中信证券：4月之后，住房销售将回归正轨
550,2020-03-20 10:56:00,根据日本各地的地方自治团体和厚生劳动省通报的数据，截至当地时间3月20日上午11时，日本新冠肺炎感染者共计达到962人。19日新增2位感染者死亡病例，目前日本国内感染新冠肺炎患者的死亡人数为33人。（环球网）,日本新冠肺炎累计确诊962例  死亡33例
551,2020-03-20 10:55:00,WTI原油日内涨幅扩大至8%，报26.96美元/桶。,WTI原油日内涨幅扩大至8%
552,2020-03-20 10:51:00,韩国央行19日晚10时与美国联邦储备委员会商定签订一份为期6个月的货币互换协议，规模600亿美元，截至2020年9月19日。韩国央行表示，此前已与包括美国在内的五国签订货币互换协议，此次决定与美方签约是为进一步消除近期美元流动性短缺引发的全球...,韩美商定签订600亿美元货币互换协议
553,2020-03-20 10:48:00,WTI原油日内涨幅扩大至7.64%，报26.88美元/桶。,WTI原油日内涨幅扩大至7.64%
554,2020-03-20 10:47:00,国债期货10年期主力合约盘中上涨0.31%，现报100.940点。5年期上涨0.20%，现报101.715点。2年期上涨0.08%，现报101.140点。,国债期货10年期主力合约上涨0.3%
555,2020-03-20 10:47:00,现货白银日内涨幅扩大至4%，报12.54美元/盎司。,现货白银日内涨幅扩大至4%
556,2020-03-20 10:47:00,韩国企划财政部20日发布的数据显示，2019年韩国对外直接投资同比增长21%，为618.5亿美元，创下1980年开始进行相关统计以来的最高值。（韩联社）,韩国2019对外直接投资同比增21%创新高
557,2020-03-20 10:46:00,上交所：天路转债今日上午交易出现异常波动。根据《上海证券交易所交易规则》和《上海证券交易所证券异常交易实时监控细则》的有关规定，本所决定，自2020年03月20日10时33分开始暂停天路转债交易，自2020年03月20日11时03分起恢复交易。,上交所：天路转债盘中临时停牌
558,2020-03-20 10:46:00,“中国84艘巨轮赴海湾买原油”是一条假新闻。4艘巨轮集体买油一文之所以在3月18日被疯传，源头是因为该文当天在某权威行业协会网站上发布（目前已被删除）。但其“诞生”比这要再早一天，原作者是一个自媒体号。同时，其所谓的“中国海事融媒体...,中国84艘巨轮赴海湾抄底原油？抢购可以 但这是假新闻
559,2020-03-20 10:45:00,截至北京时间19日7时，全球新冠肺炎确诊病例较前一日增加16556例，达到例；死亡病例较前一日增加828例，达到8778例。（第一财经）,世卫组织：全球新冠肺炎确诊病例达209839例
560,2020-03-20 10:43:00,富时罗素纳A扩容计划将如期推进，并于今天（3月20日）收盘后生效。本次调整将A股的纳入因子由15%提升至25%，纳入分成两步实施，其中四分之一在3月份实施，剩余四分之三将与6月份的指数评估一道实施。此前，2月21日，富时罗素公布了其旗舰指数评...,富时罗素纳A扩容今天收盘后生效
561,2020-03-20 10:40:00,贾跃亭债务处理小组19日表示，贾跃亭今天在加州中区破产法院举行的听证会上取得非常正面的结果。贾跃亭的破产重组披露声明和申请持产债务人贷款的动议获得了法院批准。与此同时，法院全面驳回了上海懒财试图驳回该破产重组案的动议。自此贾跃亭...,贾跃亭债务处理小组：贾跃亭个人破产重组进入投票程序
562,2020-03-20 10:36:00,上交所消息，广电转债涨交易出现异常波动，实施第二次临时停牌，自3月20日14时57分起恢复交易。广电转债停牌前涨30.32%。（证券时报网）,广电转债涨30% 第二次临时停牌
563,2020-03-20 10:33:00,基建股异动拉升，北新路桥拉升触板，宏润建设、新疆交建、交建股份等跟涨。,基建股异动拉升
564,2020-03-20 10:15:00,恒指涨幅扩大至4%，“三桶油”和电信股走强。,恒指涨幅扩大至4%
565,2020-03-20 10:14:00,3月18日，京东宣布将联合众多品牌提供15亿元京东消费券，其中第一阶段将从3月26日开始发放累计总价值15亿元的京东消费券，重点覆盖3C电子、消费品等品类。（36氪）,京东宣布联合众多品牌累计发放15亿元京东消费券
566,2020-03-20 10:13:00,港股电信股持续上行。中国移动涨幅扩大至9%，中国联通涨7.9%，中国电信涨4.3%。,港股电信股持续上行
567,2020-03-20 10:08:00,农业种植板块异动拉升，海南橡胶涨超4%，北大荒、神农科技、宏辉果蔬、雪榕生物等跟涨。,农业种植板块异动拉升
568,2020-03-20 09:59:00,工业和信息化部组织起草了《民用无人机生产制造管理办法（征求意见稿）》，现向社会公开征求意见。,工信部公开征求对《民用无人机生产制造管理办法（征求意...
569,2020-03-20 09:58:00,海南板块异动拉升，海峡股份涨逾8%，海南瑞泽、海航基础、海汽集团、海航创新等跟随上涨。,海南板块异动拉升
570,2020-03-20 09:57:00,机场航运概念活跃，春秋航空涨逾6%，吉祥航空、白云机场、海航控股等小幅跟涨。,机场航运概念活跃
571,2020-03-20 09:57:00,苹果中国官网显示，苹果对用户购买iPhone进行限购，限购机型包括iPhone 11、iPhone 11 Pro、iPhone 11 Pro Max、iPhone XR、iPhone 8和iPhone 8 Plus，上述机型每位顾客均限购2部。,苹果中国官网限购iPhone
572,2020-03-20 09:55:00,据外媒报道，微软周四表示，由于新冠疫情导致居家办公的人数激增，该公司的Teams聊天和会议应用一周内新增逾1200万用户。随着越来越多的美国公司要求员工居家办公，仅在3月11日至3月18日期间，Teams用户就从3200万增长到4400万。（新浪科技）,微软远程办公应用一周新增1200万用户
573,2020-03-20 09:52:00,随着新冠肺炎疫情的蔓延，上周才宣布至少“停摆”到4月3日的英格兰足球超级联赛19日决定延长停赛时间至少到4月30日。（新华社）,英超“停摆”时间延长 至少到4月30日
574,2020-03-20 09:52:00,恒指涨幅扩大至3%，“三桶油”走高。,恒指涨幅扩大至3%
575,2020-03-20 09:51:00,特高压板块走强，中环装备、神马电力、通光线缆集体涨停，汇金通涨超8%。,特高压板块走强
576,2020-03-20 09:50:00,德甲法兰克福俱乐部19日发布公告称，队中有一名球员确诊感染新冠肺炎，其他球员、教练团队和俱乐部相关工作人员需要进行检测和14天的自我隔离。法兰克福俱乐部在声明中没有透露确诊球员的姓名。(新华社),德甲法兰克福一球员感染新冠肺炎，全队检测隔离
577,2020-03-20 09:49:00,猪肉板块异动拉升，傲农生物涨5%，顺鑫农业、天邦股份、海大集团等小幅跟着。,猪肉板块异动拉升
578,2020-03-20 09:47:00,工业互联网板块活跃，海得控制涨停，中恒电气涨逾4%，潮川智能、金自天正等跟涨。,工业互联网板块活跃
579,2020-03-20 09:47:00,港股电信股涨幅扩大至4.47%。中国联通涨5.9%，中国移动涨5.6%，中国电信涨4.3%。,港股电信股涨幅扩大至4.47%
580,2020-03-20 09:45:00,光刻胶板块快速拉升，同益股份拉升涨停，普利特冲板，胜利精密一字涨停，容大感光、飞凯材料、上海新阳等跟涨。,光刻胶板块快速拉升
581,2020-03-20 09:44:00,作为LPR报价的风向标，MLF操作利率本月并未下调，已让不少市场人士认为，LPR下行概率降低。展望本年度的货币政策操作，交通银行金融研究中心认为，预计年内LPR报价利率仍有15至30个BP的下调空间，全年仍可能定向或全面降准2至3次。（上证报）,3月LPR报价按兵不动 专家称年内仍有15至30个基点下调空间
582,2020-03-20 09:35:00,白酒概念拉升，五粮液、贵州茅台、山西汾酒、顺鑫农业等集体涨逾3%。,白酒概念拉升
583,2020-03-20 09:35:00,中国央行：2020年3月26日（周四）中国人民银行将通过香港金融管理局债务工具中央结算系统（CMU）债券投标平台，招标发行2020年第三期中央银行票据。,中国央行：3月26日在香港发行100亿元6个月央票
584,2020-03-20 09:31:00,中国央行：5年期以上贷款市场报价利率（LPR）为4.75%，此前为4.75%。,央行：5年期以上贷款市场报价利率为4.75%
585,2020-03-20 09:30:00,央行：中国3月一年期贷款市场报价利率为4.05%，2月报价利率为4.05%；5年期以上贷款市场报价利率（LPR）为4.75%，此前为4.75%。,不变！中国3月一年期贷款市场报价利率为4.05%
586,2020-03-20 09:30:00,数据中心概念开盘走强，广东榕泰、万马科技涨停，科信技术、沙钢股份等跟涨。,数据中心概念开盘走强
587,2020-03-20 09:27:00,胜利精密集合竞价涨停，现报2.75元，消息上，目前公司与中国科学院光电技术研究所已签署战略合作框架协议和承诺函。,胜利精密集合竞价涨停
588,2020-03-20 09:25:00,A股三大指数集体高开，沪指涨0.92%，深成指涨1.31%，创业板指涨1.53%，数据中心、光刻胶、5G等开盘走强。,A股三大指数集体高开 沪指涨0.92%
589,2020-03-20 09:20:00,港股高开，恒指开涨2.02%，收复22000点关口。,港股开盘：恒指高开2.02%
590,2020-03-20 09:19:00,截至3月19日24时，广东全省累计报告新冠肺炎确诊病例1392例（其中境外输入病例42例），累计出院1322例（含境外输入病例1例），累计死亡8例。19日当天全省新增境外输入确诊病例14例，其中广州5例（菲律宾输入4例、美国输入1例），深圳5例（英国、...,广东省新增14例境外输入新冠肺炎确诊病例
591,2020-03-20 09:17:00,本周中国央行未进行逆回购操作，因本周没有逆回购到期，本周实现零投放零回笼。,本周中国央行未进行逆回购操作
592,2020-03-20 09:16:00,人民币兑美元中间价较上日调降530点至7.1052，中间价贬值至2008年3月12日以来最低，降幅创2020年2月4日以来最大。,人民币兑美元中间价较上日调降530点至7.1052
593,2020-03-20 09:16:00,据机构援引业内人士：中国央行公开市场今日不进行逆回购操作。,中国央行公开市场今日不进行逆回购操作
594,2020-03-20 09:15:00,2020年3月19日0-24时，浙江省新增新型冠状病毒肺炎确诊病例1例（境外输入病例），新增出院病例2例。其中：新增确诊病例中，温州市1例（境外输入病例）；新增出院病例中，丽水市2例。（杭州发布）,浙江省昨日新增新冠肺炎确诊病例1例（境外输入病例）
595,2020-03-20 09:12:00,19日0-24时，天津报告境外输入性新冠肺炎确诊病例1例，系英国输入病例。（中国新闻网）,天津报告境外输入性新冠肺炎确诊病例1例
596,2020-03-20 09:11:00,美国三大股指期货跌幅收窄，纳指期货率先转涨，现涨0.3%。,美国三大股指期货跌幅收窄
597,2020-03-20 09:09:00,据外媒，洛杉矶市长发布留在家中的规定，以遏制新冠疫情传播。,洛杉矶宣布禁足令
598,2020-03-20 09:08:00,韩国新增新冠肺炎确诊病例87例，累计确诊病例8652例。,韩国新增新冠肺炎确诊病例87例
599,2020-03-20 09:05:00,通知指出，打造10个标杆网络，推动100个重点行业龙头企业、1000个地方骨干企业开展工业互联网内网改造升级；增强5大顶级节点功能，启动南京、贵阳两大灾备节点工程建设。详情>>,工业和信息化部办公厅发布关于推动工业互联网加快发展的通知
600,2020-03-20 09:01:00,内盘期货开盘，上海原油期货主力合约涨8.88%，沥青涨5.93%，燃油涨5.43%；美、布两油涨幅均大幅收窄，WTI原油现涨3.77%，此前一度涨逾6%；布伦特原油涨0.2%。,上海原油期货主力合约开盘涨8.88% 美、布两油涨幅均大幅收窄
601,2020-03-20 09:00:00,富时中国A50指数期货开盘涨0.79%。,富时中国A50指数期货开盘涨0.79%
602,2020-03-20 08:59:00,商品期货开盘大面积上涨，原油大涨9%，沥青燃油涨超5%，苯乙烯、铁矿、豆油涨超3%。,商品期货开盘大面积上涨：原油大涨9%
603,2020-03-20 08:54:00,中国击剑协会发布《中国重剑队情况通报》：在接受入境检疫时，三名队员核酸检测阳性，确诊感染新冠肺炎。,中国重剑队3名队员核酸检测阳性
604,2020-03-20 08:51:00,特朗普要求州官员推迟公布就业数据以及发布失业申请数据。（纽约时报）,特朗普要求州官员推迟公布就业数据
605,2020-03-20 08:50:00,市场调研机构Strategy Analytics近日发布的2020年2月全球智能手机市场报告显示，小米在2月的出货量和销量首次超过华为，成为全球第三大智能手机厂商。三星苹果仍位居前二。（新浪科技）,告称今年2月小米出货量首超华为 位居全球第三
606,2020-03-20 08:47:00,3月19日0-24时，四川省新型冠状病毒肺炎新增境外输入确诊病例1例（3月15日从美国纽约经台北中转，于3月17日抵达成都后即接受隔离医学观察和动态诊疗，于3月19日确诊），相关密切接触者正在实施追踪和集中隔离医学观察。新增治愈出院病例5例，无...,四川再增1例境外输入确诊病例 系美国返回，到成都即隔离
607,2020-03-20 08:43:00,19日12-24时，山东省青岛市新增美国输入新冠肺炎确诊病例1例。（中国新闻网）,山东省青岛市新增美国输入新冠肺炎确诊病例1例
608,2020-03-20 08:42:00,截至美国当地时间3月19日收盘，苹果、微软、亚马逊和Alphabet以及Facebook自市场见顶以来市值总共蒸发了1.3万亿美元。除此之外，尽管标准普尔500指数周四上涨了0.5%，但在过去的一个月里已经暴跌了29%，因为新型冠状病毒的传播有可能使全球经济...,美国五大科技巨头1个月市值蒸发1.3万亿美元
609,2020-03-20 08:39:00,中信证券指出，短期海外疫情与油价下行冲击持续发酵，2008年全球资产同步下跌的“至暗时刻”重现，黄金运行阶段性兑现了流动性危机。中长期看，美国经济衰退风险上升，再度降息开启零利率时代后仍有进一步宽松的预期，财政刺激政策使得政府负债...,中信证券：金价兑现疫情和油价危机 债务风险奠定中长期上...
610,2020-03-20 08:36:00,截至03月19日，上交所融资余额报5767.95亿元，较前一交易日增加13.41亿元；深交所融资余额报5021.24亿元，较前一交易日增加29.65亿元；两市合计10789.19亿元，较前一交易日增加43.06亿元。,两市融资余额较前一交易日增加43.06亿元
611,2020-03-20 08:34:00,美国总统特朗普19日在白宫新闻发布会上的讲稿被记者拍下。照片显示，稿件中的“新冠病毒”被划掉，手写改为了“中国病毒”。CNN报道称，随着美国新冠病毒感染人数的与日俱增，特朗普开始改变调门，努力想把中国当成“替罪羊”。在咨询过医学专家...,特朗普讲话稿将新冠病毒改为中国病毒
612,2020-03-20 08:34:00,越南提议推迟举办第36届东盟峰会。（新华社）,越南提议推迟举办第36届东盟峰会
613,2020-03-20 08:33:00,截至欧洲中部时间19日18时，欧洲累计确诊新冠肺炎100470例，累计死亡4752例。欧洲也因此超过累计确诊94253例的亚洲，成为确诊人数最多的大洲。（法新社）,欧洲新冠肺炎累计确诊数破10万，成确诊数最多大洲
614,2020-03-20 08:32:00,3月10日，北京现代菲斯塔纯电动正式发布，国补后售价17.38万元-19.88万元；同时，推出了“拥车无忧”购车政策，即消费者可在国补后售价的基础上再享受3万元的高额购车礼遇以及3年免息、超值置换补贴等多重福利。 作为北京现代旗下首款纯电动轿车...,菲斯塔纯电动上市，北京现代抢滩纯电轿车市场
615,2020-03-20 08:32:00,韩国央行行长李柱烈：现在的情况比全球金融危机时期更严峻。,韩国：现在的情况比全球金融危机时期更严峻
616,2020-03-20 08:28:00,摩纳哥元首阿尔贝二世亲王当天确诊感染新冠肺炎，成首个确诊的国家元首。摩纳哥亲王宫对媒体表示，阿尔贝二世亲王的病情并不严重。9天前，他被拍到与查尔斯王子在英国伦敦参加慈善活动。（CNN）,首位国家元首确诊！摩纳哥亲王确诊感染新冠肺炎
617,2020-03-20 08:23:00,美国财长姆努钦接受采访时，进一步公开了特朗普政府为抗疫推出的财政刺激细节：希望为每位成人提供1000美元，每位小孩500美元，所以一个四口家庭将至少可领到3000美元。（澎湃）,美国财长透露发钱计划：成人1000美元，儿童500美元
618,2020-03-20 08:19:00,澳洲联储：第一轮量化宽松将会购买多达50亿澳元的政府债券。将会购买2022年7月、2023年4月、2027年11月和2028年5月到期的政府债券。,澳洲联储：第一轮量化宽松将会购买多达50亿澳元的政府债券
619,2020-03-20 08:18:00,在美国上市的中国市场相关ETF普涨，其中，数据显示，安硕中国大盘ETF（FXI）上涨0.09%，报34美元；安硕MSCI中国ETF（MCHI）上涨0.73%，报52.74美元。,在美上市的中国相关ETF19日普涨
620,2020-03-20 08:17:00,美国总统特朗普19日说，他敦促美国食品和药物管理局加速针对新冠肺炎药物的审批工作，一种抗疟疾药有可能很快应用于治疗新冠肺炎。　　特朗普在白宫举行的发布会上表示，这是一种常见的抗疟疾药物，同时可以治疗严重的关节炎。这种药物的早期测...,特朗普称一种抗疟疾药可能很快应用于治疗新冠肺炎
621,2020-03-20 08:15:00,海通证券表示，现在的点位只有2600多点，市场向下的空间越来越小，疫情导致经济金融危机的风险不大，但A股未来数月的走势或更多呈现区间震荡行情，因此，遇到急跌行情，可以适当买入，也可以采用指数定投的方式，逐步买入，一旦全球疫情消散，中...,海通证券：美股暂别暴涨暴跌，企稳信号或显现
622,2020-03-20 08:13:00,3月19日，广东省省长马兴瑞主持召开省政府常务会议，听取全省复工复产情况汇报，研究应对疫情影响促进信息消费等工作。会议强调，要以信息基础设施建设为抓手，促进5G与信息消费相融合，培育形成基于新型信息基础设施的新业态、新消费。会议审议...,广东省政府常务会：促进5G与信息消费相融合
623,2020-03-20 08:12:00,视觉中国：试运营期间，公司持续加强管理，巩固整改成果，截至目前整体运营平稳，自即日起恢复正常运营，欢迎社会各界继续监督。,视觉中国：网站恢复正常运营
624,2020-03-20 08:11:00,当地时间19日，世界粮食计划署执行干事大卫·比斯利发表声明称，他本人于当天被确诊感染了新冠病毒。比斯利在声明中称，他于上周末从加拿大返回美国的家中后感到身体不适，目前他已在家中自我隔离了5天时间。他和他的团队正在追踪可能的密切接触...,世界粮食计划署执行干事大卫·比斯利确诊感染新冠病毒
625,2020-03-20 08:08:00,美银美国经济学家米歇尔-梅耶（Michelle Meyer）在一份报告中写道：“我们正式宣布，美国经济已经陷入衰退……加入了世界其他地区，这是一场深度衰退。”美银预计，美国第二季度经济将“崩溃”，萎缩12%，全年GDP将萎缩0.8%。（新浪）,美银：我们正式宣布美国已陷入衰退
626,2020-03-20 08:06:00,中信建投点评腾讯控股财报时指出，疫情期间头部游戏受益尤为明显，20年春节期间腾讯的《王者荣耀》及《和平精英》牢牢占据游戏榜前2名，我们预计春节期间大量的流量对腾讯1季度营收贡献巨大。认为腾讯控股手游及广告业务仍能保持稳定增长，而金...,中信建投：当前腾讯控股仍处于被低估状态，维持“买入”评级
627,2020-03-20 08:03:00,韩国KOSPI指数盘初涨幅迅速扩大至4%，日本东京证券交易所今日因春分日休市一日。,韩国KOSPI指数盘初涨幅迅速扩大至4%
628,2020-03-20 08:02:00,韩国KOSPI指数开涨2.62%，日本东京证券交易所今日因春分日休市一日。,韩国KOSPI指数开涨2.62%
629,2020-03-20 07:57:00,国家卫健委：新增疑似病例31例；新增报告境外输入确诊病例39例。截至3月19日24时，累计报告境外输入确诊病例228例。,国家卫健委：昨日新增报告境外输入确诊病例39例
630,2020-03-20 07:56:00,国家卫健委：3月19日0―24时，31个省（自治区、直辖市）和新疆生产建设兵团报告新增确诊病例39例，湖北新增确诊病例0例（武汉0例）；3月19日0―24时，新增报告境外输入确诊病例39例（广东14例，上海8例，北京6例，福建3例，天津、辽宁、黑龙江、...,国家卫健委：全国新增确诊病例39例
631,2020-03-20 07:54:00,NBA凯尔特人队后卫斯马特录制视频，宣布自己新冠病毒检测呈阳性。（腾讯体育）,NBA凯尔特人队后卫斯马特宣布自己新冠病毒检测呈阳性
632,2020-03-20 07:53:00,美国财长姆努钦称，他与民主党领导人佩洛西和舒默进行了交谈，并且“我们刚刚与麦康奈尔进行了富有成效的后续讨论。我们的目标是让国会在周一通过立法，总统签字”。,美国财长希望下周一通过万亿刺激方案
633,2020-03-20 07:46:00,WTI原油日内涨幅扩大至6%，报26.52美元/桶,WTI原油日内涨幅扩大至6%
634,2020-03-20 07:45:00,哥斯达黎加卫生部发布公报，确认新增18例新冠肺炎确诊病例，全国累计确诊87例，其中包括7名未成年人，年龄最小的患者仅两岁。（环球网）,哥斯达黎加新增18例确诊病例 累计确诊87例
635,2020-03-20 07:44:00,青岛市国资委官方公众号3月19日晚间发布消息称，青岛市国资委主任马卫刚表示，今年将重点抓好三方面工作，其一为国企混改，重点抓好5户已经初步制定方案的集团层面的市属企业混改，同时推动市属企业在各级子公司开展混改，积极推动企业上市和双...,青岛今年将推进5户市属企业集团层面混改 将申报区域性国...
636,2020-03-20 07:42:00,当地时间19日，戛纳电影节官方发表公告，称由于新冠肺炎疫情，戛纳电影节将不会按照传统在今年五月举行，目前电影节方面在研究多种可能性，其中最主要的方案是将戛纳电影节推迟到6月底、7月初举办。戛纳电影节创立于1946年，是当今世界最有影响...,戛纳电影节官方公告：将不会按传统在五月举行
637,2020-03-20 07:42:00,据美国媒体the Athletic名记Shams报道，据消息人士透露，洛杉矶湖人队有两位球员确诊新冠肺炎，但这两位球员的姓名并未公开。湖人队尚未官方宣布此消息。另据ESPN报道，费城76人三名球队成员新冠病毒检测呈阳性。掘金方面称，有一名球队成员的新...,美媒：洛杉矶湖人队两名球员确诊新冠，76人感染三人
638,2020-03-20 07:40:00,IMF总裁KristalinaGeorgieva发微博称，国际货币基金组织能够向其成员国提供大约1万亿美元的贷款。（新浪）,IMF总裁：IMF能向成员国提供大约1万亿美元贷款
639,2020-03-20 07:39:00,当地时间19日，加拿大不列颠哥伦比亚省医疗官波尼·亨利在首府维多利亚宣布，该省新增40个病例，累计达到271例。死亡病例增至8个，其中7个来自林恩谷养老院。截至发稿时，根据各省公布的数字，加拿大已有873例确诊和初诊病例，死亡12例。（央视...,加拿大新冠肺炎确诊病例增至873例 死亡12人
640,2020-03-20 07:39:00,根据美国约翰斯·霍普金斯大学发布的全球实时疫情数据，截至北京时间20日早上7时，除中国之外，全球范围内已有6个国家累计新冠肺炎超过1万例。其中，意大利41035例，伊朗18407例，西班牙17963例，德国15320例，美国13159例，法国10886例。（环球...,中国以外累计确诊病例过万例国家已达6个
641,2020-03-20 07:38:00,20日四大证券报纸内容精华摘要有:A股坚韧 机构加仓意愿增强；多家上市公司增持回购稳“军心”；多地发放消费券总额达数亿元 涉及餐饮文旅等行业  ,四大证券报纸及人民日报头版内容精华摘要（3月20日）
642,2020-03-20 07:37:00,19日，南方东英中证500ETF在港交所正式挂牌上市，开始交易。成为香港市场唯一一支追踪A股中证500指数的ETF。这也是在春节之后新冠肺炎疫情、石油价格暴跌、美股等外围股市震荡的阴霾下，港股市场首支上市的ETF。还未上市交易，该ETF便获得了资金...,外资借道布局A股！中证500ETF在港挂牌
643,2020-03-20 07:35:00,日前，深交所组织开展了2019年个人投资者状况调查。调查结果显示，2019年，受访者平均账户资产量增加，受访者平均账户资产量达54.7万元，较上年增加近23%，股票资产配置略有提升；另外，参与过公募基金交易的受访者较上年大幅增加17.2个百分点，...,深交所：去年个人投资者平均账户资产54.7万元
644,2020-03-20 07:35:00,数据显示，3月份以来269家A股公司公布了股份回购进展情况，不乏大手笔积极回购案例，回购股份主要用于股权激励及员工持股计划。（中国证券报）,3月以来上市公司回购股份活跃 主要用于股权激励及员工持...
645,2020-03-20 07:28:00,虽然美国加码出台了系列重磅“救市”政策，但美股仍在10天内熔断4次。近期，处于巨震之中的美股仍未企稳，超预期刺激政策也无法有效提振市场。业内人士表示，鉴于新冠肺炎疫情蔓延、美国总统大选等不确定性因素持续存在，未来美股仍有一定下行空...,十天四次熔断 系列重磅政策缘何难救美股
646,2020-03-20 07:24:00,在新一轮抛售潮席卷全球金融市场之际，国内商品市场也受到很大影响，近期多个商品期货品种出现明显跌势。永安期货认为，复产复工正在接近往年正常水平，尽管疫情会对经济产生一定影响，但短期需求的阶段性反弹仍可以期待。考虑到当前市场波动仍...,商品期市短期震荡难免 专家建议控制仓位
647,2020-03-20 07:23:00,WTI原油日内涨幅扩大至4%，报25.95美元/桶。,WTI原油日内涨幅扩大至4%
648,2020-03-20 07:19:00,根据美国约翰斯·霍普金斯大学发布的全球实时疫情数据，截至北京时间20日早上7时，全球范围内已有累计确诊新冠肺炎病例242191例，累计死亡病例9843例。（环球网）,全球累计新冠肺炎病例超过24万例
649,2020-03-20 07:18:00,白宫当地时间19日表示，受新冠病毒疫情影响，美国总统特朗普将取消原定于6月在戴维营举办的G7峰会，而改为视讯会议。,特朗普将取消G7峰会
650,2020-03-20 07:09:00,澳大利亚S&P/ASX200指数涨幅扩大至3%。,澳大利亚S&P/ASX200指数涨幅扩大至3%
651,2020-03-20 07:03:00,据美国约翰·霍普金斯大学发布的新冠肺炎确诊病例实时查询系统，截至美国东部时间3月19日晚6点，全美共报告新冠肺炎确诊病例13350例，死亡188例，治愈106例。在19日不到18小时时间里，全美新增确诊病例3899例。（人民日报）,美国单日新增新冠病例近4000例 总病例数达13350例
652,2020-03-20 07:02:00,截至当地时间3月19日18时，意大利累计新冠肺炎确诊病例41035例，24小时新增5322例，累计死亡3405例，治愈4440例。目前2498人正接受重症监护治疗。,意大利单日新增5322例新冠肺炎确诊病例 累计确诊41035例
653,2020-03-20 07:01:00,美国股指期货扩大跌幅，标普500指数合约下跌2.2%。,美国股指期货扩大跌幅
654,2020-03-20 06:53:00,特斯拉CEO马斯克在回答有关中国生产的问题时，表示在中国“数百家供应商和整个特斯拉上海正常运营”。,马斯克：在中国“数百家供应商和整个特斯拉上海正常运营”
655,2020-03-20 06:53:00,美国芝商所（CME）：将美国原油期货和布伦特原油期货的熔断机制自7%上调至15%。,芝商所：将美国原油期货和布伦特原油期货的熔断机制自7%...
656,2020-03-20 06:52:00,期货交割业务不仅是实现相关产业期现结合的有力工具，更在疫情防控期间成为支持实体企业的“强心剂”。记者日前从上海期货交易所获悉，2002合约交割期，上期所16个品种交割量高达9.2万手，累计交割量同比增长超过80%，交割金额超过100亿元。上期...,上期所2月期货交割量 同比增逾八成
657,2020-03-20 06:50:00,当地时间3月19日，刚果（金）国民经济部长阿卡西娅·班杜博拉·姆邦戈（Acacia Bandubola）确诊感染新冠肺炎。目前她与丈夫及部长办公室副主任均已被隔离。姆邦戈部长3月10日从法国出差返回金沙萨，13日参加了总统齐塞克迪召集的部长会议。目前...,刚果（金）国民经济部长确诊感染新冠肺炎与丈夫均已被隔离
658,2020-03-20 06:50:00,上海证券报头版评论称，近期受国际金融市场波动加剧影响，我国资本市场出现一些波动，北向资金延续流出趋势。对此，分析人士认为，受全球金融市场恐慌情绪上升影响，投资者普遍采取减持风险资产、持有现金的交易策略，人民币资产也面临同样的情...,上证报评论：短期调整不改中国资本市场中长期向好方向
659,2020-03-20 06:47:00,近期全球市场异常波动，不仅拖累A股，还引发了国内商品期货市场部分品种持续大幅下跌。在此背景下，国内不少量化私募产品却在市场的剧烈波动中逆势逞强，有产品近一个月大赚近70%。（中国证券报）,收益率旱地拔葱 量化私募业绩大面积飘红
660,2020-03-20 06:44:00,综合主流保险机构提供的内部数据，3月17日以来的3天内，逾百亿元保险资金已入市抄底。他们认为，目前点位已跌至公司内部设定的买入区间点位，且判断A股股指进一步下探空间有限。综合多家大型保险机构的观点来看，两条主线将贯穿下半年行情：第一...,三天抄底逾百亿元 保险资金出手布局两条主线
661,2020-03-20 06:42:00,近期，发布百亿元级融资计划的房企数量增多，且融资期限基本在5年左右。多数房企融资是为了偿还前期贷款。同时，“疫情防控债”成为房企的重要融资手段。（中国证券报）,百亿级融资计划频出 房企忙解资金压力
662,2020-03-20 06:42:00,近期，AI技术的应用在防控疫情和复工复产的过程中密集落地。随着智能制造、在线教育、远程办公的广泛普及，基于AI的产业智能化价值凸显。此次疫情成为AI技术实力和落地能力的试金石，百度等领先的AI企业脱颖而出。业内人士指出，AI技术的广泛应...,AI应用大展拳脚 产业智能化提速
663,2020-03-20 06:41:00,秘鲁央行将关键利率下调至1.25%。,秘鲁央行将关键利率下调至1.25%
664,2020-03-20 06:41:00,阿根廷将从周五开始进行全国封锁。,阿根廷将从周五开始进行全国封锁
665,2020-03-20 06:36:00,19日，A股保持韧性，上证综指守住2700点关口，创业板指实现V型反转，上涨0.42%。近期，市场调整令私募抄底意愿增强，百亿级别私募上周加仓幅度达15.57%，其中仓位超八成的百亿级别私募占比高达73.53%。基金人士表示，与海外市场相比，A股有望保...,A股坚韧 机构加仓意愿增强
666,2020-03-20 06:34:00,美股十日内已经熔断四次。分析人士表示，新冠肺炎疫情仍在美国蔓延，防控面临较大压力，经济衰退预期高升；在多空消息交织影响下，目前美股市场不确定性较高，抛压仍较重，不排除短期内出现再次熔断的可能。（中国证券报）,十日内四次熔断 美股走势不确定性增大
667,2020-03-20 06:32:00,19日，离岸、在岸人民币对美元汇率相继失守7.1，创逾5个月新低。分析人士指出，“美元荒”造成无差别冲击，人民币汇率短时承压，外资投资行动恐也受拖累，但“多重防线”提供缓冲垫，随着流动性紧张逐渐得到缓和，人民币资产吸引力终将充分展现...,“美元飓风”骤起 吹倒非美货币一片
668,2020-03-20 06:32:00,数据显示，截至3月19日，今年以来各地专项债发行规模共计10165.31亿元，突破万亿，占提前下达新增专项债额度的近八成。专家认为，未来发挥专项债作用的关键在于项目有进展、资金能落地，应促进在建项目尽早开工，疏通项目堵点。（中国证券报）,地方专项债发行破万亿 疏通项目堵点是关键
669,2020-03-20 06:31:00,在各地政府和多部门政策支持下，复工复产按下“加速键”。业内人士指出，上市公司有序复工复产充分发挥“领头羊”作用，体现了中国经济的强劲活力，为经济平稳运行作出贡献。近期，上市公司复工率超过九成，上市公司复工复产状况良好，也将进一...,政策组合拳发力 上市公司生产重启按下“加速键”
670,2020-03-20 06:24:00,证券时报头版评论称，3月19日披露，3月18日湖北新增确诊病例0例。“0”这个数字来得弥足珍贵、殊为不易！如今，湖北新增确诊病例为0，驰援武汉和湖北的医务工作者大部分已返回原地，A股市场也将全面进入复工复产新时代。全面复工复产有着极强的...,证券时报评论：湖北首现零增长 复工复产按下快进键
671,2020-03-20 06:24:00,有“炒美族”告诉记者，许多海外金融顾问最近都在努力指导他们的客户，如何理解令人感到恐惧的市场调整。海外分析师认为，海外投资者在兜售手中几乎所有的一切，这种急迫回笼现金的做法对金融市场造成冲击。基金经理们认为，新冠肺炎疫情是市场...,海外股市近期恐慌性大跌 “尾部风险”仍是疫情
672,2020-03-20 06:19:00,美国共和党的议案为疫情救助设置薪酬上限，禁止``金色降落伞''。,美国共和党的议案为疫情救助设置薪酬上限，禁止``金色降...
673,2020-03-20 06:17:00,记者获悉，在助力疫情防控和企业复工复产方面，大数据、人工智能、5G等新技术各显身手，在线教育、远程医疗、生鲜电商等迅速升温。从目前已发布的60多家上市公司一季报业绩预告来看，16家公司预喜皆与“宅经济”相关联。与此同时，在各地重大基...,多方竞相布局 数字经济全面提速
674,2020-03-20 06:16:00,经济参考报头版评论称，美联储此轮宽松行动和中国央行以我为主的货币政策均有其内在合理逻辑，不同的方式源于疫情防控形势、货币政策传导机制以及国情不同。中国目前的政策措施是建立在经济运行实际情况基础上的，是正确的。从美联储采取的一系...,经参评论：美联储宽松政策旨在预防长期衰退
675,2020-03-20 06:15:00,阿根廷央行下银行准备金要求：银行业必须下调LELIQ头寸，以便提供贷款。,阿根廷央行降低银行存款准备金规定
676,2020-03-20 06:07:00,【全球要闻】美股周四收高，道指重新站上2万点关口；Uber股价暴涨近40%，CEO称有足够资金度过疫情危机；特朗普称将在适当时机介入油市争端，美油创史上最大日涨幅。,全球要闻：道指重新站上2万点关口 美油创史上最大日涨幅
677,2020-03-20 06:04:00,美国约翰斯·霍普金斯大学发布的实时统计数据显示，截至美国东部时间19日17时30分（北京时间20日5时30分），美国新冠肺炎确诊病例累计13060例，死亡175例。（新华社）,美国新冠肺炎确诊病例累计13060例
678,2020-03-20 06:02:00,WTI原油开盘涨逾2%，报25.58美元/桶。,WTI原油开盘涨逾2%
679,2020-03-20 06:02:00,美股期货下跌，标普500指数期货跌1.6%。,美股期货下跌，标普500指数期货跌1.6%
680,2020-03-20 05:57:00,科威特政府发言人塔里克·穆兹拉姆于当地时间19日晚向外界表示，鉴于目前新型冠状病毒肺炎疫情的最新情况，科威特内阁已决定科威特境内大中小学将停课至今年8月4日。截至19日下午，科威特境内新冠肺炎累计确诊病例数量已达148例，其中18例病愈出...,科威特教育部宣布境内大中小学将停课至8月4日
681,2020-03-20 05:33:00,当地时间19日，世卫组织总干事谭德塞在新冠肺炎代表团通报会上表示，中国首次没有报告本土新增病例，是一项了不起的成就。谭德塞指出，目前全球超过70%的国家地区制定了新冠肺炎全国预备和响应计划，89%的国家地区拥有实验室检测能力。与此同时...,世卫组织总干事谭德塞：中国新冠肺炎病例0新增是一项了不...
682,2020-03-20 05:31:00,英国首席脱欧谈判代表David Frost正因出现新冠病毒症状而进行隔离。,英国首席脱欧谈判代表David Frost正因出现新冠病毒症状而...
683,2020-03-20 05:20:00,加州州长纽森在3月19日表示，尽管官方具体数据尚未公布，但该州的失业保险申请数量在短短两天内翻了一番。加州政府部门平均每天收到2000份失业保险申请，在两三日前已经收到了40000份，本周二更是多达80000份失业保险申请。据预测，在新冠疫情阴...,新冠疫情下美国加州失业率创新高 失业人数或超28万
684,2020-03-20 05:15:00,美联储数据：美联储的贴现窗口借款金额在当地时间3月18日从周三的110亿美元升至280亿美元。,美联储的贴现窗口借款金额从周三的110亿美元升至280亿美元
685,2020-03-20 04:55:00,特斯拉盘后跌幅进一步扩大至5.2%。,特斯拉盘后跌幅进一步扩大至5.2%
686,2020-03-20 04:52:00,芝商所（CME）将4月原油期货合约保证金上调20.4%至5600美元/手，此前为4650美元/手。将4月COMEX 5000白银期货合约保证金上调14.3%至8000美元/手，此前为7000美元/手。,芝商所（CME）将4月原油期货合约保证金上调20.4%至5600美...
687,2020-03-20 04:46:00,特斯拉已经决定暂时停止加利福利亚州弗里蒙特工厂的生产。,特斯拉已经决定暂时停止加利福利亚州弗里蒙特工厂的生产
688,2020-03-20 04:15:00,美股收盘，三大股指集体收涨。大型科技股走高，纳指上涨2.3%，标普500指数涨0.47%，道琼工业指数涨0.96%。科技股大幅回暖，抗疫概念股、航空股继续疲软。个股方面，特斯拉收涨18.39%，重回400美元上方。,美股收盘：三大股指集体收涨 纳指上涨2.3%
689,2020-03-20 03:42:00,知情人士称，德克萨斯州监管机构正考虑削减原油产量。在油价暴跌之后，一些原油公司的高层已经联系了负责监管原油行业的铁路委员会成员，请求委员会提供援助。从20世纪70年代以来，该州就没有限制过原油产量。该知情人士表示，目前还不清楚监管...,美国德克萨斯州考虑数十年来首次进行原油减产
690,2020-03-20 03:32:00,美国国务院将全球旅行警告提高至最高级：不要出行。,美国国务院将全球旅行警告提高至最高级：不要出行
691,2020-03-20 03:26:00,美股短线上扬，道指现涨1.06%，纳指涨4.19%，标普500指数涨1.59%。,美股短线上扬 道指现涨1.06%
692,2020-03-20 03:14:00,欧洲央行行长拉加德：已完全准备好根据需要，尽可能扩大资产购买计划的规模和实施时间，并调整其构成。,欧洲央行行长拉加德：尽可能扩大资产购买计划的规模和实...
693,2020-03-20 03:08:00,美国总统特朗普称，美国预定了大量氯喹以治疗新冠肺炎。,特朗普：美国预定了大量氯喹以治疗新冠肺炎
694,2020-03-20 02:55:00,WTI原油结算价上涨24%，创有史以来最大单日涨幅。,WTI原油结算价上涨24%
695,2020-03-20 02:54:00,英镑兑美元GBP/USD一度跌至1.15下方，日内跌幅扩大至1%。,英镑兑美元GBP/USD一度跌至1.15下方
696,2020-03-20 02:45:00,纳指涨幅扩大至5%，道指涨2.6%，标普500指数涨2.7%。,纳指涨幅扩大至5% 道指涨2.6%
697,2020-03-20 02:44:00,美、布两油有所回落，WTI原油日内涨幅收窄至15.31%，报25.77美元/桶；布伦特原油涨9.2%。,美、布两油有所回落 WTI原油日内涨幅收窄至15.31%
698,2020-03-20 02:41:00,法国卫生部：法国新冠肺炎确诊病例累计达10995例，死亡病例累计达372例。,法国新冠肺炎确诊病例累计达10995例
699,2020-03-20 02:41:00,美、布两油短线大幅拉涨，WTI原油日内涨超22%，报27.35美元/桶；布伦特原油涨10%。,美、布两油短线大幅拉涨
700,2020-03-20 02:34:00,热门中概股短线上扬，拼多多涨5.76%，阿里巴巴涨2.35%，京东涨0.88%，爱奇艺涨4.41%。,热门中概股短线上扬，拼多多涨5.76%
701,2020-03-20 02:32:00,美元指数DXY日内涨2%，报102.76。,美元指数DXY日内涨2%
702,2020-03-20 02:32:00,上海黄金交易所黄金T+D 3月20日（周五）晚盘收盘下跌0.25%报335.00元/克；上海黄金交易所白银T+D 3月20日（周五）晚盘收盘上涨2.00%报2954.00元/千克。,黄金T+D晚盘收盘下跌0.25%
703,2020-03-20 02:31:00,美、布两油回落，WTI原油日内涨幅收窄至10.7%，报24.71美元/桶；布伦特原油涨幅收窄至6.7%，报28.24美元/桶。,美、布两油回落，WTI原油日内涨幅收窄至10.7%
704,2020-03-20 02:24:00,特斯拉涨幅扩大至20%，成交额近90亿美元。,特斯拉涨幅扩大至20%
705,2020-03-20 02:09:00,委内瑞拉新增6例新冠肺炎确诊病例，累计42例。,委内瑞拉新增6例新冠肺炎确诊病例
706,2020-03-20 02:00:00,英国新冠肺炎确诊病例累计3229例，死亡病例累计144例。,英国新冠肺炎确诊病例累计3229例
707,2020-03-20 01:56:00,加拿大外长进行自我隔离，此前出现新的类似流感的症状，正等待新冠病毒检测结果。,加拿大外长进行自我隔离
708,2020-03-20 01:53:00,美国纽约市累计报告3615例新冠肺炎确诊病例，22例死亡病例。,美国纽约市累计报告3615例新冠肺炎确诊病例
709,2020-03-20 01:53:00,欧洲新冠病毒确诊病例超10万。（法新社）,欧洲新冠病毒确诊病例超10万
710,2020-03-20 01:52:00,美股短线冲高，道指涨超2%，纳指涨3.7%，标普500指数涨1.9%。,美股短线冲高 道指涨超2%
711,2020-03-20 01:39:00,秘鲁总统：秘鲁新冠肺炎确诊病例已增至234例。,秘鲁总统：秘鲁新冠肺炎确诊病例已增至234例
712,2020-03-20 01:36:00,越南新冠肺炎确诊病例累计达85例。,越南新冠肺炎确诊病例累计达85例
713,2020-03-20 01:36:00,南非卫生部长兹韦利·姆希泽：南非可能有60%-70%的人感染新冠病毒。,南非卫生部长兹韦利·姆希泽：南非可能有60%-70%的人感染...
714,2020-03-20 01:27:00,英国首相约翰逊：科学家们预计在一个月内进行疫苗实验。,英国首相约翰逊：科学家们预计在一个月内进行疫苗实验
715,2020-03-20 01:24:00,德国DAX指数收盘上涨174.00点，涨幅2.06%，报8624.25点；英国富时100指数收盘上涨101.32点，涨幅1.99%，报5181.90点；法国CAC40指数收盘上涨100.67点，涨幅2.68%，报3855.50点；西班牙IBEX35指数收盘上涨123.20点，涨幅1.96%，报6398.00点；意大...,欧股全线收高，意大利MIB指数涨2.38%
716,2020-03-20 01:18:00,英国首相约翰逊：我们可以在未来十二周内扭转局势。,英国首相约翰逊：我们可以在未来十二周内扭转局势
717,2020-03-20 01:14:00,意大利累计新冠肺炎确诊病例从昨日的35713例增至41035例，累计死亡病例从2978例增至3405例。,意大利单日新增5322确诊病例 新增死亡427例
718,2020-03-20 01:13:00,布油涨幅超12%，触及30美元/桶；美油涨超23%，报25.75美元/桶。美国总统特朗普称，将在适当的时侯介入油市争端。,布油涨幅超12% 再次触及30美元/桶
719,2020-03-20 01:11:00,美联储罗森格伦：预计市场将在接下来一周或两周稳定下来。,美联储罗森格伦：预计市场将在接下来一周或两周稳定下来
720,2020-03-20 01:08:00,在有效控制疫情稳定经济发展的同时，我国对外开放保持“加速度”。记者获悉，相关部门正在加快赶制新版外商投资准入负面清单，力争比往年更早推出。权威专家表示，新版负面清单提早至5月公布的可能性较大，医疗、养老、金融等服务业准入将迎更大...,新版外资准入负面清单加紧赶制 重大外资项目加速落地
721,2020-03-20 01:02:00,美元兑日元USD/JPY日内涨超2%，现报110.25。,美元兑日元USD/JPY日内涨超2%
722,2020-03-20 00:59:00,新加坡卫生部19日说，新加坡新增32例新冠肺炎确诊病例，累计病例升至345例。（新华网）,新加坡新增32例新冠肺炎病例
723,2020-03-20 00:52:00,美国疾控中心：截至美东时间3月18日16:00，美国报告新冠肺炎病例10491例，此前为7087例，累计死亡病例150例，此前为97例。,美国报告新冠肺炎病例10491例
724,2020-03-20 00:50:00,据报道，美国考虑介入沙特与俄罗斯之间（关于OPEC+是否继续减产石油的）僵局。,美国考虑介入沙特与俄罗斯之间僵局
725,2020-03-20 00:49:00,美东时间3月19日，据美国当地媒体报道，美国国务院正在准备将其全球出行预警提高到第四级：不要出行。这是国务院旅游安全预警的最高级。据消息人士称，国务卿迈克·庞培已批准了最高级预警。由于全球新冠肺炎爆发，美国国务院在上周三将出行预警...,美国务院或将出行预警提至最高级：不要出行
726,2020-03-20 00:47:00,道指重拾涨势，现涨1.1%，纳指涨2.77%，标普500指数涨0.8%。,道指重拾涨势 现涨1.1%
727,2020-03-20 00:47:00,欧洲斯托克600指数收涨2.9%，为2016年以来最大单日涨幅。,欧洲斯托克600指数收涨2.9%
728,2020-03-20 00:42:00,美国总统特朗普称，处于低位的油价就像减税，对原油行业造成了损害，将在适当的时侯介入油市争端。,特朗普：将在适当的时侯介入油市争端
729,2020-03-20 00:40:00,英国央行行长贝利：将从3月20日启动债券购买计划。,英国央行行长贝利：将从3月20日启动债券购买计划
730,2020-03-20 00:37:00,联合国秘书长古特雷斯：新冠肺炎导致全球经济衰退“几乎是肯定的”，可能达到“创纪录的规模”。,联合国秘书长古特雷斯：新冠肺炎导致全球经济衰退“几乎...
731,2020-03-20 00:33:00,美国总统特朗普表示，支持政府持有企业股份，不希望丧失那些创造了就业岗位的行业。,特朗普：支持政府持有企业的股份
732,2020-03-20 00:28:00,美国能源部副部长布罗莱特：能源部已经向国会提出30亿美元的要求来作为购买7700万桶原油的资金。,美国能源部副部长：能源部已经向国会提出30亿美元的要求...
733,2020-03-20 00:16:00,道指再度转跌，标普500指数涨幅缩窄至0.1%，纳指涨1.85%。,道指再度转跌，标普500指数涨幅缩窄至0.1%
734,2020-03-20 00:14:00,美国食品药品监督管理局：没有批准氯喹来治疗新冠病毒。,美国食品药品监督管理局：没有批准氯喹来治疗新冠病毒
735,2020-03-20 00:12:00,据交易平台Bitfinex报价显示，比特币重回6000美元/枚上方，刷新约一周高位，日内涨幅超10%。,比特币重回6000美元/枚上方
736,2020-03-20 00:03:00,吉利德科学趋平，几乎抹去此前7.4%的涨幅。,吉利德科学趋平 几乎抹去此前7.4%的涨幅
737,2020-03-20 00:03:00,丹麦央行上调利率15个基点至-0.6%。,丹麦央行上调利率15个基点至-0.6%
738,2020-03-20 00:01:00,美元指数DXY短线上扬超50点，非美货币普遍下挫。欧元兑美元EUR/USD短线下挫超60点。,美元指数DXY短线上扬超50点
739,2020-03-20 00:00:00,美股抹去部分涨幅，道指现涨0.9%，纳指涨2.6%，标普500指数涨0.98%。,美股抹去部分涨幅 道指现涨0.9%
740,2020-03-19 23:48:00,"美国总统特朗普表示，吉利德科学的抗病毒药有希望，FDA已经批准在治疗新冠肺炎病毒时使用氯喹（Chloroquine）。
",特朗普：吉利德科学的抗病毒药有希望
741,2020-03-19 23:41:00,WTI原油收复25美元/桶关口，刷新日内高位，日内涨超12%。,WTI原油收复25美元/桶关口 刷新日内高位
742,2020-03-19 23:38:00,美股持续走强，纳指升逾4%，道指涨约2.6%，标普500指数涨约2.4%。,美股持续走强，纳指升逾4%
743,2020-03-19 23:36:00,巴西暂时关闭南方边境。,巴西暂时关闭南方边境
744,2020-03-19 23:34:00,澳元兑美元升至0.59上方，日内涨幅超2.23%。,澳元兑美元升至0.59上方 日内涨幅超2.23%
745,2020-03-19 23:31:00,美股石油股全线反弹，荷兰皇家壳牌B涨近20%，英国石油涨8.5%，巴西石油公司与哥伦比亚石油公司涨超7%，中石油涨超4%。,美股石油股全线反弹 荷兰皇家壳牌B涨近20%
746,2020-03-19 23:29:00,WTI原油涨幅扩大至9%，现报24.39美元/桶；布油涨2.33%，报27.08美元/桶。,WTI原油涨幅扩大至9%
747,2020-03-19 23:27:00,美股三大指数回暖，道指涨超1.2%，标普500指数涨1.1%，纳指涨3.18%。,美股三大指数回暖 道指涨超1.2%
748,2020-03-19 23:26:00,富时中国A50指数期货日内涨超1%，此前一度跌超1%。,富时中国A50指数期货日内涨超1%
749,2020-03-19 23:25:00,优步股价飙升高达41%，此前该公司表示，即使在其最坏的预测中，该公司年底仍将拥有40亿美元现金。,优步股价飙升高达41%
750,2020-03-19 23:22:00,美、布两油涨幅继续扩大，WTI原油重回24美元/桶上方，日内涨超7%，布油现报26.73美元/桶。,美、布两油涨幅继续扩大，WTI原油重回24美元/桶上方
751,2020-03-19 23:21:00,印度快报19日报道，印度总理莫迪当天向全国发表讲话中称，将从当地时间22日开始实施宵禁，时间为从晚上7点到早9点。莫迪表示，所有公民都应该遵守宵禁，尽量在家中完成所有所有的工作。此外，他还在讲话中要求，65岁以上的公民不应该出门。,莫迪：印度将从22日起实施宵禁
752,2020-03-19 23:15:00,美、布两油持续攀升，美油涨超17%，报24.40美元/桶；布油涨6.8%，报28.5%。,美、布两油持续攀升 美油涨超17%
753,2020-03-19 23:07:00,德国报告新冠肺炎确诊病例累计达13944例，前一天为12307例。,德国报告新冠肺炎确诊病例累计达13944例
754,2020-03-19 23:04:00,鉴于受新冠肺炎疫情影响，欧盟3月19日决定，将推迟召开原定于3月26日至27日召开的欧盟峰会，具体时间待定。欧盟在19日发布的公告中称，欧盟领导人同意，将在下周再次召开视频会议，讨论新冠肺炎疫情。（央视）,欧盟决定推迟召开最新一轮峰会
755,2020-03-19 23:00:00,据美国媒体报道，截至美东时间19日上午11时左右，美国新冠肺炎确诊病例至少10259例，死亡病例至少152例。(央视新闻),美国新冠肺炎确诊人数超1万
756,2020-03-19 22:58:00,据CNBC消息，夏威夷州众议员图尔西·加伯德（Tulsi Gabbard）将退出民主党总统初选。,Tulsi Gabbard退出民主党总统初选
757,2020-03-19 22:50:00,香港特区政府渔农自然护理署19日表示，继此前一只宠物松鼠狗对新冠病毒测试呈弱阳性反应后，又有一只狗在新冠病毒反复测试中呈阳性反应。,香港发现第二例在新冠病毒测试中呈阳性的狗
758,2020-03-19 22:49:00,CFA Institute现正式宣布全球6月考试延期。请已报名考生及时查收邮件，获取更多关于考试安排的信息。,全球6月CFA考试延期
759,2020-03-19 22:45:00,国家发改委基础设施发展司有关负责人表示，已与各省区市发展改革委建立了重大交通项目开复工调度机制，对重大交通项目复工情况加强跟踪分析，高标准、高质量、高效率抓好铁路、公路、航道、机场等重大项目开工准备工作，全力以赴保开工、保进度...,国家发改委：全面推进重大交通项目复工
760,2020-03-19 22:39:00,在美上市的英国银行股短线跳水，巴克莱（BCS.N）现跌4.65%，劳埃德银行（LYG.N）跌1.34%，苏格兰皇家银行（RBS.N）跌4.5%，汇丰控股（HSBA.L）涨幅缩窄至1.6%。,在美上市的英国银行股短线跳水
761,2020-03-19 22:35:00,美股三大指数短线拉升，纳指复涨超3%，道指涨近1%，标普500指数涨1.26%。,美股三大指数短线拉升
762,2020-03-19 22:33:00,证监会公告，美瑞新材料股份有限公司、洛阳新强联回转支承股份有限公司、甘源食品股份有限公司、杭州聚合顺新材料股份有限公司、重庆百亚卫生用品股份有限公司、盛视科技股份有限公司（首发）获通过。,证监会：今日IPO6过6
763,2020-03-19 22:32:00,英国央行发布公告，近日来，与其他许多发达经济体债券市场一样，英国金边债券市场的状况已经恶化，英国和全球金融状况收紧。英国央行一致投票通过增加英格兰银行对英国政府债券和英镑非金融投资级公司债券的持有量，将2000亿英镑增至总计6450亿...,英国央行宣布降息15个基点至0.1%
764,2020-03-19 22:30:00,EIA天然气报告：美国天然气库存总量为20340亿立方英尺，较去年同期增加8780亿立方英尺，同时较5年均值高出2810亿立方英尺。,美国天然气库存总量较去年同期增加8780亿立方英尺
765,2020-03-19 22:25:00,美、布两油持续反弹，布油重回26美元上方，日内跌幅收窄至1.34%，WTI原油升至23美元上方，现涨2.59%。,美、布两油持续反弹
766,2020-03-19 22:19:00,美股科技股集体拉涨，苹果（AAPL.O）涨2%，微软（MSFT.O）跳升逾5%，亚马逊（AMZN.O）涨近4%，奈飞（NFLX.O）升近8%，Facebook（FB.O）涨近7%。,美股科技股集体拉涨
767,2020-03-19 22:16:00,特斯拉涨幅继续扩大，现涨逾20%。,特斯拉涨幅继续扩大
768,2020-03-19 22:13:00,美股三大股指集体翻红，纳指涨超2%，科技股强势大涨，特斯拉大涨超16%。,美股三大股指集体翻红 纳指涨超2%
769,2020-03-19 21:56:00,特斯拉美股急升逾10%，收复400美元关口。,特斯拉美股急升逾10%
770,2020-03-19 21:56:00,美股三大股指缩窄跌幅，纳指转涨，道指现跌1.8%，标普500指数跌1.5%。美股科技股强势拉升，Facebook涨3%，奈飞（涨4%，亚马逊涨超2%。特斯拉美股直线拉升，大涨逾10%，一度收复400美元关口。,美股三大股指缩窄跌幅 纳指转涨 科技股强势拉升
771,2020-03-19 21:53:00,美股抵押型（REITs）股票延续抛售潮，TWO HARBORS INVESTMENT跌超24%，ANNALY资本管理跌近12%，AGNC INVESTMENT跌超13%，红木信托跌超6%。,美股抵押型（REITs）股票延续抛售潮
772,2020-03-19 21:51:00,美股汽车股扩大跌幅，菲亚特克莱斯勒汽车集团（FCAU.N）跌12%，通用汽车（GM.N）跌10.7%，福特汽车（F.N）跌6.33%。,美股汽车股扩大跌幅
773,2020-03-19 21:46:00,辉瑞回吐昨日涨幅，现跌4.13%，生物科技公司BioNTech跌超33%。此前双方宣布，已就共同开发和分销一种潜在的基于mRNA的冠状病毒疫苗达成意向书。,美抗疫概念股集体下跌 BIONTECH跌超30%
774,2020-03-19 21:41:00,美股三大股指盘初跌幅持续扩大，道指跌超3%，标普500指数跌超2%，纳指跌超1%。美股汽车板块盘初跳水，菲亚特克莱斯勒汽车跌近12%，福特、蔚来、通用汽车跌近5%。美股航空股延续跌势，达美航空跌超8%，波音跌超10%，美联航空、美国航空跌超6%。,美股跌幅进一步扩大 道指跌超3%
775,2020-03-19 21:34:00,道指盘初迅速跌超2%，标普500指数跌超1.6%，纳指跌0.8%。,道指盘初迅速跌超2%
776,2020-03-19 21:34:00,蔚来汽车（NIO.N）跌5.35%；昨日公布的第一季度营收指引不及预期。,蔚来汽车跌5.35%
777,2020-03-19 21:33:00,美联储和澳大利亚、巴西、丹麦、韩国、墨西哥、挪威、新西兰、新加坡、瑞典等九国央行建立临时美元互换机制。此前美联储已经和欧洲央行、日本央行、英国央行、瑞士央行、加拿大央行建立此类机制，以为美元流动性提供支持。,美联储与澳洲联储等九大央行建立临时美元互换机制 以提供...
778,2020-03-19 21:30:00,美股低开，道指跌100点；航空股大幅下挫；美联储称将与更多央行建立美元掉期额度；桥水基金创始人：预计美国企业或将因疫情损失4万亿美元。,美股开盘：道指低开100点 银行股与航空股下挫
779,2020-03-19 21:26:00,美国共和党联邦众议员马里奥·迪亚兹-巴拉特和民主党联邦众议员本·麦克亚当斯18日分别通过社交媒体宣布自己新冠病毒检测结果呈阳性。随后，美国多名与两位众议员有过接触的国会议员宣布出于谨慎考虑决定自我隔离。美国国会近期暂停参观活动，仅...,美国国会两名众议员新冠病毒检测结果呈阳性
780,2020-03-19 21:18:00,深南电路发布公告称，2019年度实现营业收入105.24亿元，同比增长38.44%；净利12.33亿元，同比增长76.8%。其中，第四季度实现营业收入28.66亿元，净利3.65亿元。,深南电路：2019年度净利12.33亿元，同比增长76.8%
781,2020-03-19 21:18:00,美国能源部就采购3000万桶战略石油储备（SPR）原油询价。美国能源部表示首批将购买3000万桶石油作为战略石油储备，最终将购买7700万桶石油。,美国能源部就采购3000万桶战略石油储备（SPR）原油询价
782,2020-03-19 21:08:00,华润三九发布公告称，2019年度实现营业收入147.02亿元，同比增长9.49%；净利21.12亿元，同比增长47.51%。其中，第四季度实现营业收入45.15亿元，净利1.43亿元。,华润三九：2019年度净利21.12亿元，同比增长47.51%
783,2020-03-19 21:07:00,国信证券发布公告称，2019年度实现营业收入140.93亿元，同比增长40.49%；净利49.1亿元，同比增长43.43%。其中，第四季度实现营业收入42.26亿元，净利11.76亿元。,国信证券：2019年度净利49.1亿元，同比增长43.43%
784,2020-03-19 21:06:00,韩国和美国就600亿美元互换达成协议。,韩国和美国就600亿美元互换达成协议
785,2020-03-19 21:06:00,武汉市公安局发布通报称，1月3日下午，武汉市公安局武昌区分局中南路街中南路派出所对在网上出现的转发、发布SARS等传染病信息情况进行了调查，安排值班民警与李文亮医生谈话核实，现场制作笔录，对其训诫，并出具训诫书，属处置不当、适用法律...,武汉警方：撤销对李文亮医生的训诫书 向其家属郑重道歉
786,2020-03-19 21:04:00,美国财长努钦：我们要在低油价时期购买价值100亿甚至200亿美元的原油。,美国财长努钦：我们要在低油价时期购买价值100亿甚至200...
787,2020-03-19 21:02:00,南非央行下调回购利率50个基点至5.75%，符合市场预期。,南非央行下调回购利率50个基点至5.75%
788,2020-03-19 21:01:00,美国财长努钦：美国贸易代表办公室（USTR）已经免除了关键产品的关税。预计向企业发放的贷款在大多数情况下都会得到偿还。美国财政部完全可以发行更多债券。财政部将利用低利率为大量美国债务再融资。,美国财长努钦：美国贸易代表办公室（USTR）已经免除了关...
789,2020-03-19 20:59:00,百傲化学3月19日晚间披露年报，2019年实现营业收入8.72亿元，同比增长65.08%；净利润3.07亿元，同比增长111.31%。每股收益1.64元。公司拟每10股转增4股并派现6元（含税）。,百傲化学：2019年净利同比增111% 拟10转4派6元
790,2020-03-19 20:58:00,可立克发布公告称，2019年度实现营业收入11.09亿元，同比增长1.46%；净利2228.94万元，同比下降73.78%。其中，第四季度实现营业收入3.56亿元，亏损5584.79万元。,可立克：2019年度净利2228.94万元，同比下降73.78%
791,2020-03-19 20:58:00,清华大学中国经济思想与实践研究院创始院长李稻葵认为，熔断远远没有结束，而且还会持续。这次股票市场恐慌式下降，从前期来看是市场的调整，从30000点调整到20000点，甚至再往下。而影响这个调整的主要因素是恐慌，而恐慌的来源是疫情的发展。...,李稻葵：熔断远远没有结束
792,2020-03-19 20:56:00,总体目标是，到2025年基本建立适应高质量发展需要的中央企业知识产权工作体系，企业知识产权创造、运用、保护、管理能力显著增强，同时提出了具体要求和量化目标。,国资委与国家知识产权局联合印发《关于推进中央企业知识...
793,2020-03-19 20:52:00,上海国际能源交易中心：自2020年3月23日（周一）收盘结算时起，20号胶期货合约的交易保证金比例调整为11%，涨跌停板幅度调整为9%。,上海国际能源交易中心：2020年3月23日结算时起 20号胶涨...
794,2020-03-19 20:48:00,美联储、美国联邦存款保险公司和美国货币监理署联合发布了货币市场流动性工具的临时最终规则。美联储表示，为了支持信贷流向家庭和企业，美联储监管机构今天宣布了一项临时最终规则，以确保金融机构能够有效地利用美联储最近推出的流动性工具。,美联储发布货币市场流动性工具的临时最终规则
795,2020-03-19 20:45:00,美股股指期货缩窄跌幅，道指期货与标普500指数期货现跌约1.8%，纳指期货跌1.2%。,美股股指期货缩窄跌幅
796,2020-03-19 20:42:00,上期所：自2020年3月23日（周一）收盘结算时起，铝、锌、铅期货合约的交易保证金比例调整为10%，涨跌停板幅度调整为8%；天然橡胶期货合约的交易保证金比例调整为11%，涨跌停板幅度调整为9%。,上期所：自2020年3月23日收盘结算时起 铝、锌、铅期货合...
797,2020-03-19 20:38:00,天虹股份公告，2019年营收193.93亿元，同比增长1.33%；净利润8.59亿元，同比下滑4.98%。另外，公司拟每10股派发现金红利4.2元（含税）。,天虹股份：2019年净利润同比下滑4.98% 拟10派4.2
798,2020-03-19 20:37:00,光库科技3月19日晚间公告，拟非公开发行不超过2710.11万股，募集资金总额不超过7.1亿元，扣除发行费用后将用于铌酸锂高速调制器芯片研发及产业化项目和补充流动资金。,光库科技：拟定增募资不超7.1亿 用于铌酸锂高速调制器芯...
799,2020-03-19 20:35:00,北京时间3月19日，德国总理默克尔首次就德国新冠肺炎疫情发表电视讲话，这同时也是默克尔担任总理15年来，除传统的新年电视讲话外，首次就特殊情况发表电视讲话。默克尔表示，如果医院在短时间内收治太多患者将会不堪重负，因此，默克尔呼吁民众...,德国总理默克尔：新冠肺炎疫情是德国“二战以来最大挑战”
800,2020-03-19 20:33:00,来自私募排排网的国内量化私募产品业绩监测数据显示，截至3月19日，按照最新一次产品公布净值计算，在该机构监测的四大类量化对冲策略（宏观策略、管理期货、相对价值、复合策略）合计3177只证券私募产品中，共计有2013只产品在最近一个月实现正...,逾六成量化私募产品近一月实现正收益
801,2020-03-19 20:31:00,美国上周首次申领失业救济人数为281000人；预估为220000人。,"美国上周首次申领失业救济人数为281,000人"
802,2020-03-19 20:28:00,美国白宫正考虑发行50年期、25年期国债为1.3万亿美元刺激计划融资。,美国白宫正考虑1.3万亿美元刺激计划融资
803,2020-03-19 20:25:00,桥水基金创始人达里奥：桥水公司业绩下滑了10%-20%。,桥水基金创始人达里奥：桥水公司业绩下滑了10%-20%
804,2020-03-19 20:25:00,盘前美股股指期货持续下跌，欧股由涨转跌，跌幅扩大；美股航空股盘前扩大跌幅，波音(BA.N)跌超5%；美联储周三晚间表示，随着新冠肺炎疫情带来的影响持续波及整个金融市场。,美股盘前：美股股指期货持续下跌 欧股跌幅扩大
805,2020-03-19 20:17:00,桥水基金创始人达利欧表示，预计美国企业或将因新冠肺炎疫情损失4万亿美元。同时因疫情大流行，预计全球企业的损失将达12万亿美元。(CNBC),桥水基金创始人达里奥预计美国企业或将因新冠肺炎疫情损...
806,2020-03-19 20:09:00,新华百货3月19日晚间披露年报，公司2019年实现营业收入76.68亿元，同比增长0.55%；净利润1.82亿元，同比增长32.59%。基本每股收益0.81元。公司拟向全体股东每10股派发现金红利2元（含税）。,新华百货：2019年净利同比增33% 拟10派2元
807,2020-03-19 20:07:00,招商南油3月19日晚间披露年报，公司2019年实现营业收入40.39亿元，同比增长19.55%；净利润8.77亿元，同比增长143.56%。基本每股收益0.17元。,招商南油：2019年净利8.77亿元 同比增144%
808,2020-03-19 20:00:00,国联股份：2019年净利同比增69%，拟10转4.5派1.15元；通威股份：拟40亿元投建年产4万吨高纯晶硅项目；通光线缆：公司通信光缆和通信用高频电缆产品非5G通信专用材料或设备等。,3月19日晚间公告集锦：通威股份拟40亿投建年产4万吨高纯...
809,2020-03-19 19:58:00,国联股份3月19日晚间披露年报，2019年实现营业收入71.98亿元，同比增长95.93%；净利润1.59亿元，同比增长69.34%。每股收益1.32元。公司拟每10股转增4.5股并派现1.15元。,国联股份：2019年净利同比增69% 拟10转4.5派1.15元
810,2020-03-19 19:53:00,自3月22日起，印度禁止所有入境航班，措施将维持一周。,印度禁止所有入境航班
811,2020-03-19 19:48:00,德国最快或将于下周批准紧急贷款方案。,德国最快或将于下周批准紧急贷款方案
812,2020-03-19 19:46:00,美股股指期货持续下挫，道指期货跌3%，标普500指数期货跌约2.8%，纳指期货跌约1.85%。,美股股指期货持续下挫
813,2020-03-19 19:44:00,欧洲股市跌幅扩大，德国DAX指数跌1.44%，英国富时100指数跌2.55%，欧洲斯托克50指数跌1.23%，欧洲斯托克600指数跌1.1%。,欧洲股市跌幅扩大
814,2020-03-19 19:44:00,恒力石化公告，3月19日，公司通过集中竞价交易方式实施了首次回购，首次回购数量334.85万股，占公司总股本的0.05%，成交的最低价格12.80元/股，最高价格12.98元/股，支付的总金额4326.11万元。,恒力石化：首次回购4326万元股份
815,2020-03-19 19:43:00,英国表示将不会限制进出伦敦的旅行，将在周四推出疫情应对紧急立法草案。,英国表示将不会限制进出伦敦的旅行
816,2020-03-19 19:40:00,证监会批准开展液化石油气期货及期权交易。,证监会批准开展液化石油气期货及期权交易。
817,2020-03-19 19:38:00,阳普医疗公告，由于疫情发展的不确定性以及市场竞争程度加剧，公司口罩等防疫产品的销售情况存在不确定性。此外，近期医疗器械应急注册申请程序发生变化，导致试剂盒注册进展存在不确定性。目前，新型冠状病毒的检测试剂盒已经完成设计及内部验...,阳普医疗：口罩等防疫产品销售情况存不确定性
818,2020-03-19 19:38:00,以岭药业公告，近日，公司全资子公司以岭万洲向美国FDA申报的伐昔洛韦片的新药简略申请已获得批准。伐昔洛韦主要用于治疗带状疱疹、单纯疱疹病毒感染、预防（抑制）单纯疱疹病毒感染的复发。本次伐昔洛韦片获得美国FDA批准文号，标志着以岭万洲...,以岭药业：全资子公司制剂产品获美国FDA批准文号
819,2020-03-19 19:36:00,今日新闻联播或涉及资本市场的内容：1、全国一盘棋快速统筹调度 抗击疫情后勤保障彰显我国制度显著优势。2、李克强主持召开中央应对新冠肺炎疫情工作领导小组会议。3、李克强分别同欧盟委员会主席和保加利亚总理通电话。4、中央指导组：用高水平...,3月19日 星期四 新闻联播要闻精选5条
820,2020-03-19 19:34:00,美股航空股盘前扩大跌幅，波音（BA.N）跌超5%，达美航空（DAL.N）跌4%，美国航空公司（AAL.O）跌3.43%，美国联合航空（UAL.O）跌3.65%。,美股航空股盘前扩大跌幅
821,2020-03-19 19:31:00,江西省文旅厅19日发布消息，江西今年二季度试行周末2.5天弹性作息，积极引导干部职工周末外出休闲度假。弹性作息减少的工作时间，通过延长其他工作日时长调剂补回。（国是直通车）,江西今年二季度试行周末2.5天弹性作息
822,2020-03-19 19:30:00,金隅集团公告，拟公开发行不超过28.2亿元可转债，用于10000t/d新型干法水泥熟料生产线产能置换及迁建项目、杨泉山矿附属设施建设项目、利用水泥窑协同处置项目和补充流动资金。,金隅集团：拟公开发行不超过28.2亿元可转债
823,2020-03-19 19:27:00,近期市场下挫，私募抄底意愿增强，数据显示，百亿私募上周加仓幅度达15.57%，其中仓位超八成的百亿私募占比高达73.53%。基金人士表示，当前宜稳健把握抄底、建仓节奏，方向上低估值的优质科技股、白马龙头股都可以逐步布局。一旦海外金融市场趋...,百亿私募大举加仓！基金经理：稳健把握建仓抄底节奏
824,2020-03-19 19:25:00,诚迈科技：公司收到参股公司统信软件的通知，武汉深之度的股权转让过户及工商变更登记手续已完成，武汉深之度已领取了武汉市市场监督管理局核发的《营业执照》。本次工商变更后，武汉深之度将成为统信软件的全资子公司。,诚迈科技：武汉深之度将成为统信软件的全资子公司
825,2020-03-19 19:24:00,大参林3月19日晚间公告，公司拟公开发行不超过14.05亿元可转债，用于医药零售门店建设项目、老店升级改造项目、新零售及企业数字化升级项目、南宁大参林中心项目、汕头大参林医药产业基地项目、南昌大参林产业基地项目（一期）、茂名大参林生产...,大参林：拟公开发行不超14.05亿元可转债
826,2020-03-19 19:20:00,日前深交所组织开展了2019年个人投资者状况调查。调查报告称，受访者期待创业板改革，重点关注增强创业板包容性、完善退市制度、强化发行人及中介机构责任等相关事项。新《证券法》各项投资者保护制度安排中，建立“中国特色的证券集体诉讼制度...,深交所调查报告：建立“中国特色的证券集体诉讼制度”最...
827,2020-03-19 19:11:00,李克强主持召开中央应对新冠肺炎疫情工作领导小组会议，部署调整优化防控措施，进一步精准防范疫情跨境输入输出，适应形势变化积极有序推进企事业单位复工复产。,中央应对新冠肺炎疫情工作领导小组：精准防范疫情跨境输...
828,2020-03-19 19:10:00,西班牙新增3431例新冠肺炎确诊病例，累计确诊病例从13716例升至17147例，死亡病例从598例升至767例。,西班牙报告新冠肺炎感染病例累计达17147例
829,2020-03-19 19:09:00,通威股份公告，公司拟在云南省保山市投资建设年产4万吨高纯晶硅项目，主要从事高纯晶硅的研发、生产和销售等，该项目总投资预计为40亿元，将于2020年上半年启动，预计2021年11月底前建成投产。项目投产后，预计实现营业收入30亿元/年。,通威股份：拟40亿元投建年产4万吨高纯晶硅项目
830,2020-03-19 19:07:00,博迈科披露年报，公司2019年实现营业收入13.54亿元，同比增长241.40%；净利润3465.42万元，同比增长384.49%。每股收益0.15元。公司拟每10股派发现金红利1元。,博迈科：2019年净利3465万元 同比增384%
831,2020-03-19 19:06:00,城发环境公告，中标内黄县城北污水处理厂特许经营项目，总投资1.52亿元。,城发环境：中标1.52亿元内黄县城北污水处理厂特许经营项目
832,2020-03-19 19:06:00,美元指数涨幅扩大至1%，升破102关口，续创三年新高。,美元指数涨幅扩大至1% 升破102关口
833,2020-03-19 19:04:00,国家监委调查组今天发布《关于群众反映的涉及李文亮医生有关情况调查的通报》。调查组的工作建议是：由于中南路派出所出具训诫书不当，执法程序不规范，调查组已建议湖北省武汉市监察机关对此事进行监督纠正，督促公安机关撤销训诫书并追究有关...,国家监委调查组发布李文亮医生有关情况调查的通报
834,2020-03-19 19:02:00,据日本放送协会报道，18日，日本北海道知事铃木直道表示，北海道将于19日结束紧急状态。铃木强调，目前为防止疫情扩散的措施仍将持续。截至当地时间19日凌晨，日本新冠肺炎累计确诊病例为921例，其中北海道最多，为154例。 （国是直通车）,北海道宣布19日结束紧急状态
835,2020-03-19 19:00:00,欧洲央行管委霍尔茨曼：欧洲央行在关键的时候推出价值7500亿欧元的刺激方案。预计欧洲央行的计划将持续到疫情危机结束，但至少要到年底。,欧洲央行：将在关键的时候推出价值7500亿欧元的刺激方案
836,2020-03-19 18:55:00,江山欧派公告，公司拟新购土地建设厂房，新建防火门产线项目，生产适应于市场需求的高品质的防火门，以满足不同市场的多样化需求。本项目总投资预计约4.5亿元。,江山欧派：拟4.5亿元新建防火门产线项目
837,2020-03-19 18:53:00,民航局发布关于疫情防控期间控制国际客运航班量的通知：以民航局3月12日官网发布的“国际航班信息发布（第5期）”为基准，每家航空公司在每条航线上的航班量只减不增。,民航局：疫情期间国际客运航班量只减不增
838,2020-03-19 18:52:00,泰国正考虑设立1000亿泰铢的股市稳定基金。,泰国正考虑设立1000亿泰铢的股市稳定基金
839,2020-03-19 18:51:00,梦洁股份公告，公司于近日取得了湖南省药品监督管理局颁发的《医疗器械生产许可证》和《中华人民共和国医疗器械注册证》。公司1条医用口罩生产线已正式投产，日产能4万只；已改造部分家纺生产线生产医用防护服，日产能1000套。公司另外签订的2条...,梦洁股份：取得医疗器械生产许可证及医疗器械注册证
840,2020-03-19 18:49:00,离岸人民币兑美元跌破7.15，为去年10月以来首次，日内跌近800点。,离岸人民币兑美元跌破7.15
841,2020-03-19 18:47:00,中国神华公告，2月份煤炭销售量为30.3百万吨 同比下降22.1%；2月份总售电量6.15十亿千瓦时，同比下降26%。,中国神华：2月份煤炭销售量同比降22.1%
842,2020-03-19 18:45:00,从海南省教育厅了解到，海南省满足防疫条件学校高三、初三年级将在4月7日开学，不满足的不可开学，其他年级、学段具体开学时间将视疫情发展形势综合研判后，提前一周向社会公布（央视新闻）,海南教育厅：满足防疫条件学校高三、初三年级将在4月7日开学
843,2020-03-19 18:43:00,伊朗报告新冠肺炎死亡病例累计达1284例。确诊病例累计达18407例。,伊朗报告新冠肺炎确诊病例累计达18407例
844,2020-03-19 18:34:00,文一科技发布股票交易异常波动公告称，近日，公司关注到一则媒体报道《紫光展锐上市前融资：国家大基金和上海国资被曝将注资45亿》，该报道中提及紫光展锐筹划科创板上市等有关事宜，经向公司第二大股东紫光集团有限公司发函询证，其回函确认，...,文一科技：紫光展锐筹划科创板上市事项与公司无关联
845,2020-03-19 18:34:00,深交所公布2019年个人投资者状况调查结果：受访者理性程度进一步提升，短线交易行为有所减弱，盈利投资者理性程度更高；受访者参与公募基金积极性显著提高，间接入市渐成趋势。2019年，受访者平均账户资产量达54.7万元，较上年增加10.2万元；受...,深交所公布2019年个人投资者状况调查结果
846,2020-03-19 18:31:00,人力资源和社会保障部副部长李忠19日在人社部专题新闻发布会上表示，2月份减免养老、失业、工伤三项社会保险费，累计1239亿元。其中，中小微企业受益最大，中小微企业因免征社保费受益942亿元，大型企业因减收社保费直接受益209亿元。从2月份实...,人社部：2月三项社会保险费减免1239亿
847,2020-03-19 18:29:00,三名消息人士称：阿联酋阿布扎比国家石油公司ADNOC推迟2020年上半年Murban原油使用新计价基准的计划，直到原油市场情况改善。,三名消息人士称：阿联酋国家石油公司推迟2020年上半年原...
848,2020-03-19 18:29:00,经国务院批准，依据《中华人民共和国国境卫生检疫法》和《中华人民共和国民用航空法》有关规定，决定自3月20日零时开始，下列目的地为北京的国际航班从指定第一入境点入境。现公告如下：调整部分国际始发客运航班从指定第一入境点入境：3月20日...,民航局等五部委：调整目的地为北京的国际航班从指定第一...
849,2020-03-19 18:27:00,据日本放送协会消息，根据日本各地的地方自治团体和厚生劳动省通报的数据，截至当地时间3月19日下午六点半，19日新增新冠肺炎感染者15人，包括包机归国的14人确诊病例，日本新冠肺炎感染者共计达到936人。19日新增1位感染者死亡病例，目前日本国...,日本新增新冠肺炎确诊病例15例，累计确诊936例
850,2020-03-19 18:26:00,远望谷3月19日晚间公告，在公司启动非公开发行公司债券的工作期间，市场及融资环境发生了变化。公司在综合评估宏观政策、市场环境、融资成本和融资期限等因素后，决定终止非公开发行公司债券工作，选择其他融资方式。,远望谷：终止非公开发行公司债券
851,2020-03-19 18:25:00,日前，中共中央批准：龚正同志任上海市委委员、常委、副书记（上观）,中共中央批准：龚正同志任上海市委委员、常委、副书记
852,2020-03-19 18:21:00,欧盟首席脱欧谈判官巴尼耶：本人新冠肺炎检测呈阳性。,欧盟首席脱欧谈判官巴尼耶：本人新冠肺炎检测呈阳性
853,2020-03-19 18:17:00,马来西亚卫生部19日说，截至当天中午12时，该国新增110例新冠肺炎确诊病例，累计确诊病例900例，累计治愈出院75例。（新华网）,马来西亚新冠肺炎确诊病例增至900例
854,2020-03-19 18:16:00,中信证券：2019年全年实现净利润122.29亿元，同比增长30.23%；拟10派5元,中信证券：2019年全年实现净利润122.29亿元
855,2020-03-19 18:14:00,美股股指期货扩大跌幅，道指期货与标普500指数期货复跌超2%，纳指期货跌约1%。,美股股指期货扩大跌幅
856,2020-03-19 18:12:00,四川路桥晚间公告，藏格公司拟将其持有的新锂想公司10%股权转让给公司。因藏格公司未实际出资，公司受让的股权无需支付股权转让款。受让后，公司持有新锂想公司股权比例由55%增加到65%，并承接相应的出资义务。新锂想公司主要负责开展锂电池正极...,四川路桥：受让新锂想公司10%股权，持股比例增至65%
857,2020-03-19 18:11:00,欧洲股市回落，德国DAX指数、英国富时100指数转跌，欧洲斯托克50指数涨幅缩窄至0.8%。,欧洲股市回落
858,2020-03-19 18:10:00,3月19日消息，陌陌公布了2019年第四季度及2019年全年未经审计的财务业绩。 2019年全年陌陌净营收达到170.151亿元（约24.441亿美元），同比增长27%。不按照美国通用会计准则计量，归属于陌陌母公司的净利润为44.933亿元（约6.454亿美元），上一年...,陌陌2019年全年净利润为44.933亿元
859,2020-03-19 18:08:00,比利时报告309例新冠肺炎确诊病例，累计1795例。新增7例新冠肺炎死亡病例，累计21例。,比利时报告309例新冠肺炎确诊病例，累计1795例
860,2020-03-19 18:06:00,"《意见》针对民营企业发展生猪生产及相关产业中面临的用地、环保、信贷、保险等突出问题,切实加大对民营企业发展生猪生产的政策扶持力度，优化民营企业发展生猪及相关产业的营商环境，鼓励民营企业立足当前加快恢复并扩大生猪生产、着眼长远转变...",发改委、农村部联合印发《关于支持民营企业发展生猪生产...
861,2020-03-19 17:59:00,任泽平指出，全年中国的经济增速目标可以放宽在一个较大的区间内，通过新基建等扩大内需的方式应对疫情和外围影响的冲击，防止经济运行滑出合理区间。最近的市场震荡是对外围市场的担心，股市是经济信心、经济预期的晴雨表，中国经济韧性很足，...,任泽平：做好应对全球金融危机的准备
862,2020-03-19 17:55:00,国投电力晚间公告，2020年3月1日至3月19日，股东长江电力增持公司股份 3230.90万股，增持比例为0.48%。自2019年4月17日至2020年3月19日，长江电力通过集中竞价方式累计增持公司股份1.36亿股，占公司总股本的2%。,国投电力：长江电力累计增持2%公司股份
863,2020-03-19 17:44:00,八天七板通光线缆晚间公告称，公司近期关注到国家电网有限公司最新研究编制了《2020年特高压和跨省500千伏及以上交直流项目前期工作计划》，但公司暂无法预计其给公司生产经营带来的影响。公司通信光缆和通信用高频电缆产品为通信网络建设用的基...,通光线缆：公司通信相关产品非5G通信专用材料或设备
864,2020-03-19 17:40:00,MSCI新兴市场货币指数跌至逾三年来新低，新兴市场股市指数创逾四年来低位。,MSCI新兴市场货币指数跌至逾三年来新低
865,2020-03-19 17:39:00,外交部发言人耿爽19日表示，第二届联合国全球可持续交通大会原定于5月5日至7日在北京举行。考虑到新冠肺炎疫情影响，中方同联合国方面经协商后，决定推迟举行大会，并由双方结合全球疫情防控形势商定新会期。“中方期待在今年疫情缓解后的合适时...,第二届联合国全球可持续交通大会推迟举办
866,2020-03-19 17:38:00,工信部3月19日官网消息，1-2月电信业务收入小幅增长，累计完成2242亿元，同比增长1.5%，增速同比回落0.4个百分点，但较上年末增幅提高0.7个百分点。数据及互联网业务收入占比稳步提升，三家基础电信企业完成固定数据及互联网业务收入375亿元，同...,工信部：1-2月电信业务收入2242亿元 数据及互联网业务收...
867,2020-03-19 17:37:00,米奥兰特发布公告称，2019年度实现营业收入4.26亿元，同比下降2.5%；净利6611.66万元，同比下降3.3%。其中，第四季度实现营业收入1.66亿元，净利3980.49万元。,米奥兰特：2019年度净利6611.66万元，同比下降3.3%
868,2020-03-19 17:35:00,上海证券交易所在最新发布的《ETF行业发展报告》中表示，正在研究推出ETF集合申购机制，要在2020年持续推动ETF集合申购业务试点和常态化。（财新）,上交所研究ETF集合申购机制 拟年内试点
869,2020-03-19 17:33:00,智能自控公告，持股6.26%股东孟少新先生拟减持0.04%。,智能自控：持股6.26%股东孟少新先生拟减持0.04%
870,2020-03-19 17:32:00,当地时间3月19日早晨，以色列卫生部宣布，从昨晚（18日22点）到今晨（19日10点），新增确诊病例96例，累计529例新冠肺炎病例。这些患者中有6人处于危重状态，12人已经康复出院。据当地媒体报道，由于疫情不断蔓延，耶路撒冷定于近日采取“封城”...,以色列新增96例新冠肺炎确诊病例 累计确诊529例
871,2020-03-19 17:29:00,中顺洁柔(002511)3月19日晚公告，公司3月19日首次以集中竞价交易方式实施回购，回购股份数量109.59万股，约占公司总股本的0.0837%，成交总金额为1572.97万元。,中顺洁柔：首次回购109.6万股
872,2020-03-19 17:27:00,综合主流保险机构提供的内部数据显示，3月17日以来的三天内，逾百亿元保险资金已抄底入市。（上证报）,三天抄底逾百亿元！大型险企又出手 布局两条主线
873,2020-03-19 17:22:00,据法新社报道，意大利总理孔特19日表示，该国针对新冠病毒大流行所采取的封锁措施将继续延长。,意大利总理宣布“封国”措施将继续延长
874,2020-03-19 17:21:00,19日13时20分许， 551名湖北荆州务工人员搭乘G4368专列返回广东，将分别回到广州、中山、东莞上班，这是今年春节后从湖北始发的第一列务工人员高铁专列。,湖北始发开出首趟务工人员高铁专列
875,2020-03-19 17:18:00,记者获悉，四川省对推动成渝地区双城经济圈建设作出了全面部署，有关方面正在深入研究谋划具体工作举措。另外，目前重庆市有关方面也正在开展谋划研究，包括深入研究推进成渝地区双城经济圈各领域发展思路。在前期研究的基础上，策划储备一批重...,四川、重庆：正研究谋划具体举措 建设成渝地区双城经济圈
876,2020-03-19 17:16:00,天保基建发布公告称，2019年度实现营业收入12.16亿元，同比下降46.89%；净利1.9亿元，同比增长97.46%。其中，第四季度实现营业收入10.16亿元，净利2.2亿元。,天保基建：2019年度净利1.9亿元，同比增长97.46%
877,2020-03-19 17:15:00,据韩联社报道，目前韩国国家击剑队3名击剑运动员在参加了欧洲比赛后，确诊感染了新冠病毒。首名感染者和其他16名韩国选手、4名教练以及医疗团队，一行共30人，3月3日至15日在匈牙利参加重剑比赛，并于3月15日回到韩国。令人担心的是，中国队有9...,韩国三击剑队员感染新冠病毒
878,2020-03-19 17:10:00,深交所：4月2日（星期四）至4月6日（星期一）不提供港股通服务，4月7日（星期二）起照常开通港股通服务。,深交所：4月2日至4月6日不提供港股通服务
879,2020-03-19 17:09:00,据中国货币网报价，在岸人民币兑美元跌破7.10。,在岸人民币兑美元跌破7.10
880,2020-03-19 17:05:00,银河电子发布公告称，2019年度实现营业收入12.0亿元，同比下降20.99%；净利1.53亿元，扭亏为盈，上年亏损11.67亿元。其中，第四季度实现营业收入3.03亿元，亏损1006.66万元。,银河电子：2019年度净利1.53亿元，扭亏为盈，上年亏损11....
881,2020-03-19 17:05:00,马来西亚央行：将法定储备金率从3%下调至2%，该决定自3月20日起生效。,马来西亚央行：将法定储备金率从3%下调至2%
882,2020-03-19 17:03:00,飞亚达发布公告称，2019年度实现营业收入37.04亿元，同比增长8.93%；净利2.16亿元，同比增长17.45%。其中，第四季度实现营业收入9.65亿元，净利3717.82万元。,飞亚达：2019年度净利2.16亿元，同比增长17.45%
883,2020-03-19 17:03:00,3月19日，罗永浩通过实名认证微博表示，看了招商证券那份调研报告之后，决定做电商直播了。虽然我不适合卖口红，但相信能在很多商品的品类里做到带货一哥。初期，罗永浩团队选品会侧重于4个方面，包括具有创新特性的数码科技产品；优秀文创产品...,罗永浩：决定做电商直播了 侧重数码、文创、图书等产品
884,2020-03-19 17:02:00,大商所：自2020年3月19日（星期四）结算时起，苯乙烯期货各合约涨跌停板幅度和交易保证金水平分别调整为9%和11%。,大商所：自2020年3月19日（星期四）结算时起 苯乙烯期货...
885,2020-03-19 17:02:00,3日19日下午，恒大研究院首席经济学家任泽平表示，大家担心现在财政的压力很大，没有钱怎么投基础设施？我有个建议，要突破赤字率，财政赤字到3.5%、4%都没有关系，但我觉得不是一个数的概念，而是一种理念，究竟是要保财政还是保增长。一国财政...,任泽平：没有钱怎么投基础设施？建议突破赤字率
886,2020-03-19 17:00:00,离岸人民币兑美元日内跌超700个基点，跌破7.14关口。,离岸人民币兑美元日内跌超700个基点
887,2020-03-19 16:57:00,据英国每日电讯报，英国伦敦据悉“可能”最早在周末封城。,英国伦敦据悉“可能”最早在周末封城
888,2020-03-19 16:55:00,港交所披露数据显示，3月19日，南下港股通共成交463.42亿港元，创单日历史最高成交额。,港交所披露数据显示南下港股通创单日历史最高成交额
889,2020-03-19 16:54:00,中国通号公告，中标新建郑州至济南铁路郑州至濮阳段四电系统集成项目（中标金额4.34亿元）、新建中卫至兰州铁路站后（不含站房）工程ZLKZ-ZHSG标段（中标金额6.53亿元）、杭州地铁8号线一期工程信号系统项目（中标金额1.56亿元）、上海市轨道交...,中国通号：中标四个轨道交通市场项目
890,2020-03-19 16:53:00,离岸人民币兑美元一度跌0.8%至去年10月以来新低，暂报7.1279。,离岸人民币兑美元一度跌至去年10月以来新低
891,2020-03-19 16:53:00,厦门港务发布公告称，2019年度实现营业收入141.55亿元，同比增长5.7%；净利8562.92万元，同比增长239.81%。其中，第四季度实现营业收入35.95亿元，净利1435.81万元。,厦门港务：2019年度净利8562.92万元，同比增长239.81%
892,2020-03-19 16:52:00,3日19日下午，恒大研究院首席经济学家任泽平表示，不少人担心新基建会成为四万亿，我也多次强调，新基建要防止“新瓶装旧酒”“重走老路”“四万亿重来”，避免沦为又一次纯粹货币超发的饮鸩止渴。此次搞新基建，就是要做好科学规划，把握好改革...,任泽平：新基建要防止“新瓶装旧酒” 要把握好节奏和力度
893,2020-03-19 16:52:00,央视新闻3月19日消息，根据澳大利亚联邦卫生部最新统计，澳大利亚全国共有新冠肺炎确诊病例636例，包括6个死亡病例。,澳大利亚新冠肺炎确诊病例增至636例，死亡6例
894,2020-03-19 16:51:00,据外媒报道，谷歌宣布暂停Chrome浏览器更新。外媒指出，由于新冠疫情在全球范围内的影响，谷歌办公室人员数量大大减少，不少员工在家工作，这就影响了Chrome浏览器、Chrome OS项目的开发进度。此外，Android应用程序的审核也受到了影响，需要更...,受疫情影响，谷歌Chrome浏览器暂停更新
895,2020-03-19 16:49:00,日本首相安倍晋三：将采取大胆的经济措施，政府必须保障就业。,日本首相安倍晋三：将采取大胆的经济措施
896,2020-03-19 16:47:00,3日19日，恒大研究院首席经济学家任泽平表示，中国的城镇化还有很大空间，但城镇化的人口将更多聚集到城市群都市圈。预测到2030年中国城镇化率达71%时，新增2亿城镇人口的80%将集中在19个城市群，60%将在长三角、粤港澳、京津冀等7个城市群，上...,任泽平：建议在长三角、粤港澳等城市群进行适度超前的基...
897,2020-03-19 16:46:00,3日19日，恒大研究院首席经济学家任泽平表示，疫情对消费的冲击比对生产的冲击更大，旅游、住宿、酒店等消费大项的恢复往往比生产要慢一个季度，企业很快就能开工，但开工后消费跟不上，外需不给力，就容易造成库存积压和企业经营压力。当前最简...,任泽平：当前最简单有效的办法就是“新基建”
898,2020-03-19 16:39:00,同德化工公告，全资子公司山西同德资产管理有限责任公司，与北京梓晶合创科技发展有限公司签订了《合作框架协议》。双方以铀矿勘探及其他矿产开采合作目项为基础，集民爆产品的生产、销售、爆破，进出口贸易等的全面项目合作。,同德化工：子公司与北京梓晶合创签署合作框架协议
899,2020-03-19 16:38:00,三祥新材发布公告称，2019年度实现营业收入7.61亿元，同比增长27.16%；净利8271.04万元，同比增长11.5%。其中，第四季度实现营业收入1.83亿元，净利1611.85万元。,三祥新材：2019年度净利8271.04万元，同比增长11.5%
900,2020-03-19 16:34:00,特斯拉（TSLA.O）美股盘前涨超5%；昨日该股收跌约16%。,美股特斯拉盘前涨超5%
901,2020-03-19 16:34:00,睿能科技发布公告称，2019年度实现营业收入14.78亿元，同比下降20.24%；净利3012.3万元，同比下降73.47%。其中，第四季度实现营业收入3.79亿元，亏损614.03万元。,睿能科技：2019年度净利3012.3万元，同比下降73.47%
902,2020-03-19 16:33:00,美股盘前股指期货涨幅扩大。纳指期货涨幅扩大至1%；道指期货涨0.33%，标普500指数期货涨0.24%。,美股盘前股指期货涨幅扩大
903,2020-03-19 16:33:00,科伦药业公告，公司董事、副总经理、首席科学家、科伦药物研究院院长王晶翼当日通过深交所证券交易系统购买了公司股票10.17万股。,科伦药业：公司董事、首席科学家王晶翼增持逾10万股
904,2020-03-19 16:31:00,据荷兰媒体BNO Newsroom刚刚消息，全球新冠肺炎累计确诊病例已超过22万例。其中，8953人死亡，84912人治愈康复。,外媒：全球新冠肺炎累计确诊病例已超过22万例
905,2020-03-19 16:30:00,在岸人民币兑美元3月19日16:30收盘报7.0910，较上一交易日下跌650点。,在岸人民币兑美元3月19日收盘报7.0910
906,2020-03-19 16:29:00,易世达公告，变更证券简称为聆达股份。,易世达：变更证券简称为聆达股份
907,2020-03-19 16:28:00,"商务部发布关于修订《鼓励外商投资产业目录（2019年版）》公开征求意见的公告。本次修订拟进一步扩大鼓励范围，促增量和稳存量并举，聚焦促进制造业高质量发展、发挥中西部地区和东北地区承接产业转移潜力。
",商务部发布关于修订《鼓励外商投资产业目录（2019年版）...
908,2020-03-19 16:27:00,北京市疾控中心副主任庞星火：截至3月18日24时，北京市累计报告境外输入确诊病例64例，居全国之首，占全国境外输入病例总量的34%。这些病例，以欧美国家输入为主，78%的病例是入境中中转旅客，③留学生居多。,全国境外输入病例北京占比34%：多来自欧美国家，留学生居多
909,2020-03-19 16:23:00,恒大研究院首席经济学家任泽平表示，过去几年中，中央推进供给侧结构性改革，金融去杠杆精准拆弹，提前为预防风险扎下了制度和改革的篱笆，保障了我国的金融安全。可以看出，近期在疫情和外围因素的双重影响下，中国的股市、债市运作相对平稳，...,任泽平：中国股市、债市运作相对平稳，疫情防控和复产复...
910,2020-03-19 16:22:00,菲律宾卫生部星期四说，累计确诊新冠肺炎达到217例，死亡17例。,菲律宾累计确诊新冠肺炎达到217例
911,2020-03-19 16:21:00,美股抗疫概念股BioNTech今日盘前跌27.77%；该股昨日收涨38.14%，本周累涨近200%。,美股抗疫概念股BioNTech跌幅扩大至27.77%
912,2020-03-19 16:21:00,3日19日下午，恒大研究院首席经济学家任泽平表示，全球一体化的大背景下，中国难以独善其身，疫情全球大流行和金融危机，将从产业链、贸易、外需、金融市场、大宗商品等渠道对中国进行传导。因为传导是有时滞的，目前国内对全球经济金融危机的准...,任泽平：疫情全球大流行 将从产业链等渠道对中国进行传导
913,2020-03-19 16:21:00,据路透社报道，国际劳工组织(ILO)当地时间18日表示，如果各国政府不迅速采取行动，新冠肺炎疫情可能引发一场全球经济危机，恐将有2500万人失业。（环球网）,国际劳工组织警告：新冠肺炎疫情可能造成全球2500万人失业
914,2020-03-19 16:20:00,欧洲股市涨幅扩大，截至发稿，意大利MIB指数大涨3.95%，法国CAC40指数涨3.12%。,欧洲股市涨幅扩大 法国CAC40指数涨逾3%
915,2020-03-19 16:20:00,中国台湾“央行”将基准利率降低25个基点至1.125%。,中国台湾“央行”将基准利率降低25个基点至1.125%
916,2020-03-19 16:15:00,湖北省人民政府副省长杨云彦介绍，湖北省疫情防控形势持续向好，但医疗救治任务仍然繁重。湖北省仍有6636名患者在院救治，其中重症1809例，危重症465例，多数合并基础疾病，救治难度较大，住院病例清零尚需时日。（新京报）,湖北省副省长：住院病例清零尚需时日
917,2020-03-19 16:14:00,意大利富时MIB指数大涨4.7%，法国CAC40指数涨2.3%。,意大利富时MIB指数大涨4.7%
918,2020-03-19 16:14:00,美股部分银行股盘前走高。德意志银行（DB.N）涨约6%，瑞银（UBS.N）涨约4%，瑞士信贷（CS.N）涨2.48%，富国银行（WFC.N）涨1.53%。,美股部分银行股盘前走高
919,2020-03-19 16:12:00,3日19日下午，恒大研究院首席经济学家任泽平表示，美国祭出的量化宽松政策和两次降息，以及正在酝酿的万亿刺激计划，说明已经意识到了美国陷入了流动性危机中。金融游戏堆高了美股泡沫和企业债务，货币超发、投资者同质化交易行为、上市公司发债...,任泽平：金融游戏堆高了美股泡沫和企业债务
920,2020-03-19 16:11:00,北京市今天下午召开新冠肺炎疫情防控新闻发布会，3月18日0时至3月19日12时，北京市新增报告境外输入新冠肺炎确诊病例22例。截至3月19日12时，北京市累计报告境外输入确诊病例65例。北京连续12天无本地新增确诊病例，全市15个区连续14天以上无新...,北京市累计报告境外输入确诊病例65例
921,2020-03-19 16:10:00,【港股收评】恒指早盘低开下挫，午后有所回升，截止收盘收跌2.61%；华为概念股走强，石油股、航空股走低；中兴通讯涨约5%，腾讯控股涨2.69%；美图跌7.38%。,港股收评：恒指跌2.61%失守两万二 石油股、内房股暴跌
922,2020-03-19 16:08:00,恒大研究院首席经济学家任泽平表示，美股、债券、商品甚至黄金都在抛售加剧，说明流动性危机――金融危机的前兆已经出现，要做好应对金融危机的准备，疫情全球大流行只是导火索，根源是全球经济、金融、社会的脆弱性。（证券时报）,任泽平：美股、债券抛售加剧 金融危机前兆已出现
923,2020-03-19 16:06:00,上金所：自2020年3月19日（星期四）收盘清算时起，Ag（T+D）合约的保证金比例由19%调整至16%，下一交易日起涨跌幅度限制由18%调整至15%。,上金所：调整Ag（T+D）合约的保证金
924,2020-03-19 16:06:00,上金所：自2020年3月19日（星期四）收盘清算时起，Ag（T+D）合约的保证金比例由19%调整至16%，下一交易日起涨跌幅度限制由18%调整至15%。,上金所：Ag（T+D）合约涨跌幅度限制由18%调整至15%
925,2020-03-19 16:05:00,指数全天上演“V”型反转，虽然没有顺利收红，但是探底回升再次显现，也延续了此轮美股熔断次日，A股表现并不差的良好表现。而经历连续的下跌之后，目前已经属于超跌，而这个位置，既是春节之后市场启动的时刻，同时也是成交量快速萎缩的时刻，...,机构论市：科技股强势反弹 大盘险守2700点
926,2020-03-19 16:05:00,波音美股盘前续跌4%；昨日该股收跌约18%。蔚来汽车盘前跌7%，公司第一季度营收指引不及预期。,美股盘前蔚来、波音大跌
927,2020-03-19 16:01:00,与16日相比，4个中风险市县（钟祥市、黄石市城区、黄冈市城区、鄂州市城区）转为低风险。（湖北日报）,除武汉外，湖北省内所有市县疫情均为低风险
928,2020-03-19 16:01:00,欧股涨跌不一，欧洲斯托克50指数涨1.05%，德国DAX指数跌0.3%，英国富时100指数跌0.5%。,欧股开盘涨跌不一
929,2020-03-19 16:00:00,道恩股份公告，公司将《2019 年年度报告》披露时间变更为 2020 年 4 月 9 日。,道恩股份：延期披露2019年年度报告
930,2020-03-19 15:55:00,商务部市场建设司司长朱小良19日在商务部召开的网上新闻发布会上说，武汉生活必需品供给充裕，市政府组织投放储备冻猪肉5000余吨，较好地平抑了猪肉价格，组织111家水产养殖户每日向社区提供活鱼约300吨，生活必需品供给种类不断丰富，进一步满...,武汉市政府投放储备冻猪肉5000余吨
931,2020-03-19 15:54:00,宝钛股份发布公告称，2019年度实现营业收入41.88亿元，同比增长22.8%；净利2.4亿元，同比增长70.11%。其中，第四季度实现营业收入9.82亿元，净利6993.27万元。,宝钛股份：2019年度净利2.4亿元，同比增长70.11%
932,2020-03-19 15:53:00,农业农村部畜牧兽医局副局长魏宏阳表示，今年以来非洲猪瘟疫情发生强度较去年明显下降。截至目前，今年共报告4起非洲猪瘟疫情，其中1起涉及野猪，3起涉及家猪。捕杀生猪总数324头，而去年同期发生13起非洲猪瘟疫情，扑杀19.7万头生猪。,今年以来全国报告4起非洲猪瘟疫情 较去年同期下降明显
933,2020-03-19 15:53:00,ST大化B公告，公司的联碱双产品纯碱及氯化铵双吨从成本考虑，生产仍将亏损。鉴于公司供应链、销售物流、劳动力组织等各方面的困难，考虑到公司当前资金十分紧张、债务严重违约状况，公司决定自即日起，主要生产装置继续停产 45 天。停产预计分别...,ST大化B：公司继续停产45天
934,2020-03-19 15:53:00,美思德发布公告称，2019年度实现营业收入3.39亿元，同比增长10.96%；净利7204.07万元，同比增长76.47%。其中，第四季度实现营业收入8430.32万元，净利1640.74万元。,美思德：2019年度净利7204.07万元，同比增长76.47%
935,2020-03-19 15:52:00,商务部表示，批发市场、农贸市场是我国农产品流通的主渠道、蓄水池，占整个农产品流通量的2/3以上，也是保障供应和解决滞销的主要力量。春节期间，我们指导全国大型农产品批发市场不关门、不歇业。目前，全国96.4%的市场已恢复营业，肉菜交易量...,商务部：农产品滞销卖难问题已得到有效缓解
936,2020-03-19 15:48:00,19日，农业农村部畜牧兽医局副局长魏宏阳表示，总体来看，今年以来非洲猪瘟疫情发生强度与去年相比明显下降。截至今天一共收到报告4起非洲猪瘟疫情，扑杀324头生猪；去年同期则发生13起疫情，扑杀19.7万头生猪，对比之下我们判断疫情总体趋缓。...,农业农村部通报非洲猪瘟疫情，判断疫情总体趋缓
937,2020-03-19 15:47:00,深南电A发布公告称，2019年度实现营业收入12.23亿元，同比下降35.14%；净利2490.1万元，同比增长29.33%。其中，第四季度实现营业收入4.05亿元，净利1637.75万元。,深南电A：2019年度净利2490.1万元，同比增长29.33%
938,2020-03-19 15:43:00,国家发改委农经司副司长邱天朝称，落实生猪养殖用地政策，对于把不符合要求的耕地或其他土地划入永久基本农田的，经县级相关部门核实后允许发展生猪养殖，并结合永久基本农田核实整改工作，及时进行补划；简化和规范生猪养殖的环评管理，对于以...,国家发改委：纠正以环保名义搞无猪市无猪县
939,2020-03-19 15:40:00,南方轴承发布公告称，2019年度实现营业收入4.07亿元，同比增长3.66%；净利4220.97万元，同比下降53.18%。其中，第四季度实现营业收入1.14亿元，亏损121.82万元。,南方轴承：2019年度净利4220.97万元，同比下降53.18%
940,2020-03-19 15:40:00,针对近期油价大幅下挫的走势，中金公司大宗商品分析师郭朝辉认为，石油供应之争，道阻且长，油价寻底短期可能仍未结束。从供需平衡看，全球过剩可能还会加剧，随着时间累积，会极大考验岸上库容能力，现货贴水可能还会加深，短期原油可能仍会被...,专家：油价寻底短期可能仍未结束
941,2020-03-19 15:39:00,农业农村部畜牧兽医局副局长魏宏阳回应非洲猪瘟疫苗进展时表示，目前确实有不同的机构都取得了一些积极的进展，也已经有这个单位向农业农村部提出开展临床实验的申请，我们正在组织专家指导这些申请单位，完善临床实验的方案，争取尽快的开展临...,农村农业部回应非洲猪瘟疫苗进展
942,2020-03-19 15:38:00,国家发展改革委价格司副司长、一级巡视员彭绍宗3月19日在国务院联防联控机制新闻发布会上说，近一个多月以来，针对新冠肺炎疫情的影响，加大猪肉市场调控力度，做好保供稳价工作，猪肉价格从比较高的水平连续有一些回落。（新华视点）,国家发改委：加大猪肉市场调控力度做好保供稳价工作
943,2020-03-19 15:36:00,卫信康公告，子公司内蒙古白医制药股份有限公司获得多种微量元素注射液药品注册批件。,卫信康：子公司获得多种微量元素注射液药品注册批件
944,2020-03-19 15:35:00,商务部：目前，新冠肺炎疫情在全球呈现蔓延之势，一些国家生产、消费等领域受到冲击，全球经济下行压力加大，在今后一段时间内，外贸企业可能将遇到外需不振、订单减少等问题。（一财）,商务部：一段时间内外贸企业或遇到订单减少等问题
945,2020-03-19 15:34:00,继昨日新挂出1宗宅地及2宗商住地后，3月19日，上海再挂出2宗位于嘉定区的动迁安置房用地，总起始价约3.74亿元。,上海再挂2宗动迁安置房用地 总起始价3.74亿
946,2020-03-19 15:34:00,三孚股份发布公告称，2019年度实现营业收入11.57亿元，同比增长4.78%；净利1.08亿元，同比下降4.76%。其中，第四季度实现营业收入2.66亿元，净利2013.21万元。,三孚股份：2019年度净利1.08亿元，同比下降4.76%
947,2020-03-19 15:33:00,据国家发展改革委3月19日消息，国家发展改革委将密切关注重点国有林区经济社会发展和疫情防控的最新进展，持续跟踪项目复工情况，指导有关地方稳步推进人员返岗、项目复工等各项工作，加大对低收入群体的帮扶力度，发挥好中央预算内投资在保就业...,国家发改委积极推动重点国有林区经济转型项目扎实做好复...
948,2020-03-19 15:32:00,纳指期货率先转涨，现涨0.5%；此前一度跌约4.3%,纳指期货率先转涨 现涨0.5%
949,2020-03-19 15:31:00,泰国报告新增60例新冠肺炎病例，累计确诊272例新冠肺炎病例。,泰国报告新增60例新冠肺炎病例
950,2020-03-19 15:30:00,截止收盘，沪深两市所有交易个股涨跌比为2259：1394，市场总体赚钱效应为61.84%，赚钱效应较好。目前两市涨停80家，其中一字板10家；盘中触及涨停后打开家数为18家，封板成功率为80%，封板成功率较高；两市跌停22家。,涨停复盘：消费类概念上演涨停潮 新基建分支题材轮番大涨
951,2020-03-19 15:28:00,商务部新闻发言人高峰表示，RCEP各方都在按照领导人的指示，致力于年底签署RCEP协定。目前各方按照既定的工作计划，正有序推进法律文本审核等相关工作，以准备好供各国签署的最终文本。中方将与各方一道，努力推动协定如期签署。除RCEP之外，我...,RCEP进度会否受到影响？商务部回应
952,2020-03-19 15:25:00,印尼央行将基准利率（7天期逆回购利率）调降25个基点至4.5%。,印尼央行将基准利率（7天期逆回购利率）调降25个基点至4.5%
953,2020-03-19 15:25:00,商务部表示，欧盟、美国、韩国、日本等一些中国重要的贸易伙伴受到疫情影响，给双边贸易活动的正常开展带来压力。各国利益深度交融，面对疫情可能带来的影响，我们更应该团结合作、共克时艰。中国将不断加大抗疫国际合作力度，在当前特殊形势下...,商务部：发挥跨境电商等贸易新业态、新模式优势
954,2020-03-19 15:24:00,以出货量计算，2020年2月份，中国面板厂商出货量占全球总量的59.4%，逼近六成，其中，TCL华星光电以18.8% 的市占跃升为全球最大液晶电视面板供应商，京东方则以17.4%市占排名第二，而惠科则以13.4%比重升至第三，群创光电、三星Display 分别以12...,TCL超越京东方登上2月LCD TV面板出货冠军
955,2020-03-19 15:22:00,韩国外交部发言人金仁澈19日在记者会上表示，外长康京和当天将与主要国家外长举行电话会议，讨论应对新型冠状病毒（COVID-19）疫情扩散。金仁澈表示，各国外长将在会上共享各国疫情及应对措施，还探讨以视频会议的形式召开二十国集团（G20）特别...,韩外长将同主要国家外长通电话讨论联合抗疫
956,2020-03-19 15:17:00,商务部表示，下一步，我们将围绕稳住外资基本盘，从5方面加大工作力度：一是推动进一步扩大开放。加快压减全国和自贸试验区外资准入负面清单，持续扩大外资市场准入；加快修订《鼓励外商投资产业目录》，增加鼓励条目，提升开放广度和深度。二是...,商务部：加快压减全国和自贸试验区外资准入负面清单
957,2020-03-19 15:17:00,商务部介绍，随着一系列复工复产政策逐步落地见效，全国重点外贸企业复工呈现加速恢复态势。据统计，除湖北外，全国66.7%的重点外贸企业复产率超过70%。,除湖北外，全国66.7%的重点外贸企业复产率超70%
958,2020-03-19 15:16:00,意大利十年期国债收益率重挫逾100个基点，各期限国债收益率集体走低。,意大利十年期国债收益率重挫逾100个基点
959,2020-03-19 15:16:00,美国有线电视新闻网（CNN）当地时间19日凌晨援引美约翰斯·霍普金斯大学发布的实时统计数据，全球新冠肺炎病例已超过218800例，死亡病例为8810例。,约翰斯·霍普金斯大学数据统计：全球新冠肺炎累计确诊已...
960,2020-03-19 15:14:00,国家卫健委新闻发言人米锋表示，18日，我国首次无新增本土确诊病例。湖北以外省份，无新增死亡病例，重症病例减少2例，已连续7日无新增本土确诊病例；湖北除武汉外，连续14日无新增本土确诊病例。最近7日，境外输入确诊病例数占新增确诊病例总数...,卫健委：最近7日境外输入病例占新增总数的84.55%
961,2020-03-19 15:13:00,商务部市场建设司司长朱小良介绍，为加速住宿餐饮等生活服务企业复工营业，商务部将重点从以下几个方面发力：一是正在会同相关部门研究对生活服务业分区分级分类复工的通知，排除复工营业的不合理限制，支持生活服务企业加速复工，近期即将印发...,商务部：近期即将发文支持生活服务企业加速复工
962,2020-03-19 15:13:00,主流宽基ETF和科技类ETF3月19日继续得到净申购，记者从基金业内获悉，华泰柏瑞沪深300ETF资金净流入超30亿元，华夏上证50ETF净流入约14亿元，南方中证500ETF净流入约6亿元，华夏5GETF净流入约10亿元，国泰半导体50ETF净流入约9亿元。,主流宽基和科技ETF持续获净申购 300ETF资金流入超30亿
963,2020-03-19 15:13:00,商务部：截至3月16日，全国生活服务企业复工率超过60%。商务部正在会同相关部门研究对生活服务业分区分级分类复工的通知，排除复工营业的不合理限制，支持生活服务企业加速复工，近期即将印发。,商务部：近期将发文支持生活服务企业加速复工
964,2020-03-19 15:12:00,国家发展改革委价格司副司长表示，在当前和今后一段时间生猪产能稳步恢复的情况下，猪肉供应将得到改善，猪肉价格也会随之回落。工农业产品供应比较充足，服务业发展迅速，物价保持平稳运行的基础牢固，预计今年CPI会呈现前高后低的态势，全年物...,发改委：预计今年CPI会呈现前高后低的态势
965,2020-03-19 15:11:00,商务部市场建设司司长朱小良介绍，截至3月16日，全国生活服务企业复工率超过60%，但与制造业复工速度有一定差距。（第一财经）,商务部：截至3月16日全国生活服务企业复工率超过60%
966,2020-03-19 15:10:00,商务部市场建设司司长朱小良介绍，九省联保联供机制继续发挥作用。截至目前，8省区市已累计向湖北武汉调运生活必需品物资6.2万余吨，其中果蔬5.2万吨。帮助湖北武汉落实3000吨冻五花肉和冻肋排货源。,商务部：8省区市累计向湖北武汉调运生活必需品物资6.2万余吨
967,2020-03-19 15:09:00,商务部市场建设司司长朱小良介绍，目前，全国生活必需品市场供应总体充足，粮油价格运行基本平稳，肉类价格小幅波动，蔬菜和禽蛋价格持续下降。湖北生活必需品市场供应总体充足，库存保持稳定，米面油、禽肉及婴幼儿奶粉等动态库存可满足30天以...,商务部：目前全国生活必需品市场供应总体充足
968,2020-03-19 15:08:00,商务部市场建设司司长朱小良介绍，目前，全国生活必需品市场供应总体充足，粮油价格运行基本平稳，肉类价格小幅波动，蔬菜和禽蛋价格持续下降。湖北生活必需品市场供应总体充足，库存保持稳定，米面油、禽肉及婴幼儿奶粉等动态库存可满足30天以...,15:06 【商务部：目前全国生活必需品市场供应总体充足】
969,2020-03-19 15:01:00,内盘期货收盘普跌。沪铜、沪铝封死跌停，棉花跌停；化工品午后小幅反弹，沥青跌超8%，燃油跌超7%，原油跌近5%；农产品涨跌不一，豆油涨近1.5%，黄大豆一号收涨逾1%；菜粕、豆粕均跌超1%。,内盘期货收盘普跌 有色品种领跌
970,2020-03-19 15:00:00,【收盘气象】两市午后回暖，创业板指反弹翻红，沪指跌幅收窄至1%，光刻胶概念持续大涨，券商股盘中发力带动大盘回暖，5G、半导体等活跃，涨停个股增至80家，北向资金再度净流出逾90亿元。,收评：创业板指反弹翻红 光刻胶概念大涨
971,2020-03-19 14:59:00,交通运输部数据显示，3月18日，全国铁路、道路、水路、民航发送旅客总量为1713.16万人次，环比增长0.62%，同比减少63.15%。,交通运输部：3月18日发送旅客1713.16万人次
972,2020-03-19 14:58:00,指引提出，加大对重点保障企业的财税支持。一是设立3000亿元专项再贷款，通过再贷款等方式支持金融机构向疫情防控重点保障企业提供优惠贷款，中央财政按企业实际获得贷款利率的50%进行贴息，鼓励地方财政再予以进一步支持。二是对疫情防控重点保...,工信部发布支持中小企业应对新冠肺炎疫情指引
973,2020-03-19 14:55:00,上交所：18上海10今日下午交易出现异常波动。根据《上海证券交易所交易规则》和《上海证券交易所证券异常交易实时监控细则》的有关规定，本所决定，自2020年03月19日14时43分开始暂停18上海10交易，自2020年03月19日14时57分起恢复交易。,上交所：18上海10债券盘中临时停牌
974,2020-03-19 14:54:00,欧股期货收复失地，德国DAX指数期货翻红，英国富时100指数跌幅收窄至0.65%。,德国DAX指数期货翻红 英国富时100指数跌幅收窄至0.65%
975,2020-03-19 14:54:00,人社部3月19日举行新闻发布会上，人社部职业能力建设司司长张立新介绍，参保企业吸纳就业困难人员、零就业家庭成员就业并开展以工代训的，给予不超过6个月的补贴。（新京报）,人社部：企业吸纳就业困难人员以工代训  可给予最多6个月...
976,2020-03-19 14:46:00,根据澳大利亚联邦卫生部最新统计，澳大利亚全国共有新冠肺炎确诊病例636例，包括6个死亡病例。（环球网）,澳大利亚新冠肺炎确诊病例升至636例
977,2020-03-19 14:43:00,受新冠疫情在美扩散影响，包括Waymo、Cruise等自动驾驶技术公司，均叫停了含有后备驾驶员的自动驾驶测试。网约车公司Uber也表示，疫情期间将暂停自动驾驶汽车的轨道测试和道路轨道测试。（澎湃新闻）,Waymo、Uber等多家公司暂停在加州的自动驾驶测试
978,2020-03-19 14:41:00,小米公司在官微宣布，今天，全国1800+小米门店正式恢复营业，同时，门店将采取高标准店内消毒、测温等工作，请顾客们放心并配合。（第一财经）,全国1800+小米门店正式恢复营业
979,2020-03-19 14:40:00,同花顺数据显示，截至目前，北向资金净流出超90亿元，其中沪股通流出超50亿元，深股通流出超39亿元。,北向资金净流出超90亿元
980,2020-03-19 14:40:00,18日从经营“无印良品”的日本良品计划公司及相关人士处获悉，该公司日前接受了东京国税局的税务调查，该公司对提供给中国子公司的商品货款及商标权使用费的定价低于正常价格，东京国税局认为此举涉嫌通过减少该公司的利润额度从而降低其纳税额...,良品计划公司被指在日本国内漏报税款
981,2020-03-19 14:39:00,通用汽车和福特汽车18日表示，他们正在与白宫官员商讨如何转产呼吸机等医疗设备，以应对新冠肺炎病毒的暴发。（路透社）,通用、福特：正在与白宫商讨如何转产呼吸机等医疗设备
982,2020-03-19 14:38:00,最新的数据显示，截至2020年2月，中国移动已建设开通基站超过8万个，5G套餐客户超过1500万户，预计2020年净增5G用户7000万户。（中国新闻网）,中国移动5G用户超1500万 预计2020年净增7000万户
983,2020-03-19 14:36:00,马斯克发布推文表示，特斯拉能生产具有先进暖通空调系统的汽车，SpaceX能生产搭载生命支持系统的航天器，生产呼吸机并不困难，只是不能立即生产，“如果短缺，我们将生产呼吸机。”  （第一财经）,马斯克：生产呼吸机并不困难，如果短缺将会生产
984,2020-03-19 14:34:00,韩国KOSPI指数3月19日（周四）收盘下跌124.06点，跌幅7.80%，报1467.14点。,韩国KOSPI指数收盘跌7.80%
985,2020-03-19 14:33:00,据浦东发布，ABB全球最大最先进的机器人超级工厂已于3月11日全面复工。上海ABB工程有限公司总裁李刚表示，新工厂2021年投入运营的计划不变。据了解。位于上海浦东康桥工业区的上海ABB工程有限公司是ABB机器人全球三大生产基地之一，也是产能最大...,计划不变！ABB全球最大机器人超级工厂建设全面复工
986,2020-03-19 14:32:00,巴基斯坦新冠肺炎确诊病例增至302例，死亡病例2例。,巴基斯坦新冠肺炎确诊病例增至302例   死亡2例
987,2020-03-19 14:31:00,日前，WHO总干事谭德塞博士在例行新闻发布会上宣布，WHO和它的合作伙伴将开展一项全球性大型临床试验，检测多项候选疗法治疗COVID-19患者的疗效。这一大型国际性研究的目的是产生研究人员需要的强大数据，以比较哪些候选疗法最为有效。WHO将它称...,世卫组织启动大型全球性COVID-19临床试验
988,2020-03-19 14:28:00,新冠肺炎疫情持续蔓延，欧洲国家全部“沦陷”，美国确诊病例已遍布本土50州，非洲、美洲的很多国家陆续报告首例确诊病例。为了遏制来势汹汹的新冠肺炎疫情，印度、波兰、加拿大等至少18个国家已宣布关闭国境，意大利等6个国家全国“封城”，禁止...,全球至少18国关闭国境 至少6国全国“封城”
989,2020-03-19 14:25:00,据外媒，OYO已完成规模8.07亿美元的F轮融资，这是其去年公布的F轮融资计划的一部分，来自现有投资方软银，以及创始人里特什·阿加瓦尔所持有的RA Hotitality Holdings。OYO方面表示，所获资金将用于实现2020年的战略目标，如可持续增长等。（新...,OYO完成8.07亿美元融资 软银领投
990,2020-03-19 14:24:00,天猫今日表示当前每天已有超过2000万只口罩上架，包括高效过滤口罩、儿童口罩、一次性医用口罩、N95口罩等各种口罩在内。购买口罩已无需预约。（36氪）,天猫：当前每天已有超过2000万只口罩上架
991,2020-03-19 14:22:00,斗鱼今日发布了2019年第四季度及全年未经审计的财务报告。财报显示，2019年Q4斗鱼总营收20.6亿元，同比增长77.8%；非美国通用会计准则下录得净利润1.86亿元，同比增长180%，连续四个季度盈利。,斗鱼Q4总营收20.6亿元 同比增长77.8%
992,2020-03-19 14:20:00,标普全球评级3月18日发布报告表示，随着全球经济步入衰退，亚太区2020年的经济增速将下滑一半多。标普全球评级的亚太区首席经济学家Shaun Roache表示，“中国经济一季度受到巨大冲击、美国和欧洲的经济活动大范围暂停，以及病毒的社区传播，亚太...,标普：亚太区陷入经济衰退几乎无可避免
993,2020-03-19 14:19:00,记者从天眼查了解到，石家庄君乐宝乳业有限公司近期新增4名机构股东，其中2名分别来自高瓴资本、红杉资本，1名具有央企和河北省建投背景。3月19日，君乐宝方面回应记者称，此次为正常股权转让，公司内部尚未传达有关上市的消息。 （新京报）,红杉、高瓴和国资基金共同入股，君乐宝称系正常股权转让
994,2020-03-19 14:18:00,中兴通讯港股短线持续拉涨，涨幅扩大至10%；中兴通讯A股现涨逾8%。,中兴通讯港股短线持续拉涨
995,2020-03-19 14:14:00,澳洲联储主席洛威表示，澳洲央行尚未在外汇市场进行干预，但需要时准备干预；通货膨胀可能因为澳元下跌而暂时攀升。,澳洲联储主席：澳洲央行尚未干预外汇市场，但需要时准备干预
996,2020-03-19 14:12:00,特高压板块快速拉升，通达股份、保变电气、汇金通拉升涨停，通光线缆此前封板，神马电力、中天科技等跟涨。,特高压板块快速拉升
997,2020-03-19 14:08:00,同花顺数据显示，截至目前，北向资金净流出超80亿元，其中沪股通流出超45亿元，深股通流出超34亿元。,北向资金净流出超80亿元
998,2020-03-19 14:07:00,菲律宾央行下调政策利率50个基点。,菲律宾央行下调政策利率50个基点
999,2020-03-19 14:05:00,阿里云正式向全球免费开放新冠肺炎AI诊断技术。这一技术由达摩院研发，已在国内160多家医院上线，累计诊断病例26万例，准确率可达96%以上。        （第一财经）,阿里云向全球免费开放新冠肺炎AI诊断技术
