,datetime,content,title
0,2020-07-30 23:56:00,纳指刷新日高，率先转涨。,纳指转涨
1,2020-07-30 23:51:00,理想汽车涨幅扩大至50%，市值约150亿美元。,理想汽车涨幅扩大至50%
2,2020-07-30 23:44:00,中国新造车势力之一的理想汽车今晚正式登陆纳斯达克交易所挂牌交易，开盘价为15.5美元/ADS，较11.5美元的发行价上涨37%，以开盘价计算，理想汽车的市值为131亿美元。,理想汽车登陆纳斯达克：开盘15.5美元 较发行价涨34.78%
3,2020-07-30 23:43:00,当地时间30日，欧盟第二次更新开放外部边界国别名单，建议成员国从7月31日起对11个国家开放外部边界。根据欧盟理事会当天发布的公告，这11个国家为澳大利亚、加拿大、格鲁吉亚、日本、摩洛哥、新西兰、卢旺达、韩国、泰国、突尼斯和乌拉圭。欧盟...,欧盟第二次更新开放外部边界国别名单 对中国仍为附带条件...
4,2020-07-30 23:41:00,英国卫报当地时间30日报道，巴西第一夫人米歇尔·博索纳罗新冠病毒检测呈阳性。巴西总统秘书在声明中称，她保持良好的健康，由总统医疗团队照顾。巴西总统博索纳罗此前多次淡化疫情，还不戴口罩出席活动。三周前，博索纳罗宣布自己检测呈阳性。...,巴西第一夫人新冠检测阳性
5,2020-07-30 23:41:00,近来在地产圈内，万科可能成为闽系房企泰禾新股东的传闻甚嚣尘上。7月30日深夜，万科A就此事在深交所互动易平台回复网友称，“请以上市公司正式披露的信息为准。 ”这一表态未直接否认入股传闻，给外界留下了遐想空间。,万科深夜回复入股泰禾传闻：以上市公司正式披露信息为准
6,2020-07-30 23:40:00,西班牙新增1229例新冠肺炎确诊病例，增幅为4月30日以来最大。新冠肺炎确诊病例上升至285430例。,西班牙新增1229例新冠肺炎确诊病例  增幅为4月30日以来最大
7,2020-07-30 23:39:00,据俄罗斯卫星网：俄罗斯科学院与美国国家科学院签署关于合作开展新冠肺炎相关研究的协议。,俄罗斯科学院与美国国家科学院签署关于合作开展新冠肺炎...
8,2020-07-30 23:38:00,截至收盘，德国DAX指数跌逾3.5%，英国富时100指数、法国CAC40指数均跌逾2%。,欧洲股市大幅收跌
9,2020-07-30 23:36:00,联合国拉丁美洲和加勒比经济委员会（拉加经委会）：因新冠肺炎疫情，该地区2020年的GDP将萎缩9.1%；拉丁美洲的失业率将从2019年的8.1%上升到2020年的13.5%；该地区的贫困率预计将在2020年上升7个百分点，达到37.3%，即增加4500万人。,拉加经委会：该地区2020年的GDP将萎缩9.1%
10,2020-07-30 23:32:00,截至发稿，盎格鲁黄金跌逾6%，金田跌逾5%，巴里克黄金跌逾4%。,美股黄金股普遍下挫
11,2020-07-30 23:32:00,印度信实工业：一季度印度石油产品需求同比下降25.8%。,一季度印度石油产品需求同比下降25.8%
12,2020-07-30 23:26:00,据外媒报道，由于需求疲软，美国联合航空将在2021年解雇大约1650名飞行员。,美国联合航空将在2021年解雇大约1650名飞行员
13,2020-07-30 23:12:00,当地时间7月30日，伊拉克卫生部发布声明称，当天境内共进行新冠肺炎检测18018次，发现了2963例新增确诊病例。目前，伊拉克共进行新冠肺炎检测983335次，确诊病例累计总数为121263例，其中4671例死亡，85546例痊愈。（央视新闻）,伊拉克新增2963例新冠肺炎确诊病例 累计确诊121263例
14,2020-07-30 23:05:00,意大利新增386例新冠肺炎确诊病例，增幅创6月5日以来最大。,意大利新增386例新冠肺炎确诊病例
15,2020-07-30 23:00:00,WTI原油期货较日低回升近1美元，跌幅缩窄至3.71%，报39.7美元/桶。,WTI原油期货跌幅收窄至3.71%
16,2020-07-30 22:53:00,7月30日，位于海口市秀英区的海口市国际免税城项目举行开工仪式，地块二和地块三同时开工，两个地块合计总投资约20亿元，预计明年10月份封顶。（中国新闻网）,海口市国际免税城项目两地块开工 预计总投资20亿
17,2020-07-30 22:47:00,现货黄金一度跌破1940美元/盎司，日内跌幅达1.4%。,现货黄金一度跌破1940美元/盎司，日内跌幅达1.4%
18,2020-07-30 22:43:00,英国报告新增846例新冠肺炎确诊病例，累计302301例。,英国报告新增846例新冠肺炎确诊病例
19,2020-07-30 22:42:00,7月30日，安永发布《2020年上半年中国海外投资概览》，报告显示2020年上半年，中企宣布海外并购总额146亿美元，同比下降40%，中企海外并购额创十年来同期新低；宣布的并购数量248宗，同比减少17%；二季度跌幅已经较一季度大幅放缓。（财新网）,2020年上半年中企海外并购创十年来新低
20,2020-07-30 22:40:00,理想汽车集合竞价时段股价达16.35美元，IPO发行价为11.5美元。,理想汽车集合竞价时段股价达16.35美元
21,2020-07-30 22:33:00,7月30日下午，移动互联网在线教育平台趣记忆宣布获得由网龙华渔领投、顺为资本跟投的近4000万元天使轮融资。（经济观察网）,移动互联网学习平台趣记忆：获近4千万战略融资 由网龙华...
22,2020-07-30 22:24:00,据欧联网援引欧联通讯社报道，当地时间7月29日，意大利国家紧急状态延长至10月15日的法案，已正式获得国家参众两院批准，并将颁布实施。意大利总理孔特表示，延长国家紧急状态，并不意味着政府立即采取某种新的限制措施。其重点在于随时应对新冠...,意大利国家紧急状态延至10月15日，获两院批准
23,2020-07-30 22:20:00,据透露，云南白药上海国际中心项目将主要包括建立白药集团国际运营中心、布局创新研发体系、建设云南白药精准定制肌肤管理平台等内容。同时，项目还将设立生物医药产业发展基金，在全球范围内投资引进创新研发类项目，依托上海强大的产业资源与...,云南白药上海国际中心签约仪式今举行
24,2020-07-30 22:18:00,上期所原油期货主力合约SC2009跌幅扩大至4%。,上期所原油期货主力合约SC2009跌幅扩大至4%
25,2020-07-30 22:15:00,WTI原油期货跌超5%，现报39.16美元/桶。,WTI原油期货跌超5%
26,2020-07-30 22:03:00,乌鲁木齐市副市长宋亚君7月30日表示，乌鲁木齐市新冠肺炎疫情防控工作指挥部于7月28日对来乌鲁木齐、返乌鲁木齐和离乌鲁木齐人员的管理措施做出调整，规定乌鲁木齐人员原则上非必要不出乌鲁木齐。,乌鲁木齐市调整人员进出管控政策 要求本市居民非必要不去...
27,2020-07-30 22:02:00,WTI原油期货跌超4%，现报39.66美元/桶。,WTI原油期货跌超4%
28,2020-07-30 22:01:00,美股低开低走，道指跌超2%。,道指跌超2%
29,2020-07-30 22:00:00,香港医院管理局7月30日公布，正在积极筹备使用亚洲国际博览馆一号馆作为社区治疗设施，预计48至72小时内开展服务。香港特区政府卫生署7月30日通报，截至凌晨零时，全港新增149例新冠肺炎确诊病例，创单日最多纪录，也是连续第九日单日新增破百。...,香港亚洲博览馆改建社区治疗设施 预计72小时内收新冠病患
30,2020-07-30 21:58:00,WTI原油期货跌破40美元/桶，日内跌幅达3.22%。,WTI原油期货跌破40美元/桶
31,2020-07-30 21:57:00,美股三大指数皆跌超1%，道指跌约500点。,美股三大指数皆跌超1%，道指跌约500点
32,2020-07-30 21:55:00,据四川省农业农村厅30日消息，为千方百计抓好生猪复产保供工作，完成今年6000万头的出栏任务，四川省非洲猪瘟防控与恢复生猪生产指挥部日前下发《关于确保完成今年生猪出栏6000万头任务的通知》，提出对完成今年生猪出栏目标的县(市、区)，按每...,四川生猪扶持政策再“加码” 确保2020年生猪出栏6000万头
33,2020-07-30 21:43:00,惠伦晶体7月30日晚披露定增预案，募集资金总额不超5亿元，用于高基频、小型化压电石英晶体元器件产业化生产基地建设项目，以及补充流动资金。此次发行对象为包括上海正奇在内的不超过35名（含）的特定投资者。上海正奇同意按照协议约定的价格认...,惠伦晶体：拟定增募资不超5亿元
34,2020-07-30 21:38:00,继山东省属国企能源集团重组整合后，济南市属国企能源企业改革大潮也已掀开。7月30日，济南热力集团有限公司、济南热电有限公司、济南港华燃气有限公司、山东济华燃气有限公司4家公司组建济南能源集团。,注资百亿！济南能源集团挂牌成立 整合能源改革
35,2020-07-30 21:35:00,迪瑞医疗晚间公告，2020年度上半年净利1.08亿元，同比下降14.12%。,迪瑞医疗：上半年净利1.08亿元 同比下降14.12%
36,2020-07-30 21:34:00,迪瑞医疗：公司拟转让所持有的宁波瑞源生物科技有限公司11%股权，交易作价1.186亿元人民币，转让完成后宁波瑞源不再纳入公司合并报表范围。,迪瑞医疗：公司拟转让所持有的宁波瑞源生物科技有限公司1...
37,2020-07-30 21:31:00,惠伦晶体发布公告称，2020年度上半年实现营业收入1.44亿元，同比增长14.81%；净利427.34万元，同比增长1426.79%。,惠伦晶体：上半年净利427.34万元 同比增长1426.79%
38,2020-07-30 21:31:00,美股低开，道指开跌约200点，美国第二季度GDP创1940年代有记录以来最大降幅；高通(QCOM.O)逆市开涨约10%，第三财季业绩大超市场预期。,美股开盘：美股低开 高通逆市开涨约10%
39,2020-07-30 21:31:00,柯达涨约30%，昨日收涨318%，本周已累涨约1500%。,柯达涨约30%，昨日收涨318%
40,2020-07-30 21:15:00,鼎捷软件(300378)连续两日涨停，公司7月30日晚提示风险称，公司此前披露，工业富联及其一致行动人将成为公司第一大股东，权益变动能否通过批准存在一定的不确定性；同时，双方探索IT+OT的融合是个较长周期的过程。目前双方在业务层面的合作仍处...,鼎捷软件提示风险：探索IT+OT的融合是个较长周期的过程
41,2020-07-30 21:15:00,华力创通发布公告称，2020年度上半年实现营业收入3.55亿元，同比增长12.07%；净利3136.7万元，同比增长55.84%。,华力创通：上半年净利3136.7万元 同比增长55.84%
42,2020-07-30 21:11:00,"记者7月30日从深圳市工程建设项目审批制度改革新闻发布会上获悉，为统筹推进疫情防控和经济社会发展，加快推进重大项目复产达产和新项目开工,市政府设立投资项目审批服务专班和重大项目推进专班,全力推进重大项目建设各项工作，取得良好成效。（...",2286个在建项目全部复工  深圳市政府成立服务专班推进建...
43,2020-07-30 21:08:00,当地时间30日，美国总统特朗普在社交平台发文称，“2020大选将是历史上最不准确和最具欺骗性的选举。这将使美国非常难堪。推迟选举，直到人们能够正确、安全地投票”。,特朗普建议推迟美国2020年大选
44,2020-07-30 21:03:00,据伊朗法尔斯通讯社30日报道，伊朗确定国家利益委员会成员、最高领袖顾问、前议会议长阿里·拉里贾尼再次出现新冠肺炎症状，已住院治疗，目前情况良好。当地时间4月2日，拉里贾尼新冠病毒测试呈阳性，首次确诊患新冠肺炎，在家中隔离并接受治疗...,伊朗确委会成员拉里贾尼再次确诊新冠肺炎
45,2020-07-30 21:02:00,江龙船艇7月30日晚披露向特定对象发行A股股票预案，募集资金总额不超3.75亿元，用于海洋先进船艇智能制造项目、偿还银行贷款。公司同时披露半年报，上半年营收为2.02亿元，同比增长2.50%；净利为803万元，同比下降6.35%。,江龙船艇：拟定增募资不超3.75亿元
46,2020-07-30 21:01:00,布伦特原油期货跌幅扩大至2%，现报42.84美元/桶。,布伦特原油期货跌幅扩大至2%
47,2020-07-30 20:59:00,英国10年期国债收益率跌至0.074%，创纪录新低。,英国10年期国债收益率创纪录新低。
48,2020-07-30 20:53:00,江龙船艇发布公告称，2020年度上半年实现营业收入2.02亿元，同比增长2.5%；净利803.21万元，同比下降6.35%。,江龙船艇：上半年净利803.21万元 同比下降6.35%
49,2020-07-30 20:52:00,佐力药业发布公告称，2020年度上半年实现营业收入4.67亿元，同比增长8.92%；净利3070.61万元，同比增长11.61%。,佐力药业：上半年净利3070.61万元 同比增长11.61%
50,2020-07-30 20:51:00,宝通科技：此次抖音取消与哈视奇已经达成的所有合作，公司深表遗憾。此次合作的取消不会影响公司业绩，也不会对公司日常生产、经营情况等产生任何影响，公司将持续加强AR/VR领域的布局与实践。,宝通科技：此次抖音取消与哈视奇已经达成的所有合作不会...
51,2020-07-30 20:50:00,天津普林发布公告称，2020年度上半年实现营业收入2.14亿元，同比增长3.31%；净利1013.23万元，同比增长76.54%。,天津普林：上半年净利1013.23万元 同比增长76.54%
52,2020-07-30 20:44:00,苏宁易购业绩快报，2020年度上半年亏损1.6亿元，去年同期盈利21.39亿元，同比下降107.51%。受疫情影响，消费需求受到抑制，消费信心修复缓慢，零售行业发展面临较大的挑战。上半年社零总额同比下降11.4%，全国网上零售额同比增长7.3%；根据中华...,苏宁易购：上半年亏损1.6亿元 同比下降107.51%
53,2020-07-30 20:42:00,7月30日，深交所发布《深圳证券交易所关于开展公司债券置换业务有关事项的通知》。《通知》依据现有法律法规，从业务内容、操作原则、信息披露等方面对债券置换业务进行规范。,深交所发布公司债券置换业务通知
54,2020-07-30 20:40:00,高新发展发布公告称，2020年度上半年实现营业收入19.27亿元，同比增长114.94%；净利7208.18万元，同比增长126.52%。,高新发展：上半年净利7208.18万元 同比增长126.52%
55,2020-07-30 20:39:00,领益智造发布公告称，2020年度上半年实现营业收入119.44亿元，同比增长24.47%；净利6.31亿元，同比下降43.36%。,领益智造：上半年净利6.31亿元 同比下降43.36%
56,2020-07-30 20:38:00,理工环科业绩快报，2020年度上半年净利1.07亿元，同比增长5.30%。,理工环科：上半年净利1.07亿元 同比增长5.30%
57,2020-07-30 20:36:00,美国GDP数据公布后，美股股指期货跌幅小幅扩大。,美国GDP数据公布后，美股股指期货跌幅小幅扩大
58,2020-07-30 20:33:00,美国第二季度实际个人消费支出季率初值录得-34.6%，创历史最大降幅。,美国第二季度实际个人消费支出季率初值录得-34.6%
59,2020-07-30 20:31:00,美国上周首次申领失业救济人数143.4万人，预估为144.5万人，前值为141.6万人。,美国上周首次申领失业救济人数143.4万人
60,2020-07-30 20:30:00,美国第二季度实际GDP年化季率初值 -32.9%，预期 -34.5%，前值 -5%。,美国第二季度实际GDP年化季率初值录得-32.9%，创上世纪40...
61,2020-07-30 20:27:00,恒邦股份发布公告称，2020年度上半年实现营业收入164.46亿元，同比增长26.62%；净利1.34亿元，同比下降8.51%。,恒邦股份：上半年净利1.34亿元 同比下降8.51%
62,2020-07-30 20:26:00,佳云科技7月30日晚公告，公司拟4153万元收购嘉湾兆业持有的北京海力保险经纪有限公司100%股权。此次收购交易对方嘉湾兆业为佳兆业集团控制的下属公司，佳兆业集团为公司实控人郭英成、郭英智控制的公司，本次交易事项构成关联交易。此次交易旨在...,佳云科技：拟收购海力保险 开拓互联网保险新业务
63,2020-07-30 20:22:00,近日，兵器工业集团东北工业集团蓬翔公司将20台新能源PX95E纯电动矿用车交付给客户，这是蓬翔公司深耕细作、努力开拓市场的结果，标志着东北工业集团开始从传统的工程机械领域向新能源工程机械领域迈进。基于国家政策的要求以及客户对新能源矿用...,20台新能源纯电动矿用车实现批量交付
64,2020-07-30 20:21:00,“从总体上来讲，我们目前的分析判断是，到2023年左右，（航空）市场能够逐渐恢复到疫情之前的水平。”7月30日，在波音“放心出行”在线媒体沟通会上，波音民机集团中国市场营销区域总监唐睿作出上述预测。在全球范围内，中国是民航市场恢复最好...,波音：在全球范围内，中国是民航市场恢复最好的国家
65,2020-07-30 20:20:00,道指期货盘前跌超200点，美国第二季度GDP今夜重磅来袭，或创有史以来最糟水平；理想汽车今夜以“LI”为代码在纳斯达克挂牌上市；柯达盘前涨23%，昨日收涨318%。,美股盘前必读：美国第二季度GDP或创有史以来最糟水平
66,2020-07-30 20:15:00,潮宏基发布公告称，2020年度上半年实现营业收入14.1亿元，同比下降20.08%；净利1342.36万元，同比下降90.24%。,潮宏基：上半年净利1342.36万元 同比下降90.24%
67,2020-07-30 20:15:00,中超控股发布公告称，2020年度上半年实现营业收入21.28亿元，同比下降40.3%；亏损5467.61万元，同比下降228.49%。,中超控股：上半年亏损5467.61万元 同比下降228.49%
68,2020-07-30 20:12:00,威华股份发布公告称，2020年度上半年实现营业收入7.53亿元，同比下降28.95%；亏损1.67亿元，同比止盈转亏。,威华股份：上半年亏损1.67亿元 同比止盈转亏
69,2020-07-30 20:07:00,据环球网援引台湾“东森新闻云”消息，台北荣总今日证实，台湾前地区领导人李登辉已在晚间19点24分病逝，终年98岁。,台湾地区前领导人李登辉病亡
70,2020-07-30 20:02:00,海尔智家：正在推进潜在私有化海尔电器集团有限公司事项；海汽集团澄清：海南旅投公司上报的离岛免税品经营资质的申请暂未收到书面批准文件；五连板英特集团：第三方冷链物流业务收入的金额以及收入占比极小。,7月30日晚间公告集锦：海尔智家正在推进潜在私有化海尔电...
71,2020-07-30 19:58:00,波罗的海干散货指数涨2.35%，报1384点。,波罗的海干散货指数涨2.35%
72,2020-07-30 19:56:00,恒华科技发布公告称，2020年度上半年实现营业收入2.44亿元，同比下降44.96%；净利3435.23万元，同比下降62.27%。,恒华科技：上半年净利3435.23万元 同比下降62.27%
73,2020-07-30 19:55:00,美康生物晚间公告，子公司江西美康盛德生物科技有限公司于近日取得由江西省药品监督管理局颁发的《中华人民共和国医疗器械注册证（体外诊断试剂）》，对公司未来的经营将产生积极影响。,美康生物：子公司取得体外诊断试剂医疗器械注册证
74,2020-07-30 19:54:00,亚太科技业绩快报，2020年度上半年净利1.39亿元，同比下降6.60%。,亚太科技：上半年净利1.39亿元 同比下降6.60%
75,2020-07-30 19:54:00,北京时间2020年7月30日19时50分左右，一枚“宇宙神五”运载火箭在美国卡纳维拉尔角航天基地发射升空，本次搭载的是美国宇航局“毅力”号核动力火星车。（腾讯科技）,美国宇航局“毅力”号核动力火星车发射升空
76,2020-07-30 19:48:00,美诺华7月30日晚间披露半年报，公司上半年实现营业收入6.51亿元，同比增长16.01%；净利润1.07亿元，同比增长24.57%。基本每股收益0.74元。,美诺华：上半年净利1.07亿元 同比增25%
77,2020-07-30 19:48:00,海尔智家晚间公告，公司正在推进潜在私有化海尔电器集团有限公司事项，相关情况尚待进一步核实，公司申请A股股票7月31日（周五）开市起停牌一天，并于8月3日（周一）开市起复牌。,海尔智家：公司正在推进潜在私有化海尔电器集团有限公司...
78,2020-07-30 19:46:00,乐鑫科技发布公告称，2020年度上半年实现营业收入2.93亿元，同比下降9.31%；净利3474.01万元，同比下降45.41%。,乐鑫科技：上半年净利3474.01万元 同比下降45.41%
79,2020-07-30 19:46:00,今日新闻联播或涉及资本市场的内容：1、中共中央政治局召开会议，分析研究当前经济形势和经济工作；2、就当前经济形势和下半年经济工作，中共中央召开党外人士座谈会，习近平主持并发表重要讲话；3、习近平将出席北斗三号全球卫星导航系统建成暨...,7月30日新闻联播要闻精选
80,2020-07-30 19:45:00,日上集团业绩快报，2020年度上半年净利3895万元，同比下降8.99%。,日上集团：上半年净利3895万元 同比下降8.99%
81,2020-07-30 19:45:00,宁德时代晚间公告，本次非公开发行新增股份1.22亿股，将于2020年8月4日在深圳证券交易所上市,宁德时代：非公开发行新增股份1.22亿股
82,2020-07-30 19:45:00,恩华药业7月30日晚披露半年报，上半年，公司净利为3.53亿元，同比增长9.64%。截止2020年6月底，江苏好欣晴平台注册精神科已认证医生超过2.9万余名，注册用户超过376万余人，2020年上半年服务患者达35.47万余人次，成为国内移动医疗一支新秀。202...,恩华药业：江苏好欣晴下半年将启动上市工作
83,2020-07-30 19:44:00,中工国际业绩快报，2020年度上半年净利8200万元，同比下降83.59%。,中工国际：上半年净利8200万元 同比下降83.59%
84,2020-07-30 19:43:00,新易盛7月30日晚披露半年报，上半年，公司营收为8.37亿元，同比增长74%；净利为1.91亿元，同比增长137%。报告期，公司持续加强高速率光模块、5G相关光模块的研发工作，5G相关光模块及400G光模块实现批量出货且出货量保持持续提升，公司总体营业...,新易盛：上半年净利同比增长137%
85,2020-07-30 19:42:00,"7月30日，百度与伟创力,在伟创力苏州吴中工厂举行了Apollo Computing Unit （ACU）量产下线发布仪式。发布会上，百度宣布全球首个量产自动驾驶计算平台ACU正式下线，这款量产的ACU硬件平台将在今年下半年率先应用于百度与威马联合开发的Apollo V...",百度宣布全球首个量产自动驾驶计算平台ACU下线 年产20万套
86,2020-07-30 19:33:00,TikTok表示，公司预计未来三年内，创造者基金将在美国增长超过10亿美元，在全球将增长一倍以上。,TikTok：公司预计未来三年内，创造者基金将在美国增长超...
87,2020-07-30 19:17:00,乐普医疗7月30日晚公告，公司今日获悉，公司AI事业部下属全资子公司深圳市凯沃尔电子有限公司自主研发的具备人工智能深度学习分析算法的“心电图机”获得国家药品监督管理局（NMPA）的注册批准。该产品是公司推出的国内外首款使用AI芯片进行心电...,乐普医疗：人工智能“心电图机”获得NMPA注册批准
88,2020-07-30 19:13:00,海汽集团澄清：经向海南旅投公司核实，海南旅投公司已向海南省人民政府上报了离岛免税品经营资质的申请，目前暂未收到书面批准文件；如海南旅投公司获得免税品经营资质，截至目前，亦无将免税业务注入公司的计划和意向。,海汽集团澄清：目前暂未收到书面批准文件 亦无将免税业务...
89,2020-07-30 19:12:00,上海市委副书记、市长龚正今天主持召开市政府常务会议，贯彻落实国务院房地产工作座谈会议精神；强调要按照市委、市政府部署，构建与超大城市发展相匹配的托育服务体系，进一步提升食品安全保障水平。会议指出，上半年本市房地产市场形势总体是...,上海市政府常务会议明确：坚持“房住不炒”，确保房地产...
90,2020-07-30 19:11:00,润达医疗业绩快报，2020年度上半年净利1.11亿元，同比下降36.28%。,润达医疗：上半年净利1.11亿元 同比下降36.28%
91,2020-07-30 19:09:00,习近平强调，现在疫情防控局势平稳，经济运行基本恢复，三、四季度要乘势而上，巩固扩大疫情防控和经济恢复成果，努力弥补上半年的损失。（新华社）,中共中央召开党外人士座谈会 习近平主持并发表重要讲话
92,2020-07-30 19:03:00,7月30日，国家药品监督管理局药品审评中心发布《2019年度药品审评报告》。报告数据显示，2019年，药审中心受理新注册申请8082件（含器械组合产品5件），其中需技术审评的注册申请6199件（含4907件需药审中心技术审评和行政审批的注册申请），直...,2019年度药品审评报告：共受理8077件药品注册申请
93,2020-07-30 18:56:00,中共中央政治局：要确保宏观政策落地见效。财政政策要更加积极有为、注重实效。要保障重大项目建设资金，注重质量和效益。货币政策要更加灵活适度、精准导向。要保持货币供应量和社会融资规模合理增长，推动综合融资成本明显下降。要确保新增融...,中共中央政治局：要确保宏观政策落地见效
94,2020-07-30 18:56:00,中央政治局：要推进资本市场基础制度建设，依法从严打击证券违法活动，促进资本市场平稳健康发展。,中央政治局：要推进资本市场基础制度建设，依法从严打击...
95,2020-07-30 18:55:00,WTI原油期货跌幅扩大至2%，报40.47美元/桶，布伦特原油期货跌1.66%。,WTI原油期货跌幅扩大至2%
96,2020-07-30 18:51:00,7月30日，国家邮政局发布了关于2020上半年邮政行业经济运行情况的通报。虽然在第一季度，邮政行业运行受到较大影响，但随着行业加速复工复产，疫情影响逐步降低，行业运行加快恢复。第二季度，行业业务总量和快递业务量增速超过30%，行业业务收...,国家邮政局：二季度快递业务收入增逾20% 行业运行回高位
97,2020-07-30 18:51:00,欧股跌幅持续扩大，德国DAX指数跌3%，欧洲斯托克50指数跌2.28%，法国CAC40指数跌1.8%，英国富时100指数跌超2%。,欧股跌幅持续扩大 德国DAX指数跌3%
98,2020-07-30 18:49:00,南京新百7月30日晚发布澄清公告称，公司就媒体报道“三胞集团曙光将至，信达百亿资金真的来了”的相关事项，向控股股东三胞集团及实际控制人袁亚非发出书面函证，经回函确认，该媒体报道的有关三胞集团债务重组方案事项截至目前未有涉及南京新百...,南京新百：三胞集团债务重组方案事项未有涉及公司相关事宜
99,2020-07-30 18:47:00,深交所7月30日披露，创业板试点注册制当日受理7家企业IPO申请，具体名单为：美柚股份、华润材料、益中亘泰、德盛利、上海凯鑫、超达装备、时代凌宇。值得注意点，美柚股份是基于移动互联网的女性生活服务提供商，公司旗下的移动互联网软件包括经...,创业板注册制受理7家企业IPO申请 互联网企业美柚股份拟募...
100,2020-07-30 18:46:00,振江股份发布公告称，2020年度上半年实现营业收入9.0亿元，同比增长39.49%；净利3494.2万元，同比扭亏为盈，上年同期亏损。,振江股份：上半年净利3494.2万元 同比扭亏为盈
101,2020-07-30 18:40:00,日本经济产业省30日发布的数据显示，日本6月零售额环比增长、同比降幅明显缩小。数据显示，6月零售额为12.295万亿日元（1美元约合105日元），同比下降1.2%，环比增长13.1%。日本零售额已连续4个月同比下降，但与5月12.5%的降幅相比，6月降幅明显...,日本零售业出现恢复势头
102,2020-07-30 18:40:00,新华社消息，法国汽车制造商雷诺集团30日发布的公报显示，受新冠疫情等影响，今年上半年集团净亏损近74亿欧元。根据公报，上半年雷诺共销售汽车126万辆，同比下降34.9%；实现营收184亿欧元，同比减少34.3%。公报显示，联盟伙伴日产汽车业绩恶化...,雷诺上半年净亏损近74亿欧元
103,2020-07-30 18:35:00,欧盟官方统计机构30日公布的最新数据显示，欧盟27个成员国在6月份共有约1500万人失业，失业率较前一月上升0.1个百分点，达到7.1%。与此同时，由19个国家组成的欧元区失业率上升至7.8%，比前一月高0.1个百分点。（央视新闻）,欧盟27个成员国6月份约1500万人失业 失业率7.1%
104,2020-07-30 18:31:00,*ST宏图7月30日晚间公告，公司关注到关于控股股东三胞集团 “三胞集团曙光将至，信达百亿资金真的来了”的报道。媒体在7月28日报道中提及三胞集团债务重组的第一稿方案已经出炉及信达百亿资金支持、地方政府政策支持等内容。经公司书面函证控股...,*ST宏图澄清：三胞集团债务重组方案未涉及公司相关事宜
105,2020-07-30 18:30:00,西藏珠峰晚间公告，预计今年上半年净亏损1.1亿-1.3亿元，同比下降62.58%-68.33%。受疫情影响到行业供需关系，报告期内有色金属行业铅、锌价格与上年同期相比大幅下降,西藏珠峰：预计今年上半年净亏损1.1亿-1.3亿元
106,2020-07-30 18:26:00,新宙邦发布公告称，2020年度上半年实现营业收入11.93亿元，同比增长12.94%；净利2.38亿元，同比增长77.31%。,新宙邦：上半年净利2.38亿元 同比增长77.31%
107,2020-07-30 18:24:00,7月30日，工信部运行监测协调局发布的2020年上半年互联网和相关服务业运行情况显示，上半年，我国规模以上互联网和相关服务企业（简称互联网企业）完成业务收入5907亿元，同比（较上年同期）增长14.1%，增速较一季度提高12.6个百分点，仍低于去...,工信部：上半年互联网企业完成业务收入5907亿增逾14%
108,2020-07-30 18:23:00,"7月30日，万达酒店公告称，7月24日收市后，公司非全资附属公司WandaChicagoRealEstate,LLC（万达芝加哥）与买方MagellanParcelC/DLLC订立协定，2.7亿美元出售ParcelCLLC股东权益的90%。这次出售预期产生收益约9400万港元。目前，万达旗下的业务...",万达清空所有海外房地产项目
109,2020-07-30 18:22:00,艾迪药业公告，收到国家药品监督管理局于2020年7月29日核准签发的关于公司抗艾滋病领域在研1类新药ACC008片（复方ACC007片）用于治疗经治的HIV-1感染者的《药物临床试验批准通知书》。ACC008片用于治疗经治的HIV-1感染者的临床试验方案，经国家...,艾迪药业：抗艾滋病新药ACC008片获批开展III期临床试验
110,2020-07-30 18:22:00,亚太实业近三个交易日录得两个涨停板，公司7月30日晚公告，近期关注到部分机构将公司列入“NMN概念板块”，同时部分投资者误认为公司生产NMN的原料烟酰胺，公司现对相关事项作自愿性说明，并风险提示如下：公司现有两家子公司，分别为全资子公司...,亚太实业：公司及子公司均不生产、销售烟酰胺和NMN产品
111,2020-07-30 18:21:00,据紫光集团消息，7月29日，紫光国微与大普通信签署战略合作协议，双方将在晶体晶振等领域全面深化合作，充分发挥各自优势，共同促进双方的业务发展和产品延伸，繁荣产业生态，占据5G先机。双方将携手在5G时代开拓晶体晶振巨大的应用市场，以创新...,紫光国微与大普通信在晶体晶振等领域达成战略合作
112,2020-07-30 18:20:00,君正集团：对大安制药不控股，大安制药为公司的参股公司；公司目前的主营业务依然为氯碱化工业务，没有血液制品、生物医药业务。,君正集团：对大安制药不控股
113,2020-07-30 18:20:00,奇正藏药连续四日涨停，公司7月30日晚公告，公司高级管理人员李军于7月29日通过集中竞价交易减持2.92万股，交易价格为30.61元，交易金额为89万元，占其总持有量的12.49%。李军未在卖出的15个交易日前向证券交易所报告并预先披露减持计划，构成违...,四连板奇正藏药：高级管理人员违规减持公司股票
114,2020-07-30 18:17:00,香溢融通晚间公告，公司2020年半年度业绩预计亏损1350万元到1600万元。,香溢融通：预计2020年度上半年亏损1350万元到1600万元
115,2020-07-30 18:15:00,同和药业7月30日晚公告，公司提交的“塞来昔布”原料药通过了CDE审批，表明该原料药符合中国相关药品审评技术标准，已批准在国内上市制剂中使用。塞来昔布主要用于缓解骨关节炎的症状和体征、缓解成人类风湿关节炎的症状和体征，还可用于治疗成...,同和药业：公司原料药通过CDE审批
116,2020-07-30 18:14:00,赤峰黄金：今年上半年实现净利润2.22亿元，同比增长69.89%。主要是由于本期黄金产销量增加及采取了降本增效成效显著,赤峰黄金：上半年净利2.22亿元 同比增长69.89%
117,2020-07-30 18:13:00,据国外媒体报道，在5nm芯片制程工艺二季度量产之后，台积电下一步的工艺重点就将是更先进的3nm工艺，这一工艺有望先于他们的预期大规模量产。在二季度的财报分析师电话会议上，台积电CEO魏哲家再一次谈到了3nm工艺，重申进展顺利，计划在2021年...,台积电3nm工艺计划明年风险试产，有望提前大规模量产
118,2020-07-30 18:12:00,中国神华晚间公告，预计2020年上半年归属于本公司股东的净利润约207亿元，同比下降约15%。,中国神华：预计2020年上半年净利润约207亿 同比下降约15%
119,2020-07-30 18:12:00,7月28日，中共中央在中南海召开党外人士座谈会，就当前经济形势和下半年经济工作听取各民主党派中央、全国工商联负责人和无党派人士代表的意见和建议。中共中央总书记习近平主持座谈会并发表重要讲话。,中共中央在中南海召开党外人士座谈会
120,2020-07-30 18:11:00,今日，顺丰发布的2020上半年顺丰速运生鲜大数据报告显示，上半年，顺丰生鲜寄递共送出近2.5亿件快递，同比增长139%；寄递生鲜品种达4073种，同比新增704种；48小时内平均到件率86%，运输总里程超过2.5亿千米。（36氪）,顺丰发布2020上半年生鲜大数据报告：上半年共送出近2.5亿...
121,2020-07-30 18:07:00,意见提出，鼓励以双创示范基地为载体开展政银企合作，探索多样化的科技金融服务。鼓励金融机构与双创示范基地合作开展设备融资租赁等金融服务。支持双创示范基地内符合条件的企业发行双创孵化专项债券、创业投资基金类债券、创新创业公司债券和...,国办：加强创新创业金融支持，着力破解融资难题
122,2020-07-30 18:05:00,国务院办公厅发布关于提升大众创业万众创新示范基地带动作用进一步促改革稳就业强动能的实施意见。,国务院办公厅发布关于提升大众创业万众创新示范基地带动...
123,2020-07-30 18:04:00,哈啰出行在首届科技开放日活动上宣布，将率先在其共享两轮出行服务中应用4G Cat.1通讯网络。Cat.1全称LTE UE-Category 1，是4G通信LTE网络下用户终端类别的一个标准，具有高带宽、低延时、低成本、低功耗等诸项优点。首批1500辆搭载4G Cat.1bis...,哈啰出行注册用户超4亿，共享两轮出行服务支持4G Cat.1通...
124,2020-07-30 17:59:00,中国神华：预计上半年净利润204亿元，同比下降16%。,中国神华：预计上半年净利润同比下降16%
125,2020-07-30 17:56:00,中共中央政治局7月30日召开会议，决定今年10月在北京召开中国共产党第十九届中央委员会第五次全体会议，主要议程是，中共中央政治局向中央委员会报告工作，研究关于制定国民经济和社会发展第十四个五年规划和二〇三五年远景目标的建议。会议分析...,党的十九届五中全会定于今年10月召开
126,2020-07-30 17:54:00,7月28日，中共中央在中南海召开党外人士座谈会，就当前经济形势和下半年经济工作听取各民主党派中央、全国工商联负责人和无党派人士代表的意见和建议。中共中央总书记习近平主持座谈会并发表重要讲话，强调要正确认识当前经济形势，深入调查研究...,习近平：任何国家任何人都不能阻挡中华民族实现伟大复兴...
127,2020-07-30 17:51:00,7月30日，广州市发展改革委官网对外发布《广州市氢能产业发展规划》，到2030年，建设绿色氢电综合调峰电站不低于10座，建成加氢站100座以上。氢能产业实现产值预计2000亿元以上。（新京报）,广州：到2030年要建成超100座加氢站
128,2020-07-30 17:43:00,大族激光30日晚披露业绩快报，上半年，公司营收为51.62亿元，同比增长9.03%；净利为6.23亿元，同比增长64.11%。公司二季度行业快速复苏，各项生产基本恢复正常。消费类电子业务需求好于预期，产品订单较去年同期保持稳定增长，受益于行业景气度...,大族激光业绩快报：上半年净利同比增64%
129,2020-07-30 17:42:00,拼多多启动首届“真香节”，平台将拿出1亿元现金，对被网友标注为“真香”的品牌商品进行定向补贴。（新京报）,拼多多上线首届“真香节”，1亿元现金开展定向补贴
130,2020-07-30 17:39:00,北京市科学技术委员会等部门30日联合解读《北京市加快新场景建设培育数字经济新生态行动方案》，并发布第二批30项应用场景建设项目。项目总投资额52.9亿元，主要聚焦产业升级、城市管理、民生服务等领域。（新华网）,北京计划投资52.9亿元建设30项应用场景
131,2020-07-30 17:39:00,康希诺生物-B董事会主席宇学峰今日在科创板网上路演时表示，公司新冠疫苗三期临床试验正在筹备推进中，暂未最终确定方案。目前疫苗的规划产能为1-2亿剂，最终年产能要根据最终获批产品的剂量、剂次等因素决定。针对疫苗的上市时间，宇学峰表示，...,康希诺生物：疫苗产能规划为1-2亿剂，上市时间未定
132,2020-07-30 17:38:00,7月30日，上海证券交易所发布《关于开展公司债券置换业务有关事项的通知》。通知明确，发行人开展债券置换业务应当采用要约方式，以公告形式向标的债券全部持有人发出要约，并明确置换方案。,上交所开展公司债券置换业务有关事项
133,2020-07-30 17:30:00,北上资金今日净流出63.38亿。格力电器、隆基股份、中国中免、伊利股份净卖出居前，分别获净卖出9.99亿元、7.60亿元、4.96亿元、2.43亿元。,北上资金净流出63.38亿 格力电器净卖出9.99亿
134,2020-07-30 17:29:00,沃森生物晚间公告，子公司收到重组人乳头瘤病毒6和11亚型蛋白毕赤酵母表达专利证书。,沃森生物：子公司收到重组人乳头瘤病毒相关专利证书
135,2020-07-30 17:28:00,据工信部披露，上半年，我国规模以上互联网企业完成业务收入5907亿元，同比增长14.1%，增速较一季度提高12.6个百分点，仍低于去年同期3.8个百分点。全行业共实现营业利润521.6亿元，同比增长2.8%，扭转一季度大幅下滑局面，但低于去年同期19.9个...,工信部：上半年我国规模以上互联网企业业务收入同比增长14%
136,2020-07-30 17:26:00,湘佳股份晚间公告，2020年度上半年净利1.40亿元，同比增长114.37%。,湘佳股份：上半年净利1.40亿元 同比增长114.37%
137,2020-07-30 17:25:00,*ST东洋7月30日晚公告，公司于7月29日收到证监会对公司的《调查通知书》，因公司涉嫌存在信息披露违法违规行为，证监会决定对公司立案调查。同时，公司收到证监会对公司控股股东山东东方海洋集团有限公司的《调查通知书》，因其涉嫌违反证券法相...,*ST东洋：公司及控股股东收到证监会立案调查通知书
138,2020-07-30 17:25:00,神剑股份回复深交所关注函称，公司无人机业务主要是利用钣金及复合材料加工制造能力，根据客户需求对无人机机体和零配件提供加工制造和配套服务。2019年度及2020年第一季度无人机业务无收入。截至目前，公司在手无人机订单金额为201万元，产品为...,神剑股份：2019年度及2020年第一季度无人机业务无收入
139,2020-07-30 17:24:00,华测导航发布公告称，2020年度上半年实现营业收入4.79亿元，同比增长3.92%；净利5350.56万元，同比增长16.51%。,华测导航：上半年净利5350.56万元 同比增长16.51%
140,2020-07-30 17:23:00,银轮股份业绩快报，2020年度上半年净利2.02亿元，同比增长0.31%。,银轮股份：上半年净利2.02亿元 同比增长0.31%
141,2020-07-30 17:22:00,海正药业7月30日晚间公告，公司收到国家药品监督管理局核准签发的HS236胶囊（50mg、200mg）的《药物临床试验批准通知书》。HS236为成纤维细胞生长因子受体4 (FGFR4)选择性抑制剂，HS236胶囊主要适用于治疗肝细胞肝癌和其他晚期恶性实体瘤。截至...,海正药业：HS236胶囊获得药物临床试验批准通知书
142,2020-07-30 17:22:00,双成药业业绩快报，2020年度上半年亏损1705万元，同比下降17.13%。,双成药业：上半年亏损1705万元 同比下降17.13%
143,2020-07-30 17:21:00,英特集团晚间公告，预计2020年度上半年净利7500万元-8500万元，同比下降12.67%-22.95%。,英特集团：预计上半年净利下降12.67%-22.95%
144,2020-07-30 17:19:00,英特集团连续5日涨停，公司7月30日晚公告，对于目前市场关注度较高以及投资者问询较多的冷链疫苗业务，公司说明如下：目前公司主营业务收入主要来源于药品、医疗器械批发和零售业务，第三方冷链物流业务收入的金额以及收入占比极小。,五连板英特集团：第三方冷链物流业务收入的金额以及收入...
145,2020-07-30 17:19:00,汇中股份发布公告称，2020年度上半年实现营业收入1.52亿元，同比增长49.51%；净利4011.49万元，同比增长46.98%。,汇中股份：上半年净利4011.49万元 同比增长46.98%
146,2020-07-30 17:15:00,据《印度斯坦时报》报道，两家印度公司已开始新冠疫苗的临床试验。（卫星新闻）,两家印度公司已开始新冠疫苗的临床试验
147,2020-07-30 17:14:00,任国强：近日，西藏军区在高海拔地区组织多炮种、跨昼夜火力打击演练和炮兵火力突击演练，主要是检验部队在高原环境下远程精确打击和火力突击能力。上述演练是年度训练计划内的，不针对任何特定国家。,国防部：西藏军区在高海拔地区组织多炮种、跨昼夜演练
148,2020-07-30 17:13:00,汇中股份晚间公告，2020年度上半年净利4011万元，同比增长46.98%。,汇中股份：上半年净利4011万元 同比增长46.98%
149,2020-07-30 17:13:00,有网友在使用美团时发现，支付宝未出现在支付选择列表上。深报视听记者联系美团客服后，客服表示系统根据用户支付习惯来展示支付方式，未显示的支付宝支付方式的用户可联系客服进行处理。随后记者的支付列表中就出现了支付宝的选项。,美团回应取消支付宝支付 实测联系客服后可恢复
150,2020-07-30 17:13:00,道指期货和标普500指数期货跌1%，纳指期货跌1.3%。,道指期货和标普500指数期货跌1%
151,2020-07-30 17:12:00,7月30日，北京互联网法院作出一审宣判，认定抖音、微信读书两款App均有侵害用户个人信息的情形。对此，字节跳动法务相关负责人表示，抖音上的用户通讯录信息是由用户授权上传的，抖音一直遵循相关监管机构对于网络运营者留存数据时间的要求。如...,北京互联网法院一审认定抖音侵害用户个人信息，抖音：会上诉
152,2020-07-30 17:11:00,怡达股份发布公告称，2020年度上半年实现营业收入4.38亿元，同比下降5.06%；亏损776.09万元，同比止盈转亏。,怡达股份：上半年亏损776.09万元 同比止盈转亏
153,2020-07-30 17:11:00,克明面业7月30日晚公告，7月29日，公司与控股股东克明食品集团签订了《股权转让协议》，公司将以3525万元出售所持有的克明小贷36.78%的股权。交易完成后，公司将不再持有克明小贷的股权。,克明面业：出售所持克明小贷36.78%股权给控股股东
154,2020-07-30 17:10:00,据日本共同社：日本单日新增确诊病例连续第二天超过1000例。,日本单日新增确诊病例连续第二天超过1000例
155,2020-07-30 17:02:00,索通发展晚间公告，预计 2020 年半年度实现归属于上市公司股东的净利润为5500万元到6500万元，同比增加65.83%到95.98%。子公司山东创新炭材料有限公司年产60万吨预焙阳极项目、索通齐力炭材料有限公司年产30万吨预焙阳极项目投产后，2020年上半...,索通发展：预计上半年净利增长66%-96%
156,2020-07-30 17:00:00,富森美业绩快报，2020年度上半年净利3.12亿元，同比降低22.91%。,富森美：上半年净利3.12亿元 同比降低22.91%
157,2020-07-30 16:59:00,7月30日，北京互联网法院作出一审宣判，认定抖音、微信读书两款App均有侵害用户个人信息的情形。对此，腾讯回应称：我们尊重法院判决。保障用户信息安全是微信读书一直坚守的首要原则。腾讯表示，2019年5月底，我们收到该案诉讼后第一时间进行了...,腾讯回应微信读书侵害用户信息：尊重判决，相关功能已优化
158,2020-07-30 16:59:00,"记者从中国石化新闻办获悉, 中国石化自产熔喷布销售模式已由原来的总部统一调配、定向供应转变为生产企业面向全国客户自主销售，燕山石化、仪征化纤等熔喷布生产企业将按市场需求和客户要求合理排产。这意味着，全国熔喷布市场供需矛盾已得到有...",中国石化熔喷布面向普通客户直接销售
159,2020-07-30 16:53:00,根据Global Market Insights的报告，聚乙烯醇薄膜市场在2019年估计为2.9亿美元，预计到2026年将超过4.3亿美元，从2020年到2026年的复合年增长率为5.5％。（美通社）,报告：聚乙烯醇薄膜市场预计将于2026年超过4.3亿美元
160,2020-07-30 16:52:00,市场消息：松下将在2-3年内推出无钴电池，目前已将特斯拉电池中的钴含量降至5%以下。,松下将在2-3年内推出无钴电池
161,2020-07-30 16:52:00,工信部、科技部、生态环境部发布关于组织开展《国家鼓励发展的重大环保技术装备目录（2020年版）》推荐工作的通知。通知提出，聚焦污染防治攻坚战和国家生态环境保护主要指标要求，强化创新驱动，突破环保装备关键核心技术工艺以及配套零部件、...,三部门组织开展2020年版国家鼓励发展的重大环保技术装备...
162,2020-07-30 16:52:00,健友股份发布公告称，2020年度上半年实现营业收入13.96亿元，同比增长18.64%；净利4.08亿元，同比增长41.24%。,健友股份：上半年净利4.08亿元 同比增长41.24%
163,2020-07-30 16:51:00,7月30日下午消息，近日，华为常务董事、产品投资评审委员会主任汪涛在华为公司主办的“2020创新数据基础设施峰会”表示，河南迎来数字经济产业升级“新机遇”，而“新基建”是加速数字经济、抢抓新机遇的基础性保障。联接+计算是构成数字经济的...,华为汪涛：加快河南新基建发展 打造数字经济“黑土地”
164,2020-07-30 16:51:00,深交所消息，创业板上市委员会定于8月6日召开第13次上市委员会审议会议，浙江松原汽车安全系统股份有限公司、上海凯鑫分离技术股份有限公司、益海嘉里金龙鱼粮油食品股份有限公司的首发申请。,创业板上市委员会：益海嘉里金龙鱼等3家公司8月6日首发上会
165,2020-07-30 16:50:00,香港金融管理局30日公布，4月至今已有超过1090亿港元的资金流入港元体系，香港银行体系流动性充裕，外汇和货币市场保持有序运作。（新华社）,香港金管局：4月至今逾千亿港元资金流入香港
166,2020-07-30 16:47:00,据香港特区政府新闻网，香港特区政府卫生署卫生防护中心30日下午介绍，截至30日零时，香港新增149例新冠肺炎确诊病例，连续9日单日新增过百，为疫情暴发以来单日新高。其中本地感染病例145例，输入性病例4例。香港累计报告新冠肺炎确诊病例现已...,香港新增149例新冠确诊病例，再创疫情暴发以来单日新高
167,2020-07-30 16:46:00,安纳达7月30日晚公告，控股子公司铜陵纳源原股东拟同意对其同比例追加投资，增资资金用于50kt/a电池级磷酸铁项目建设。根据项目建设的需要，本次增资总额7700万元。其中，公司以自有资金分两期共增资5390万元；股东出资比例不变，公司出资占比仍...,安纳达：对子公司铜陵纳源追加投资 用于50kt/a电池级磷酸...
168,2020-07-30 16:46:00,天华超净发布公告称，2020年度上半年实现营业收入7.62亿元，同比增长116.53%；净利1.88亿元，同比增长579.03%。,天华超净：上半年净利1.88亿元 同比增长579.03%
169,2020-07-30 16:43:00,丰林集团发布公告称，2020年度上半年实现营业收入6.01亿元，同比下降32.21%；净利2852.24万元，同比下降68.33%。,丰林集团：上半年净利2852.24万元 同比下降68.33%
170,2020-07-30 16:42:00,7月30日，北京互联网法院作出一审宣判，认定抖音、微信读书两款App均有侵害用户个人信息的情形。两案也成为《中华人民共和国民法典》颁布后，体现民法典保护互联网时代公民个人信息权益的典型案件。(央视新闻),北京互联网法院一审宣判：抖音、微信读书两款App均侵害用...
171,2020-07-30 16:41:00,中新赛克业绩快报，2020年度上半年净利6805万元，同比增长2.58%。,中新赛克：上半年净利6805万元 同比增长2.58%
172,2020-07-30 16:40:00,欧股跌幅扩大，德国DAX指数跌超2%，英国富时100指数，欧洲斯托克50指数跌超1%。美股股指期货走低，纳指期货跌超1%，道指期货、标普500指数期货跌近1%。,欧股跌幅扩大 纳指期货跌超1%
173,2020-07-30 16:36:00,热门中概股盘前普跌，蓝城兄弟跌3.26%，蔚来汽车跌1.89%，哔哩哔哩跌1.77%，新东方跌1.29%，拼多多跌0.99%，阿里巴巴跌0.38%，京东跌0.19%。,热门中概股盘前普跌
174,2020-07-30 16:35:00,苏常柴A发布公告称，2020年度上半年实现营业收入11.67亿元，同比增长4.34%；净利2769.03万元，同比增长44.84%。,苏常柴A：上半年净利2769.03万元 同比增长44.84%
175,2020-07-30 16:35:00,欧股跌幅扩大，德国DAX指数跌超2%，英国富时100指数跌1.2%，欧洲斯托克50指数跌超1%。,欧股跌幅扩大 德国DAX指数跌超2%
176,2020-07-30 16:34:00,海南高速晚间公告，拟减持海汽集团公司股份，减持比例占海汽集团总股本比例不超过1%,海南高速：拟减持海汽集团公司不超过1%股份
177,2020-07-30 16:34:00,新希望7月30日晚公告，公司决定继续加大在生猪养殖业务的投资力度，建设17个生猪养殖项目，项目总投资额为53.71亿元。,新希望：继续加大在生猪养殖业务 逾53亿元建设17个生猪养...
178,2020-07-30 16:33:00,普邦股份晚间公告，二季度新签合同合计5.76亿元，二季度已中标尚未签约订单合计3.2亿元。,普邦股份：二季度新签合同合计5.76亿元
179,2020-07-30 16:31:00,北京市市场监督管理局副局长陈言楷通报了加强冷链食品监管的相关情况，截至7月30日，累计摸排相关冷库4719个，重点检查贮存条件、温度控制、产品追溯以及依法备案等管理要点，对发现的问题要求立即整改。累计采集冷库相关的食品、从业人员、环境...,北京对大连凯洋食品公司等3家公司的海鲜产品下架
180,2020-07-30 16:31:00,据应急管理部，今天，长江、淮河、太湖主要控制站全部退至保证水位以下，且仍在回落，主要防洪工程未发现重大险情。国家防总决定将防汛Ⅱ级应急响应调整至Ⅲ级。当前，北方防汛进入关键期，国家防总要求南方地区继续紧绷防汛安全的弦，北方地区...,国家防汛应急响应降至三级
181,2020-07-30 16:30:00,广济药业晚间公告，近日收到湖北省药监局核准签发的“维生素B2片”和“维生素B6片”两份《药品补充申请批件》的文件，同意将维生素B2片、维生素B6片的有效期由12个月延长到24个月,广济药业：收到湖北省药监局核准签发的批准文件延长维生...
182,2020-07-30 16:30:00,ST天雁发布公告称，2020年度上半年实现营业收入2.82亿元，同比增长10.71%；净利427.06万元，同比增长12.32%。,ST天雁：上半年净利427.06万元 同比增长12.32%
183,2020-07-30 16:29:00,7月30日，花呗宣布新产品“花呗月月付”正式上线，将为用户提供分月向商家付款、无任何手续费、少占用花呗额度的新服务。（中证网）,花呗新产品“花呗月月付”上线
184,2020-07-30 16:29:00,指数早盘横盘震荡，午后走弱集体翻绿，创业板指一度跌逾1%，水泥板块全天强势，生物疫苗股大涨后略有回落，海南本地股尾盘冲高，军工、数字货币板块领跌，整体上，个股跌多涨少，涨停股超百家，沪深两市成交额再破万亿，市场氛围尚可。,涨停复盘：医药疫苗持续活跃 光伏风电板块崛起
185,2020-07-30 16:28:00,7月30日，水泥股整体走强，万年青涨停，全天成交13.43亿元，龙虎榜显示，机构资金、北向资金积极买入。具体来看，买一深股通专用席位买入1.01亿元并卖出4494万元，净买入5655万元。三个机构席位合计买入1.29亿元。,龙虎榜：水泥股万年青涨停 北向资金、机构资金抢筹
186,2020-07-30 16:25:00,普利特发布公告称，2020年度上半年实现营业收入20.03亿元，同比增长21.26%；净利2.83亿元，同比增长372.81%。,普利特：上半年净利2.83亿元 同比增长372.81%
187,2020-07-30 16:23:00,洪涛股份7月30日晚公告，贵州省黔南州独山县水司楼大酒店项目合同暂定金额4.5亿元，实际完成产值约2亿元，收款6000万元，应收账款约1.55亿元。因后续建设资金未到位，且项目投资规模过大与实际需求不符，独山县影山镇人民政府将该项目列入转建项...,洪涛股份：独山县水司楼大酒店项目应收账款约1.55亿元
188,2020-07-30 16:22:00,江淮汽车晚间公告，预计今年上半年净亏损1.46亿元，上年同期盈利1.25亿元。由于受疫情影响，公司2020年整个上半年销售各类汽车及底盘20.94万辆，同比下降10.97%，导致2020年1-6月份主营业务盈利减少。,江淮汽车：预计2020年度上半年亏损1.46亿元
189,2020-07-30 16:20:00,永新股份晚间公告，2020年度上半年净利1.25亿元，同比增长17.60%。,永新股份：上半年净利1.25亿元 同比增长17.60%
190,2020-07-30 16:19:00,证监会7月30日消息，近日按法定程序同意以下企业创业板首次公开发行股票注册：深圳市杰美特科技股份有限公司、武汉回盛生物科技股份有限公司、深圳欧陆通电子股份有限公司、南京大学环境规划设计研究院股份公司。上述企业及其承销商将分别与深圳...,证监会同意4家公司创业板IPO注册
191,2020-07-30 16:19:00,宏润建设业绩快报，2020年度上半年净利1.59亿元，同比增长3.40%。,宏润建设：上半年净利1.59亿元 同比增长3.40%
192,2020-07-30 16:18:00,海特高新业绩快报，2020年度上半年亏损4017万元，同比降低186.67%。,海特高新：上半年亏损4017万元 同比降低186.67%
193,2020-07-30 16:14:00,根据Global Market Insights的报告，黄原胶市场在2019年估计为9.6亿美元，预计到2026年将超过14亿美元，从2020年到2026年的复合年增长率为6％。（美通社）,报告：全球黄原胶市场的估值将于2026年超过14亿美元
194,2020-07-30 16:14:00,近日，半导体精密切割设备厂商江苏京创先进电子科技有限公司宣布完成数千万元人民币A轮融资，由毅达资本领投，老股东顺融资本、前海鹏晨投资继续加码。公司2019年率先完成了12寸全自动划片机的量产出货，2020年正式进入国内头部封测厂，填补了国...,江苏“京创先进”完成数千万元A轮融资，领军国内12英寸全...
195,2020-07-30 16:13:00,*ST融捷业绩快报，2020年度上半年净利228万元，同比增长108.78%。,*ST融捷：上半年净利228万元 同比增长108.78%
196,2020-07-30 16:12:00,好未来：第一财季营收9.1亿美元，市场预期8.85亿美元，去年同期9.37亿美元。,好未来：第一财季营收9.1亿美元
197,2020-07-30 16:11:00,北辰实业业绩预告，预计2020年半年度实现归属于上市公司股东的净利润为14131.97万元到19270.87 万元，同比降低 85%到 89%。,北辰实业：预计上半年净利1.41亿元-1.93亿元 同比降低85%...
198,2020-07-30 16:09:00,北京：首都疫情反弹风险始终存在，要做到思想不松、策略不变、措施不减，把常态化防控融入到方方面面。（北京日报）,北京：首都疫情反弹风险始终存在  把常态化防控融入到方...
199,2020-07-30 16:09:00,恒指午后跳水下行，盘中一度跌超1%，截至收盘，恒指跌0.69%，报24710.59点，盘面上，光伏概念涨幅居前，阳光能源、顺风清洁能源均涨超12%，生物医药板块午后涨幅收窄，康希诺生物涨近8%，石药集团涨超5%，中资券商股全天表现低迷，国联证券跌超5...,港股收评：恒指午后跳水下行跌0.69% 中资券商股跌幅居前
200,2020-07-30 16:08:00,荷兰皇家壳牌公司周四宣布，第二季度出现大幅亏损。还削减了第一季度的中期股息。公司4月至6月净亏损为181.3亿美元，相对于较低的石油和天然气价格预测，也亏损了168亿美元。（MarketWatch）,壳牌第二季度净亏损181.3亿美元
201,2020-07-30 16:07:00,工信部近日已正式批复同意建设海南自由贸易港国际互联网数据专用通道，预计年底前建成投用（海南日报）,工信部近日已正式批复同意建设海南自由贸易港国际互联网...
202,2020-07-30 16:07:00,澳大利亚本周决定加快审批一项耗资220亿澳元（合160亿美元）的项目，该项目将通过世界上最长的海底高压电缆为新加坡提供太阳能，此举旨在促进从新冠疫情中复苏。（路透社）,澳大利亚加快审批160亿美元太阳能出口项目
203,2020-07-30 16:06:00,从多位知情人士处获悉，近期美团频繁和出行供应商接触，计划加大对用户的补贴。具体为，用户通过美团打车专享入口打车，每一单可以获得20%到30%的优惠，目标是在主流城市抢占10%以上的市场份额。（界面）,美团打车将再掀补贴战 抢占主流城市10%以上市场份额
204,2020-07-30 16:05:00,曲江文旅晚间公告，预计2020年半年度实现归属于上市公司股东的净利润与上年同期相比，将出现亏损，实现归属于上市公司股东的净利润约为-11000万元左右。,曲江文旅：预计2020年上半年将亏损1.1亿元
205,2020-07-30 16:04:00,金石资源发布公告称，2020年度上半年实现营业收入3.24亿元，同比下降9.5%；净利9030.3万元，同比下降18.44%。,金石资源：上半年净利9030.3万元 同比下降18.44%
206,2020-07-30 16:03:00,北京时间7月30日凌晨，美联储宣布维持联邦基金利率目标区间在0%至0.25%之间。对此，香港金融管理局表示，美联储在未来一段时间内大概率将维持政策利率于接近零水平，以支持美国经济恢复及维持市场畅顺运作。香港金管局还称，当前香港银行体系流...,香港金管局：银行体系流动性充裕 外汇及货币市场有序运作
207,2020-07-30 16:02:00,柯达盘前涨5%，昨日收涨318%。,柯达盘前涨5%
208,2020-07-30 16:00:00,高通(QCOM.O)盘前涨10.62%，此前有市场消息称其已解决与华为的纠纷，并签署新的长期专利许可协议。,高通盘前涨10.62%
209,2020-07-30 16:00:00,截至今天（30日），全国已有6000余家影院复工，约占全国影院总数的54.9%。（中国日报）,全国已有6000余家影院复工，约占全国影院总数的54.9%
210,2020-07-30 15:57:00,美联储宣布维持当前“零”利率不变，美联储主席表示美国第二季度GDP的萎缩幅度可能是有史以来最大的，随着经济数据的恶化，美国或在下半年选择更加激进暴力的手段促进经济复苏，致使国际资本风险偏好下降，对我国市场构成一定压制。但好在A股整...,机构论市：市场不确定因素增加 技术性调整利于后期行情展开
211,2020-07-30 15:56:00,有记者提问，美国国务卿蓬佩奥近期多次要求有关国家在5G网络中禁止使用华为等中国企业设备，称排除了华为就等于加入了“清洁国家”的行列。中方有何评论？外交部发言人汪文斌表示，蓬佩奥对中国企业的指控没有任何事实根据。我们希望，各国都致...,外交部：坚决对全球科技产业合作中的国别歧视说不
212,2020-07-30 15:50:00,7月30日，苏宁易购和抖音电商达成深度合作。根据协议，双方将在供应链服务和直播品牌IP打造等方面，展开全方位融合，具体合作项目将于今年818期间正式启动落地。苏宁易购将输出深耕30年的供应链服务能力，全量商品入驻抖音小店，并开放给抖音电...,苏宁易购抖音电商深度合作：全量商品入驻抖音小店
213,2020-07-30 15:49:00,7月30日，腾讯安全领御区块链宣布与张裕集团达成战略合作，为张裕打造高端葡萄酒区块链溯源平台，这是国内首个高端葡萄酒区块链溯源系统。（证券时报e公司）,张裕签约腾讯共建高端葡萄酒区块链溯源
214,2020-07-30 15:48:00,世嘉科技晚间公告，2020年度上半年净利3246万元，同比下降46.29%。,世嘉科技：上半年净利3246万元 同比下降46.29%
215,2020-07-30 15:47:00,派思股份发布公告称，2020年度上半年实现营业收入3.07亿元，同比增长108.23%；净利1003万元，同比扭亏为盈。,派思股份：上半年净利1003万元 同比扭亏为盈
216,2020-07-30 15:44:00,7月30日下午，国防部举行例行记者会，国防部新闻局副局长、国防部新闻发言人任国强大校答记者问。任国强大校主动发布消息：近期，南部战区海军航空兵组织轰-6G、轰-6J等新型战机在南海有关海域开展昼夜间高强度训练，完成了昼夜间起降、远程奔袭...,国防部：海军出动轰6J等新型战机在南海高强度演练
217,2020-07-30 15:42:00,西部建设业绩快报，2020年度上半年净利2.97亿元，同比下降2.69%。,西部建设：上半年净利2.97亿元 同比下降2.69%
218,2020-07-30 15:40:00,商务部披露，今年上半年，中欧班列共计开行5122列，同比增长36%；运送货物46.1万标箱，同比增长41%，连续4个月屡创新高。运送物资中包含防疫物资367万件、2.7万吨，为助力全球抗疫发挥了积极作用。        （第一财经）,商务部：上半年中欧班列运送防疫物资367万件、2.7万吨
219,2020-07-30 15:40:00,今天，ARJ21飞机103架机在海拔4411米的稻城亚丁机场，完成最大起降高度扩展试验试飞返回上海。稻城亚丁机场是全球海拔最高民用机场，此次试验试飞标志着ARJ21飞机运行范围可覆盖所有高高原机场（海拔高度在2438米及以上机场即高高原机场）。,国产ARJ21飞机完成高高原试飞
220,2020-07-30 15:40:00,赛腾股份晚间公告，2020年度上半年净利1.04亿元，同比增长71.88%。,赛腾股份：上半年净利1.04亿元 同比增长71.88%
221,2020-07-30 15:39:00,根据Grand View Research的最新报告，到2027年，全球连续皮下胰岛素输注市场规模预计将达到73亿美元，在预测期内复合年增长率为10.3％。市场的主要驱动力包括糖尿病人数量的增长以及糖尿病护理领域的技术进步。（美通社）,报告：全球连续皮下注射胰岛素的市场规模将于2027年达到7...
222,2020-07-30 15:39:00,招商证券军工行业首席分析师王超30日表示，从2015年之后，军工行业处在一个缓慢的消除估值透支的过程中。机构对于这个行业的持仓也是有所降低的，我们最新统计的2020年二季度数据，主动管理的产品对于军工的持仓在比较低的位置。整个军工行业在A...,招商证券王超：目前机构对军工持仓比较低
223,2020-07-30 15:39:00,祥和实业晚间公告，2020年度上半年净利1571万元，同比下降69.93%。,祥和实业：上半年净利1571万元 同比下降69.93%
224,2020-07-30 15:38:00,安迪苏发布公告称，2020年度上半年实现营业收入58.86亿元，同比增长10.0%；净利7.19亿元，同比增长35.0%。,安迪苏：上半年净利7.19亿元 同比增长35.0%
225,2020-07-30 15:38:00,宏发股份发布公告称，2020年度上半年实现营业收入34.41亿元，同比增长1.01%；净利3.57亿元，同比增长0.73%。,宏发股份：上半年净利3.57亿元 同比增长0.73%
226,2020-07-30 15:38:00,维力医疗发布公告称，2020年度上半年实现营业收入5.49亿元，同比增长20.92%；净利9708.21万元，同比增长35.59%。,维力医疗：上半年净利9708.21万元 同比增长35.59%
227,2020-07-30 15:37:00,2020年7月30日，中兴通讯凭借面向5G的分布式云解决方案，在2020可信云大会上荣获“可信云技术最佳实践-虚拟化奖”。本次获奖充分展示了中兴通讯在云计算领域的创新能力与边缘云的领先水平。,中兴通讯面向5G的分布式云解决方案获“可信云技术最佳实...
228,2020-07-30 15:37:00,环旭电子业绩快报，2020年度上半年净利5.06亿元，同比增长29.80%。,环旭电子：上半年净利5.06亿元 同比增长29.80%
229,2020-07-30 15:36:00,天眼查数据显示，7月29日，安脉时代智能制造（宁德）有限公司成立，该公司注册资本4000万人民币，法定代表人为谢岚，经营范围包括智能基础制造装备制造；智能基础制造装备销售；智能物料搬运装备销售；智能控制系统集成等。天眼查股东信息显示，...,宁德时代参与成立新公司 经营范围含智能基础制造装备制造等
230,2020-07-30 15:33:00,近日，中兴通讯联合山东联通完成了全国首个2.1G SA端到端商用测试验证，为2.1G网络商用奠定了坚实基础。此次验证成功有力推动了2.1G产业链的发展，全面助力电联2.1G SA网络成熟商用。5G已成为ICT乃至整个社会经济增长的新引擎，将直接和间接拉动...,中兴通讯联合山东联通完成全国首个2.1G SA端到端商用验证
231,2020-07-30 15:32:00,商务部新闻发言人高峰说，商务部近期的一项问卷调查显示，99.1%的外资企业表示将继续在华投资经营。（新华财经）,商务部：99.1%的外资企业表示将继续在华投资经营
232,2020-07-30 15:32:00,恒指跌幅扩大至1%。,恒指跌幅扩大至1%
233,2020-07-30 15:32:00,中国石油西部管道公司统计显示，今年上半年中亚天然气管道累计向国内输送天然气190.88亿立方米。,中亚天然气管道上半年向国内输气超190亿立方米
234,2020-07-30 15:31:00,郑州商品交易所7月30日发布修订后的《郑州商品交易所会员管理办法》。与旧版相比，新办法简化了会员资格转让程序，增加了会员资格终止的情形和办理程序，以及根据上位法规和业务实际情况等进行的一致性修改。该办法自发布之日起施行。,郑商所修改会员管理办法 规范会员资格管理
235,2020-07-30 15:30:00,7月30日，商务部新闻发言人高峰在例行新闻发布会上介绍，今年上半年，中欧班列共计开行5122列，同比增长36%；运送货物46.1万标箱，同比增长41%，连续4个月屡创新高。运送物资中包含防疫物资367万件、2.7万吨。,上半年中欧班列共计开行5122列 同比增长36%
236,2020-07-30 15:30:00,俄罗斯报告新增5509例新冠肺炎确诊病例，累计834499例。,俄罗斯报告新增5509例新冠肺炎确诊病例
237,2020-07-30 15:29:00,7月30日，商务部新闻发言人高峰在例行新闻发布会上介绍，7月25日商务部与有关地方政府共同主办的“外贸优品汇　扮靓步行街”出口产品转内销系列活动，分别在杭州湖滨步行街、西安大唐不夜城步行街、重庆解放碑步行街正式启动。外贸企业参与热情...,商务部：出口产品转内销系列活动大多数展位销售火爆
238,2020-07-30 15:28:00,现货黄金下破1950美元/盎司，日内跌超1%。,现货黄金下破1950美元/盎司
239,2020-07-30 15:26:00,7月30日，上海市金融工作局、人行上海总部、上海银保监局、上海证监局、自贸试验区管委会、临港新片区管委会共同举办中国（上海）自由贸易试验区（下称上海自贸试验区）第十批金融创新案例发布会。,上海自贸试验区第十批金融创新案例发布
240,2020-07-30 15:23:00,商务部：将于近期发布新一轮服务贸易创新发展试点名单。（一财）,商务部：将于近期发布新一轮服务贸易创新发展试点名单。...
241,2020-07-30 15:22:00,商务部新闻发言人高峰表示，下一步，我们将坚决贯彻党中央国务院决策部署，及时出台新的政策措施，全力以赴做好稳外贸工作。一是保外贸主体。更好发挥出口信用保险作用，帮助企业积极防范订单风险。推广“信保+担保”支持外贸企业融资，以多种方...,商务部：全力以赴做好稳外贸工作
242,2020-07-30 15:22:00,宁夏回族自治区科技厅近日下达2020年度第一批科技金融专项补助，对区内112家科技型中小企业成果转化或产业化过程中使用的银行贷款、投保的科技保险给予利息补贴、担保费补贴、保险费补贴共计2000万元，撬动金融资本10.57亿元，为企业降低融资成...,宁夏：2000万元专项资金助力科技型中小企业
243,2020-07-30 15:22:00,日前，新天钢集团与阿里巴巴集团签署合作框架协议，双方将在钢铁智能制造、蚂蚁区块链金融等方面开展合作，根据协议，阿里巴巴将为新天钢集团启动工业大脑项目建设，打造钢铁行业智能制造、工业互联网示范标杆，助力新天钢数字化、智能化转型。...,新天钢集团与阿里巴巴集团正式签署合作框架协议 阿里云助...
244,2020-07-30 15:21:00,7月30日，上海金融法院对外发布了《上海金融法院服务保障中国（上海）自由贸易试验区临港新片区金融开放与创新发展的若干举措》，以回应临港新片区金融开放与创新发展的司法新需求，推进金融审判机制的创新完善。,服务保障临港新片区金融开放与创新发展 上海金融法院发布...
245,2020-07-30 15:21:00,中国联通日前启动了面向专网部署应用的轻量化SA 5GC功能和兼容性测试工作，第一批入场公司有震有科技、IPLOOK、浪潮等。轻量化5GC方案能够帮助行业客户快速构建安全隔离、性能稳定的定制化专属网络。,中国联通启动轻量化5GC验证测试
246,2020-07-30 15:20:00,暴风集团创始人冯鑫，已被公诉至法院，指控罪名为对非国家工作人员行贿罪。冯鑫曾收购英国体育版权公司MPS，具体操作涉及一笔1亿元资金被下属“诈骗”事项。（中国经营网）,暴风集团冯鑫涉非公行贿被公诉
247,2020-07-30 15:16:00,商务部新闻发言人高峰介绍，今年上半年，中国对“一带一路”沿线国家投资实现较快增长，非金融类直接投资81.2亿美元，同比增长19.4%。这不仅是中国企业和有关国家企业共同克服疫情影响的结果，也对沿线国家恢复经济发展发挥了积极作用。上半年，...,上半年中国对“一带一路”沿线国家非金融类直接投资同比...
248,2020-07-30 15:15:00,恒大地产考虑在香港就20亿美元物业管理业务进行IPO。（IFR）,恒大地产考虑在香港就20亿美元物业管理业务进行IPO
249,2020-07-30 15:12:00,据新华社消息，河北雄安新区首个500千伏变电站――雄东变电站30日正式开工建设。这是雄安新区能源输送主通道的关键节点工程，将为新区大规模开发建设提供坚强电力保障。目前，雄安新区已进入大规模开发建设阶段，形成了塔吊林立、热火朝天的建设...,河北雄安新区首个500千伏变电站开工建设
250,2020-07-30 15:11:00,7月30日，商务部新闻发言人高峰在例行新闻发布会上介绍，今年上半年，我国电子商务展现出强劲的活力和韧性，在抗击新冠肺炎疫情保障物资供应、助力复工复产、推动消费回补等方面发挥了重要作用。1-6月，全国网络零售额达5.15万亿元，同比增长7.3...,上半年全国网络零售额同比增长7.3% 增速连续四个月提升
251,2020-07-30 15:09:00,7月30日，海关总署署长倪岳峰和中国民用航空局局长冯正霖在京签署《海关总署 中国民用航空局推进航空口岸通关便利化战略合作备忘录》。根据合作备忘录，双方将推进航空电子货运标准体系建设，依托国际贸易“单一窗口”合作研发航空物流公共信息...,海关总署与中国民用航空局签署合作备忘录 推进航空电子货...
252,2020-07-30 15:08:00,根据商务大数据监测，上半年，电商直播超1000万场，活跃主播数超40万，观看人次超500亿，上架商品数超2000万。（第一财经）,商务部：上半年观看电商直播人次超500亿
253,2020-07-30 15:06:00,据中国电子消息，7月28日，中国电子与北京银行签署战略合作协议。双方将在网络安全、金融服务、产品提供、资源共享等领域开展全面深度合作。,中国电子与北京银行签署战略合作协议
254,2020-07-30 15:03:00,据云从科技消息，近日，云从科技与招商华软在北京签署战略合作框架协议。双方将充分发挥各自的优势，在高速公路收费稽查领域全面展开人工智能和大数据解决方案的探索与合作，共同推进高速公路收费稽查与追缴业务的智能化升级。（第一财经）,云从科技与招商华软签署战略合作框架协议
255,2020-07-30 15:02:00,7月29日，百应科技正式通过中国信息通信研究院“可信云“评估，旗下产品-数智化客户关系管理平台(AICRM)顺利获得2020可信云企业SaaS服务评估认证。同期获得认证的还有腾讯云旗下的腾讯会议、腾讯医疗云直播，阿里云旗下钉钉智能移动办公平台等优...,百应科技与阿里云、腾讯云同获中国信通院可信云企业级Saa...
256,2020-07-30 15:01:00,【收盘气象】指数早盘横盘震荡，午后走弱集体翻绿，水泥板块全天强势，生物疫苗股大涨后略有回落，海南本地股尾盘冲高，军工、数字货币板块领跌，整体上，个股跌多涨少，涨停股超百家，沪深两市成交额再破万亿。,收评：指数震荡走弱 海南本地股尾盘冲高
257,2020-07-30 15:01:00,欧股开盘普跌，德国DAX指数跌0.2%，英国富时指数跌0.12%。,欧股开盘普跌 德国DAX指数跌0.2%
258,2020-07-30 14:56:00,国家卫健委印发《农贸（集贸）市场新型冠状病毒环境监测技术规范》。《规范》提出，监测重点为具备区域辐射能力的大型农贸（集贸）市场，特别是包括冷冻、冷藏功能的肉类和海鲜水产交易摊位，或者存在潮湿、密闭空间的市场。,国家卫健委印发《农贸（集贸）市场新型冠状病毒环境监测...
259,2020-07-30 14:54:00,现货白银短线下挫0.25美元，最低至23.32美元/盎司，日内跌超3.7%。,现货白银日内跌超3.7%
260,2020-07-30 14:51:00,海南自贸区板块拉升走强，海汽集团涨停，海南高速触板，海航基础、大东海A、海峡股份等多股跟涨。,海南自贸区板块走强
261,2020-07-30 14:50:00,复星集团郭广昌在微博表示，近几个月来，旅游业迅速恢复，三亚亚特兰蒂斯酒店5月的入住率已经超过去年同期水平，暑假开始之后7月11日起连续满房，预计7月整体入住率将超过九成。国内的ClubMed度假村，整体从4月份开始恢复，在7月25日周末，整个...,复星集团董事长郭广昌：酒店业在慢慢复苏 部分度假村入住...
262,2020-07-30 14:47:00,梦网集团在互动平台表示，运营商的5G消息Maap平台是由中兴、华为等公司承建，我们打造了行业领先的CSP平台，同时参与了试点省份的CSP合作伙伴招标。近日，我司入围了江苏移动5G行业消息CSP合作伙伴，以及5G消息标准版合作伙伴。,梦网集团：近日公司入围了江苏移动5G行业消息CSP合作伙伴
263,2020-07-30 14:42:00,海汽集团直线拉升封板，消息面上，海汽集团母公司将获一张免税牌照。,海汽集团直线拉升封板
264,2020-07-30 14:41:00,海汽集团母公司将获一张免税牌照。（21财经）,海汽集团母公司将获一张免税牌照。（21财经）
265,2020-07-30 14:39:00,沪深两市成交额连续第二个交易日突破万亿元。,沪深两市成交额连续第二个交易日突破万亿元
266,2020-07-30 14:37:00,工业和信息化部发布关于修改《新能源汽车生产企业及产品准入管理规定》的决定：将第二十三条第一款中的“12个月”修改为“24个月”。,工业和信息化部发布关于修改《新能源汽车生产企业及产品...
267,2020-07-30 14:36:00,企查查显示，重庆长安凯程汽车科技有限公司已于27日成立，法定代表人为刘正均，注册资本10亿元人民币。公司经营范围包含汽车租赁、技术进出口、货物进出口等，股东为重庆长安汽车股份有限公司和重庆临空开发投资集团有限公司，分别持股83.6419%...,长安汽车投资成立重庆长安凯程汽车科技公司 注册资本10亿元
268,2020-07-30 14:33:00,记者从有关部门了解到，暴风集团创始人冯鑫，已被公诉至法院，指控罪名为对非国家工作人员行贿罪。另据了解，近日，冯鑫方面向上海市人民检察院第二分院提起一项申诉，涉及一笔1亿元资金被下属“诈骗”往事，同样，此事也发生在收购MPS事件中。...,暴风集团冯鑫涉非公行贿被公诉 海外收购时被下属骗走1亿元
269,2020-07-30 14:31:00,恒指盘中跳水走低，由涨转跌，现跌0.33%，中资券商股、黄金及贵金属板块跌幅居前,恒指盘中跳水走低
270,2020-07-30 14:31:00,香港特区政府发言人30日表示，特区政府在检视餐饮业务实施全日暂停堂食措施的实际情况后，了解到该措施对上班雇员带来的不便和困难。因此，特区政府决定由明日（7月31日）起，餐饮业务可恢复提供日间堂食服务，即由上午5时至下午5时59分。（人民...,香港7月31日起恢复早午市堂食 限两人同桌
271,2020-07-30 14:23:00,7月30日，由广州市白云区市场监督管理局（知识产权局）授权运营的白云区重点产业知识产权维权援助和保护工作站在白云区招商服务中心举行授牌仪式，该工作站系由广州市白云区市场监督管理局（知识产权局）委托广东广信君达律师事务所全权运营、免...,广州市白云区知识产权保护工作站正式授牌运营
272,2020-07-30 14:20:00,澳大利亚ASX200指数7月30日（周四）收盘上涨44.70点，涨幅0.74%，报6051.10点。,澳大利亚ASX200指数收盘上涨0.74%
273,2020-07-30 14:17:00,创业板指跌超1%。,创业板指跌超1%
274,2020-07-30 14:12:00,同花顺数据显示，按余额规模口径统计，截至目前北向资金净流出超50亿元，其中沪股通流出超9亿元，深股通流出超41亿元。,北向资金净流出超50亿元
275,2020-07-30 14:07:00,企查查数据显示，目前我国与停车相关的企业共计62.5万家，其中江苏省以6.7万家排名第一，广东、山东紧随其后。2019年，相关企业新注册量达到13.4万，同比增长21.7%，2020年上半年新增6.6万家。（证券时报）,我国与停车相关企业共计62.5万家 2019年新增13.4万家
276,2020-07-30 14:03:00,日经225指数收跌0.26%。,日经225指数收跌0.26%
277,2020-07-30 13:56:00,从权威人士处获悉，精选层开市进入第四个交易日，买卖双方力量已趋于均衡。在7月29日集体大涨后，30日出现部分个股回调，这属于正常的市场现象。同时，在精选层开市之前，市场担心可能存在老股（本次公开发行前的股份）抛售的压力，但目前老股基...,权威人士：精选层买卖力量趋于均衡，老股目前基本没动。
278,2020-07-30 13:55:00,乌克兰预计报告新增1197例新冠肺炎确诊病例，为单日新增纪录新高。,乌克兰预计新增1197例新冠肺炎确诊病例
279,2020-07-30 13:53:00,近日，58同城、安居客发布2020年《7月国民安居指数报告》，报告显示，2020年7月全国重点监测67城新房在线均价16458元/㎡，环比上涨0.04%，其中36城新房在线均价环比上涨。全国重点监测67城的二手房挂牌均价15597元/㎡，环比上涨0.54%，有50城二...,7月国民安居指数：50城二手房挂牌房价环比上涨
280,2020-07-30 13:51:00,总部位于香港的加密货币和区块链服务公司Diginex将于9月份在纳斯达克上市。该公司首席执行官Richard Byworth表示，将通过与特殊目的投资控股公司8i Enterprises Acquisition Corp的反向并购上市，届时8i将更名为Diginex，其股票代码“JFK”也将...,加密货币公司Diginex将于9月赴纳斯达克上市
281,2020-07-30 13:50:00,7月27日，记者从成都高新区获悉，近日成都高新区针对集成电路产业出台专项政策――《关于支持集成电路设计产业发展的若干政策》，对新引进项目或存量企业增资项目的集成电路设计业务收入首次达到1亿元、3亿元、5亿元、10亿元的高增长集成电路设...,成都高新区针对集成电路产业出台专项支持政策 最高奖励30...
282,2020-07-30 13:48:00,7月28日，广州市第十五届人民代表大会常务委员会第三十九次会议举行。会上，广州市发改委会副主任陈泽鹏向市人大常委会报告2020年上半年国民经济和社会发展计划执行情况以及下半年工作重点。下半年，广州将积极推动天河路商圈建设“国际消费城市...,广州：下半年争取设立市内免税店
283,2020-07-30 13:45:00,特斯拉发布2020年第二季度车辆安全报告。报告显示，在有Autopilot自动辅助驾驶参与下的驾驶过程中，平均每453万英里的行驶里程会出现一起交通事故；在没有Autopilot自动辅助驾驶参与但有主动安全功能的驾驶过程中，平均每227万英里的行驶里程会...,特斯拉二季度车辆安全报告：Autopilot可降低事故率
284,2020-07-30 13:44:00,中国中车消息，7月29日晚，中国中车集团与国家能源集团联合研制全球最大功率神24电力机车，在中车株机公司下线。单机功率28800千瓦，单机牵引力2280千牛，公司称，再次刷新轨道交通装备的世界纪录，这是我国铁路重载技术创新的重大突破，也是我...,中国中车：全球最大功率神24电力机车下线
285,2020-07-30 13:35:00,7月30日，2020第十八届中国国际数字娱乐产业大会召开，会上发布的2020年1-6月《中国游戏产业报告》显示，2020年1-6月，我国游戏市场实际销售收入1394.93亿元，同比增长22.34%，增速同比提高13.75个百分点，其中移动游戏实际销售收入占游戏市场总...,《中国游戏产业报告》发布：移动游戏增速迅猛 强调自主研发
286,2020-07-30 13:32:00,赛升药业在互动平台表示，北京赛而生物药业有限公司在天津新建厂区已取得中药前处理及提取和15个原料药的生产许可，2019年通过首个原料药单唾液酸四己糖神经节苷脂钠的生产场地变更及GMP认证。其它产品目前已陆续完成前期工作。,赛升药业：在天津新建厂区已取得中药前处理及提取和15个...
287,2020-07-30 13:30:00,现货白银日内跌超2%，现报23.79美元/盎司。,现货白银日内跌超2%
288,2020-07-30 13:29:00,7月30日，安信证券首席策略分析师陈果在接受记者专访时表示，由于前期上涨过快，市场面临调整的需求，可能短期会有震荡整固。但中期看，全球流动性泛滥、中国复苏趋势占优、A股配置吸引力占优这三个核心因素都还没有破坏，对A股市场中期看多维持...,安信证券陈果：对A股市场中期看多维持不变
289,2020-07-30 13:26:00,中国石化消息，近日，燕山石化与北汽集团签订战略合作框架协议。框架协议约定，燕山石化作为氢能战略能源供应商，将同北汽集团加强合作，共同推动氢燃料电池汽车研发推广和车用氢气燃料的生产供应。,中国石化：燕山石化与北汽集团开展氢能应用合作
290,2020-07-30 13:26:00,现货白银失守24美元关口，日内跌幅扩大至1.2%。,现货白银失守24美元关口
291,2020-07-30 13:24:00,万达酒店发展此次出售的项目是位于美国芝加哥的Vista Tower，规划总建筑面积约为17.6万平方米，计划建成一座高350米、地上93层的五星级酒店，预计将有193间客房及高档公寓项目，建成后将成为芝加哥第三高建筑，成为芝加哥新地标。（澎湃新闻）,王健林清仓海外地产项目
292,2020-07-30 13:22:00,日本时装品牌三宅一生ISSEY MIYAKE近日宣布，旗下男装品牌ISSEY MIYAKE MEN将在2020-2021年秋冬季结束运营，其在日本的门店也将在结束运营后相继关闭。对此，三宅一生方面表示，该决定并非因为受到新冠肺炎疫情影响，在此之前公司便已提出相关计...,三宅一生旗下男装品牌将结束运营
293,2020-07-30 13:10:00,农业种植板块走强，万向德农拉升涨停，厦门象屿涨超8%，荃银高科、大北农、宏辉果蔬、登海种业等跟涨。,农业种植板块走强
294,2020-07-30 13:09:00,港口航运板块异动拉升，盐田港涨超8%，渤海轮渡、珠海港、招商港口、宁波港等跟涨。,港口航运板块异动拉升
295,2020-07-30 13:06:00,美国约翰斯·霍普金斯大学数据显示，全球新冠肺炎确诊病例累计超1700万例，死亡病例达666239例。,全球新冠肺炎确诊病例累计超1700万例
296,2020-07-30 13:04:00,现货白银日内跌超1%，现报24.03美元/盎司。,现货白银日内跌超1%
297,2020-07-30 13:04:00,海底捞方面表示，对其杭州一门店筷子被检出大肠菌群不合格深表歉意。集团食安部门进行监督抽查，对问题门店将直接处罚店经理。经排查分析，基本判定是因筷子储存过程中导致，将继续优化餐具清洁设备。杭州市市监局表示，大肠菌群是食品污染常用...,海底捞回应杭州门店筷子检出大肠菌群不合格：存储中导致 ...
298,2020-07-30 12:56:00,巴基斯坦24小时内新增1063例新冠肺炎确诊病例，总计276288例；累计5892例新冠肺炎死亡病例。,巴基斯坦24小时内新增1063例新冠肺炎确诊病例
299,2020-07-30 12:56:00,今天（7月30日），中国商飞ARJ21飞机103架机在全球海拔最高民用机场――稻城亚丁机场（海拔4411米）完成最大起降高度扩展试验试飞返回上海，通过半个月的试验试飞，充分验证了ARJ21飞机在高高原机场环境下的起降能力。（新京报）,ARJ21飞机在全球海拔最高民用机场完成专项试验试飞
300,2020-07-30 12:50:00,泰国报告新增6例新冠肺炎确诊病例，总计3304例。,泰国报告新增6例新冠肺炎确诊病例
301,2020-07-30 12:42:00,获香港金融管理局发牌的香港虚拟银行WeLab Bank（匯立銀行）今日正式开业。据官方介绍，WeLab Bank提供纯线上的数字银行服务。另外，客户可以申请与万事达卡合作发行，这是首张公开在市场推出使用的无卡号WeLab银行卡。（36氪）,香港虚拟银行WeLab Bank正式开业
302,2020-07-30 12:38:00,澳大利亚媒体30日报道称，东京奥运会协调委员会主席约翰·科茨表示，不管届时有没有新冠肺炎疫苗，东京奥运会都会在2021年举办。澳主流媒体《澳大利亚人报》30日报道称，科茨在接受采访时表示，目前正按照明年没有疫苗的情况在做准备。（新华社）,科茨：东京奥运会在按照无疫苗情况做准备
303,2020-07-30 12:34:00,空中客车公司：上半年营收189亿欧元，市场预估202.7亿欧元。,空中客车公司：上半年营收189亿欧元
304,2020-07-30 12:32:00,波兰可能对入境游客重新实施隔离措施。,波兰可能对入境游客重新实施隔离措施
305,2020-07-30 12:27:00,统计显示，截至7月30日，有111家上市公司公布2020年半年报，其中65家净利润同比增长，46家下降，60家营业收入同比增长，51家下降；净利润和营业收入同时增长的公司有牧原股份等50家；业绩增幅翻倍的公司有21家，其中牧原股份增幅最大。（证券时报）,111股公布半年报 21股净利润增幅翻倍
306,2020-07-30 12:22:00,北京市地方金融监督管理局：外省市互联网（网络）小额贷款公司不得在我市开展线下小额贷款业务。对于此类行为，一经发现，我局将采取相应措施，并将相关情况通报公司注册地监管部门。,北京市地方金融监督管理局：外省市互联网小额贷款公司不...
307,2020-07-30 12:22:00,世界黄金协会周四在报告中称，鉴于消费者需求疲软，在近期大涨之后，金价短期内波动可能加剧。该行业游说组织认为，投资需求有很强的理由会在长期内保持良好支撑。大流行病可能造成资产配置的“结构性转变”；“证据表明，买入并持有投资者正在...,世界黄金协会：长期内投资需求将很坚挺
308,2020-07-30 12:20:00,29日，成都市新经济委联合成都市投促局及锦江区、金牛区、武侯区、成华区、温江区，共同举办了2020年首场新经济产业功能区推介暨项目集中签约仪式。共有27个新经济项目落户成都，计划投资总额2259亿元。签约项目涉及涵盖了绿色经济、流量经济、...,27个新经济项目落户成都 计划投资总额2259亿元
309,2020-07-30 12:08:00,印度卫生部官方网站公布的最新数据显示，截至当地时间7月30日上午，印度新冠肺炎确诊病例升至1583792例。在过去24小时内，印度新增确诊病例52123例，新增死亡病例775例，累计死亡34968例。,印度新增新冠肺炎确诊病例逾5.2万例 连续8天日增过4万
310,2020-07-30 12:06:00,四川省人社厅公布：从2020年1月1日起，为2019年底前已按规定办理退休手续并按月领取基本养老金的企业和机关事业单位退休人员提高基本养老金水平，总体调整水平为2019年退休人员月人均基本养老金的5%左右。调整增加的基本养老金将于7月底前发放到...,四川养老金上调5% 惠及915.2万人
311,2020-07-30 12:02:00,世界黄金协会：2020上半年全球黄金需求2076吨，同比下滑6%。2020上半年，创纪录的黄金ETF流入抵消了全球其他领域黄金需求的疲软，黄金消费需求因疫情影响受挫。,世界黄金协会：2020上半年全球黄金需求同比下滑6%
312,2020-07-30 12:02:00,世界黄金协会：全球金条与金币投资需求在今年上半年出现了同比17%的显著下滑，降至11年来的最低水平396.7吨。由于疫情影响，上半年全球金饰需求同比几近减半，降至572吨。,世界黄金协会：全球金条与金币投资需求在今年上半年出现...
313,2020-07-30 12:01:00,恒指早盘小幅高开，随后拉升走高，截至午盘，恒指涨1.05%，报25143.6点，盘面上，生物医药板块涨幅居前，康希诺生物涨近10%，石药集团涨超6%;汽车股表现强势，五菱汽车涨近20%，广汽集团涨超10%。中资券商股表现低迷，光大证券、中信建投证券均...,港股午评：恒指上午涨1.05% 报25143.6点
314,2020-07-30 11:58:00,泰和新材业绩快报：上半年营业收入10.89亿元，同比下降14.18%；净利润1.23亿元，同比增长31.2%。鹏辉能源：向不特定对象发行可转债申请获深交所创业板上市委审核通过。海波重科：向不特定对象发行可转债申请获深交所创业板上市委审核通过。嘉寓...,7月30日午间公告一览：泰和新材上半年净利润同比增长31.2%
315,2020-07-30 11:53:00,据海南省交通投资控股有限公司消息，近日海南绿行股权投资基金已完成工商注册，总规模达3亿元，其中引入省外资金1.5亿元。这标志着海南自由贸易港建设投资基金首支子基金成功设立。,海南自贸港建设投资首支子基金设立
316,2020-07-30 11:51:00,一项对亚洲地区8家交易商和炼油厂的调查显示，预计沙特阿美将把其9月销往亚洲的阿拉伯轻质原油官方售价下调0.48美元/桶，这将是4个月来首次下调。沙特官方售价的下调可能预示着，油市从新冠病毒影响中快速复苏的势头出现暂停甚至逆转。尽管亚洲...,沙特阿美或下调9月销往亚洲的阿拉伯轻质原油官方售价
317,2020-07-30 11:50:00,海关总署网站30日发布数据显示，7月1日至27日，海关共监管离岛免税销售金额22.19亿元、购物旅客28.10万人次，较去年同期分别增长234.19%、42.71%；环比分别增长45.51%、12.63%。,海关总署：7月以来监管海南离岛免税销售金额22.19亿
318,2020-07-30 11:45:00,"近日,记者从相关部门获悉,随着电影院逐渐有序开放营业,贵阳电影院消费市场逐渐回暖。据统计,上周六、周日两天,贵阳影院票房共计34.4万元,有1.5万余人走进电影院购票消费。（新华网贵州）",贵阳电影院市场有序开放
319,2020-07-30 11:41:00,字节跳动将于近日完成对容器平台才云科技的全资收购，收购完成后，才云科技的团队及业务，将完整加入字节跳动火山引擎。才云科技是一家提供Docker+Kubernetes管理平台PaaS服务的公司，目前主要产品包括智能容器云平台Caicloud Compass、AI中台Ca...,字节跳动将完成对容器平台才云科技的全资收购
320,2020-07-30 11:37:00,韩国银行（央行）7月30日消息，韩美3月签署的600亿美元货币互换协议有效期延长6个月，至2021年3月31日效力终止。（卫星新闻）,韩美3月签署的600亿美元货币互换协议有效期延长6个月
321,2020-07-30 11:36:00,大和发研报称，华晨中国上半年的销售情况超过大和对该公司的销售预期，主要收到第二季度行业复苏所带动，目前公司将会有重组的可能性存在。大和上调公司2020-21年每股盈利预测6-9%，下调2022年每股盈利预测21%，目标价由9.1港元升至9.5港元，评...,大和：上调华晨目标价至9.5港元 评级买入
322,2020-07-30 11:30:00,【午盘气象】指数早盘窄幅震荡，生物疫苗板块继续大涨，水泥、医药、农业股等拉升走高，科创板个股走强，数字货币、军工等表现较弱，整体上，个股涨跌互半，涨停约80家，市场赚钱效应较好。,午评：指数早盘窄幅震荡 疫苗水泥股大涨
323,2020-07-30 11:29:00,东京报告至少360例新冠肺炎确诊病例。（TBS）,东京报告至少360例新冠肺炎确诊病例
324,2020-07-30 11:18:00,国家能源局综合司发布《关于加快能源领域新型标准体系建设的指导意见（征求意见稿）》公开征求意见的公告。,国家能源局综合司发布《关于加快能源领域新型标准体系建...
325,2020-07-30 11:16:00,工信部发布2020上半年建材行业经济运行情况。上半年建材工业规上企业完成营业收入2.4万亿元，同比下降4.8%，降幅较1-5月份收窄2.4个百分点，利润总额1870亿元，同比下降8.2%，降幅较1-5月份收窄2.7个百分点。其中，平板玻璃营业收入381亿元，同...,工信部：上半年平板玻璃行业营收、利润均实现正增长
326,2020-07-30 11:15:00,国泰君安指出，消费仍是最确定的投资方向。消费已经成为投资必备压仓石，外部越不确定，消费的确定性越强。2016年以来消费股持续上涨，尤其是白酒股股票表现十分优异，从消费复苏到流动性宽松，消费行业核心资产持续得到市场认可，近期宽信用+无...,国泰君安：消费仍是最确定的投资方向
327,2020-07-30 11:09:00,深交所对宝通科技下发关注函，要求补充说明投资哈士奇的具体情况以及与哈士奇的合作情况，包括但不限于投资金额、合作内容、双方主要的权利与义务、合作有效期等。,深交所对宝通科技下发关注函
328,2020-07-30 11:05:00,工信部发布2020年上半年钢铁行业运行情况。上半年，钢铁行业逐渐摆脱疫情影响，复工复产有序推进，生产经营保持平稳运行态势。1-6月份，全国生铁、粗钢、钢材产量分别为4.33亿吨、4.99亿吨和6.06亿吨，同比分别增长2.2%、1.4%和2.7%。,工信部：今年上半年钢铁行业逐渐摆脱疫情影响
329,2020-07-30 10:58:00,按照市疫情防控工作指挥部的相关安排，市市场监管局根据前期实地检查的相关情况，发布四项监管措施，加大对社区店铺的价格监管，规范相关经营者的经营行为，引导经营者守法经营。7月29日，记者从市市场监管局了解到，该局拟定的《关于加强各社区...,乌鲁木齐市场监管部门加大对社区店铺的价格监管
330,2020-07-30 10:54:00,养殖业板块拉升，中水渔业涨停，开创国际、国联水产、仙坛股份等跟涨。,养殖业板块拉升
331,2020-07-30 10:50:00,7月29日从武汉市商务局获悉，“武汉消费券”自4月19日投放以来，核销率不断攀升，在推进武汉复工复产复商复市、提振消费信心方面发挥了重要作用，该市商务经济呈现加快复苏、不断向好态势。截至7月29日（最后一周投放前），“武汉消费券”累计投...,“武汉消费券”拉动消费已超50亿元
332,2020-07-30 10:48:00,获香港金融管理局发牌的香港虚拟银行――WeLab Bank （汇立银行）今天正式开业，为香港数百万人提供银行服务，这是继众安银行和天星银行香港第三家虚拟银行开业。WeLab 投资者包括马来西亚国家主权基金（Khazanah Nasional Berhad）、长江和记旗...,香港第三家虚拟银行开业 汇立银行由阿里长和加持
333,2020-07-30 10:46:00,据武汉卫健委通报，7月29日，武汉市、区疾控中心抽检16个医疗机构、11个超市、26个农贸市场、7辆公共交通工具、9个交通站点、8个公共卫生间、7个快递站点的2941个环境样本（其中包括冷链物流运输车辆和大型超市冷冻环境样本532个），新冠病毒核...,武汉抽检3169个环境和食品样本，核酸检测结果均为阴性
334,2020-07-30 10:41:00,据知名技术市场分析与咨询公司Canalys：华为第二季度出货5580万部手机，超过三星成为全球最大的手机销售商。,华为第二季度出货5580万部手机 超过三星成为全球最大的手...
335,2020-07-30 10:35:00,福晶科技在互动平台表示，公司于近期取得了IATF16949体系认证证书，将有利于未来激光雷达光学元件相关业务的开展。,福晶科技：近期取得了IATF16949体系认证证书
336,2020-07-30 10:34:00,福晶科技在互动平台表示，公司于近期取得了IATF16949体系认证证书，将有利于未来激光雷达光学元件相关业务的开展，目前尚处于开发验证阶段,福晶科技：公司近期取得了IATF16949体系认证证书
337,2020-07-30 10:31:00,韩国Celltrion周四表示，英国监管机构已批准其实验性新冠病毒治疗药物的I期临床试验，将在英国招募志愿者参加临床研究。（路透社）,韩国Celltrion获得英国批准新冠病毒抗体药物试验
338,2020-07-30 10:24:00,大连市卫生健康委副主任赵连介绍，截至29日24时，累计完成核酸采样409万份，即日起，对高风险地区重点人群开展第二次核酸采样。,大连市：即日起对高风险地区重点人群开展第二次核酸采样
339,2020-07-30 10:22:00,8月15日至8月16日，“电竞北京2020”系列活动将举行北京国际电竞创新发展大会、电竞之光展览交易会、2020年王者荣耀世界冠军杯总决赛。新兴产业将到访老旧工业厂址，“电竞北京2020”部分活动将在首钢文化园举行（中国证券网）,预告：北京国际电竞创新发展大会等将于8月15日至8月16日举行
340,2020-07-30 10:22:00,同花顺数据显示，按余额规模口径统计，截至目前北向资金净流出超30亿元，其中沪股通流出超3亿元，深股通流出超27亿元。,北向资金净流出超30亿元
341,2020-07-30 10:20:00,昨日，东莞市政府发布《东莞市人民政府关于暂停滨海湾新区范围内各类建设行为的通告》，严禁任何违建，暂停滨海湾新区规划范围内所有用地、建设申请的行政审批，包括发文之日前已取得相关批准文书及报备的项目。（证券时报）,东莞滨海湾新区所有用地、建设审批全部暂停
342,2020-07-30 10:19:00,工信部等五部门印发《重大技术装备进口税收政策管理办法实施细则》。《细则》提出，对已享受政策的企业和核电项目业主的免税资格每三年集中进行一次复核。,五部门关于印发《重大技术装备进口税收政策管理办法实施...
343,2020-07-30 10:15:00,据中亚天然气管道霍尔果斯计量站消息，今年1月至6月，中亚天然气管道输送的进口天然气达到190.88亿立方米。中亚天然气管道从2009年12月投产以来，已安全稳定运行10年，截至2020年6月底，累计输送进口天然气3160亿立方米。（央视新闻）,中亚天然气管道今年上半年输气190.88亿立方米
344,2020-07-30 10:14:00,证券板块持续拉升，财通证券涨停，哈高科、东兴证券、锦龙股份、华西证券等跟涨。,证券板块持续拉升
345,2020-07-30 10:12:00,武汉港发集团与中国免税品（集团）有限责任公司，日前签订战略合作意向备忘录，中免集团明年将在武汉长江航运中心大厦设立免税店，将是全国第六家市内免税店，规模和品类都将超过其他5家店。目前，中免集团在北京、上海、青岛、厦门、大连等5个...,中部地区首个市内免税店明年落户武汉
346,2020-07-30 10:07:00,港股中资券商股集体走低，回吐昨日涨幅，光大证券跌2.24%，招商证券跌1.82%，中信建投证券跌1.4%。,港股中资券商股集体走低
347,2020-07-30 10:06:00,索尼半导体制造公司日前和NEC设施公司宣布，共同成立SSN设施有限公司，该公司将负责半导体生产基地的设施管理。（TechWeb）,索尼与NEC成立半导体生产管理公司SSN 索尼持股25%
348,2020-07-30 10:04:00,企查查数据显示，目前我国共有健身相关企业99.7万家，近十年来行业实现稳步增长，2019年新增企业达26.6万家，同比增长33%。今年上半年，2月份注册量跌入0.4万家的低谷后，二季度总注册量已上升至6.3万家，环比增长85.3%。,国内健身行业渐止颓势 相关企业二季度注册量环比增长85.3%
349,2020-07-30 10:03:00,2020年第十八届中国国际数码互动娱乐展览会（ChinaJoy）将于7月31日至8月3日，在上海新国际博览中心如期举办。在这次展会上，中国联通也会带来更多惊喜，他们将联手LUCI immers推出沉浸式5G VR院线。（中关村在线）,中国联通与LUCI合作黑科技创VR院线 让5G破圈
350,2020-07-30 10:01:00,农业种植板块拉升，苏垦农发涨8%，厦门象屿、荃银高科、登海种业、万向德农等跟涨。,农业种植板块拉升
351,2020-07-30 09:56:00,险资最新调仓路线曝光！详情>>>,【聚焦】这家险企继续加仓茅台 二季度赚14亿
352,2020-07-30 09:53:00,为加强和改进偿付能力监管、补齐监管制度短板、更好地保护保险消费者利益，中国银保监会、中国人民银行对《保险公司偿付能力管理规定》（保监会令〔2008〕1号）进行了修订，形成了《保险公司偿付能力管理规定（征求意见稿）》，现向社会公开征求...,银保监会、央行对《保险公司偿付能力管理规定》公开征求意见
353,2020-07-30 09:51:00,中集集团在互动平台表示，公司积极加强互联网信息技术的研发，目前已建成比较成熟的冷链物流信息平台，从而实现食品在全冷链物流过程中温度监控和远程调整，确保食品安全和可追溯性。除了食品冷链外，本公司还利用自身已积累的先进冷链装备技术...,中集集团：已建成比较成熟的冷链物流信息平台
354,2020-07-30 09:50:00,万达酒店发展一度涨超77%，拟2.7亿美元出售芝加哥物业项目的权益。,港股万达酒店发展一度涨超77%
355,2020-07-30 09:48:00,理想汽车成为2018年以来的IPO规模最大的中概股赴上市企业。（IFR）,理想汽车成为2018年以来的IPO规模最大的中概股赴上市企业
356,2020-07-30 09:47:00,生物疫苗板块持续走高，博晖创新、万泰生物、君正集团先后涨停，金雷股份、智飞生物等涨逾7%。,生物疫苗板块持续走高
357,2020-07-30 09:44:00,昨日，记者从贵州省通信管理局了解到，为加强我省APP网络乱象的监管治理，8月-10月我省将开展APP专项检查治理，对检查中发现问题的APP将进行通报、限期改正、公开曝光、停止APP接入服务等。（新华网贵州）,贵州省将开展APP专项检查治理
358,2020-07-30 09:42:00,美亚柏科在互动平台表示，公司的软件产品绝大部分为自主研发、具有自主知识产权，少量软件产品供应商也主要为国内具有自主知识产权的企业。公司采购的主要配套硬件产品为通用型和商用型的相关整机和模块，可替换性强，绝大部分供应商为国内厂商...,美亚柏科：列入实体清单不会对公司的日常经营产生实质性影响
359,2020-07-30 09:40:00,从神州数码获悉，神州数码TDMP数据脱敏系统成功签下平安人寿大数据平台脱敏项目大单。据悉，这是继平安科技、平安银行签约后，神州数码TDMP数据脱敏系统与平安集团下属专业公司规模最大的一次签约。此外，该系统还通过了公安部计算机信息系安全...,神州数码TDMP签约平安人寿大数据平台脱敏项目
360,2020-07-30 09:40:00,卫星导航板块走高，中科星图大涨12%，北斗星通封板，中海达、航天宏图等跟涨。,卫星导航板块走高
361,2020-07-30 09:38:00,7月30日消息，华为轮值董事长郭平在2020共赢未来全球线上峰会上表示，截至今年7月份，全球5G用户数已经超过了9000万，全球5G基站数量超过了70万个，预计今年底将会超过150万个。（一财）,华为轮值董事长郭平：预计年底全球5G基站达150万个
362,2020-07-30 09:36:00,深圳房地产调控“新八条”细则正式出台，其中指出，深户居民家庭、成年单身人士（含离异）入户未满3年的，在符合其他购房条件前提下，能提供购房之日前在本市连续缴纳5年及以上个人所得税或社会保险证明的，按照《关于进一步促进我市房地产市场...,深圳房地产调控“新八条”细则正式出台
363,2020-07-30 09:35:00,润建股份在互动平台表示，公司会高度重视移动通信技术的变革，紧跟时代发展趋势。目前公司成立了创新研发院、欧洲未来科技研究院、电力应用技术研究院、数字平台研发院、5G技术应用研发院、智能装备研发中心等，聚焦国内外行业的先进技术和创新...,润建股份：目前成立研发院、科技研究院等聚焦先进技术
364,2020-07-30 09:35:00,泰格医药今截孖展认购，暂录得642亿元孖展认购，超额认购108.1倍。综合券商数据显示辉立占186亿元、耀才占138亿元、富途占120.8亿元。市场消息指，国际配售录得数倍超额认购。据投资者备忘录显示，国际配售将提早一日于今日下午5时截飞。（香港...,泰格医药今截孖展暂录642亿 超购约108倍
365,2020-07-30 09:35:00,据紫光国微消息，7月29日，大普通信与紫光国微签署战略合作协议，双方将在晶体晶振等领域全面深化合作，充分发挥各自优势，共同促进双方的业务发展和产品延伸，繁荣产业生态，占据5G先机。,大普通信与紫光国微签署战略合作协议
366,2020-07-30 09:34:00,水泥板块早盘拉升，万年青涨8%，上峰水泥、海螺水泥、华新水泥、塔牌集团等跟涨。,水泥板块早盘拉升
367,2020-07-30 09:31:00,据报道，三星似乎已经确定 2021 年 Galaxy A 系列命名方案，三星已经申请了包括 Galaxy A32 在内的多种代号的商标，从 GalaxyClub 获悉，三星打算发布同样的廉价设备的 5G 版本。（IT之家）,Galaxy A32 曝光：三星明年最便宜 5G 手机
368,2020-07-30 09:31:00,上证综指站上3300点，刷新近一周高位。,上证综指站上3300点
369,2020-07-30 09:30:00,据文件披露：理想汽车(LI.O)美股IPO定价11.5美元/ADS，高出定价指导区间。,理想汽车美股IPO定价11.5美元/ADS
370,2020-07-30 09:27:00,日前，从河北省住建厅获悉，河北省鼓励各地积极探索利用集约化手段解决停车难问题，加强机械式立体停车场建设。鼓励在公共停车设施建设中积极推广应用立体停车模式，鼓励车位配建不足建筑物增建立体停车设施。在解决资金问题上，鼓励各地广泛吸...,河北省鼓励机械式立体停车场建设
371,2020-07-30 09:25:00,A股三大指数集体高开，沪指涨0.15%，深成指涨0.28%，创业板指涨0.53%，卫星导航、生物疫苗等板块开盘活跃。,A股三大指数集体高开
372,2020-07-30 09:25:00,7月30日消息，联发科发布其800GbE（双端口400GbE）MACsecretimerPHY收发器MT3729产品系列，此系列产品的解决方案主要面向数据中心和5G基础设施应用所需的高速和超低功耗数据传输以及严格的安全性需求。（TechWeb）,联发科发布MT3729 面向数据中心和5G基础设施应用
373,2020-07-30 09:21:00,天眼查专业版数据显示，我国目前状态为在业、存续、迁入、迁出的黄金相关企业超过16.2万家，其中近6成为有限责任公司，有20.82%的黄金相关企业的注册资本为1000万以上。广东省相关企业数量最多，超过4.5万家，占全国相关企业总量的27.9%。如周大...,数据显示：我国16.2万家黄金相关企业 深圳最多占比达15%
374,2020-07-30 09:21:00,恒指高开0.39%，医药板块与华为概念板块涨幅居前，百威亚太涨近6%，中国销售业务表现强劲。,港股开盘：恒指高开0.39%
375,2020-07-30 09:20:00,爆料人士在Twitter爆料称，华为Mate 40 Pro将支持3D人脸识别，电池容量将不低于4500mAh，并保留屏幕指纹识别功能。,华为Mate 40 Pro或提供3D人脸识别功能
376,2020-07-30 09:18:00,天邦股份在互动平台表示，公司旗下“拾分味道”品牌猪肉目前供应能力尚在提升过程中，目前是择优选择渠道销售，直接面向消费者的渠道包括微信商城、京东旗舰店、叮咚买菜等。目前公司也已经和盒马生鲜展开合作。,天邦股份：公司已经和盒马生鲜展开合作
377,2020-07-30 09:15:00,人民币兑美元中间价报6.9902，上调67点。,人民币兑美元中间价上调67点
378,2020-07-30 09:12:00,韩国新增18例新冠确诊病例，累计14269例。（韩联社）,韩国新增18例新冠确诊病例
379,2020-07-30 09:12:00,7月29日，北京市召开企业家座谈会。市委书记蔡奇强调，要抢抓疫后机遇，化危为机实现更好发展。围绕人工智能、5G、云计算、大数据等加紧布局新基建。实施应用场景“十百千”工程。打造工业互联网平台体系，支持企业智能化改造，培育一批面向中小...,北京市委书记蔡奇：围绕人工智能、5G、云计算、大数据等...
380,2020-07-30 09:08:00,周三美国新冠肺炎死亡病例新增逾1440例，平均每一分钟有一人死亡，累计死亡病例升至151229例。,周三美国新冠肺炎死亡病例新增逾1440例
381,2020-07-30 09:03:00,7月29日，在广东广州，中国工程院院士钟南山就近期的香港疫情发展及防控措施等问题回答记者提问，他表示，根据目前香港每日新增病例的数据来看，香港疫情正在发展之中，已经出现了社区传染，但还没有出现指数级增长，所以关键要看接下来的防控情...,钟南山：香港已出现社区传染 应尽快开展全民核酸筛查
382,2020-07-30 09:01:00,7月29日0时至24时，新疆维吾尔自治区（含新疆生产建设兵团）报告新增新冠肺炎确诊病例96例（其中8例为无症状感染者转确诊病例）。尚有12313人正在接受医学观察。（第一财经）,新疆新增96例确诊 尚有12313人接受医学观察
383,2020-07-30 09:01:00,中国央行：2020年7月30日（周四）中国人民银行将开展2020年第七期央行票据互换（CBS）操作。本期操作量为50亿元，期限3个月。,中国央行：将开展2020年第七期央行票据互换（CBS）操作
384,2020-07-30 09:00:00,富时中国A50指数期货高开0.11%，上一交易日夜盘收涨0.23%。,富时中国A50指数期货高开0.11%
385,2020-07-30 09:00:00,据机构援引业内人士：中国央行公开市场今日将进行500亿元人民币7天期逆回购操作。,中国央行公开市场今日将进行500亿元人民币7天期逆回购操作
386,2020-07-30 08:57:00,携程近日公布最新数据，披露直播体系的整体情况、用户特征、核心（直播）产品、关键项目、发展趋势等维度，其中梁建章等携程高层直播带货成绩单也曝光：累计GMV破11亿元。（腾讯科技）,携程公布梁建章等高层直播带货成绩单：4个月累计GMV破11亿元
387,2020-07-30 08:56:00,航锦科技在互动平台表示，公司目前以芯片为核心，已形成两大产业领域：高端核心芯片和通信板块。高端核心芯片包括 GPU、FPGA、总线接口芯片、适用北斗3的基带射频一体化芯片；通信板块主要指的是适用于5G、物联网、汽车电子等多芯片集成电路和模...,航锦科技：已形成高端核心芯片和通信板块两大产业
388,2020-07-30 08:46:00,国家卫健委：昨日报告新增确诊病例105例，其中境外输入病例3例（广东1例，云南1例，陕西1例），本土病例102例（新疆96例，辽宁5例，北京1例）；无新增死亡病例；新增疑似病例1例，为境外输入病例（在上海）。,国家卫健委：昨日报告新增确诊病例105例
389,2020-07-30 08:43:00,截至7月29日，上交所融资余额报7095.81亿元，较前一交易日增加57.30亿元；深交所融资余额报6487.84亿元，较前一交易日增加67.25亿元；两市合计13583.65亿元，较前一交易日增加124.55亿元。,两市融资余额较前一交易日增加124.55亿元
390,2020-07-30 08:41:00,中信证券指出，美联储7月议息会议按兵不动，符合市场预期。预计美联储9月会议将加强前瞻指引，未来加码资产购买QE计划可期。短期实施收益率曲线控制的必要性和紧迫性不高。料美元指数中长期将维持弱势，但再度大幅下行需要一定条件。,中信证券:美联储7月议息会议按兵不动 料美元指数中长期将...
391,2020-07-30 08:38:00,7月29日从两家银行处确认，已收到央行下发的关于开展线上联合消费贷款调查的紧急通知。一位接近监管人士告诉记者，“我们只可以透露的是，此次调查是出于正常的工作发出的。”（贝壳财经）,央行调查线上联合消费贷 摸查不良、信贷流向还是剑指蚂蚁？
392,2020-07-30 08:34:00,富国银行预测，美元指数将进一步走弱，而美债收益率将走强。（CNBC）,富国银行：美元指数将进一步走弱
393,2020-07-30 08:32:00,最新专利文件显示，苹果计划利用一款连接配件将两台iPad组合成类似于笔记本电脑的设备。当两台iPad或iPhone通过一个连接配件相连时，其中一台可以充当显示器，另外一台则可以充当动态键盘。（新浪科技）,苹果新专利配件连接iphone和ipad
394,2020-07-30 08:31:00,昨日，北京新增大连市疫情关联病例1例，为7月27日确诊的大连市疫情关联病例的密切接触者。（央视新闻）,北京新增大连市疫情关联病例1例
395,2020-07-30 08:30:00,港股石四药集团公布，考虑可能将其原料药及医用材料的整合平台分拆于内地一间证券交易所独立上市。（香港经济日报）,港股石四药集团：考虑将其原料药分拆于内地上市
396,2020-07-30 08:30:00,记者近日实地探访位于上海临港新片区的特斯拉超级工厂，二期项目正在加紧实施。工厂周围和马路对面都在进行产业园区的建设。据记者观察，已有多家特斯拉供应商宣布签约入驻临港产业园区，紧邻特斯拉上海工厂。据不完全统计，今年以来，已有新泉...,实探特斯拉二期工厂：一众供应商比邻而居
397,2020-07-30 08:23:00,当地时间28日，《自然-微生物学》在线发表了国际团队的研究成果，认为导致新冠肺炎（COVID-19）的新型冠状病毒SARS-CoV-2，是由40至70年前的一个与之非常接近的病毒演化而来，实际上这类病毒已经在蝙蝠中传播数十年。研究人员认为，病毒的溯源对...,《自然-微生物学》杂志发文：新冠病毒谱系可能已经在蝙蝠...
398,2020-07-30 08:22:00,昨日，广东新增境外输入确诊病例1例，来自赞比亚；无新增无症状感染者。（南方Plus）,广东新增境外输入确诊病例1例
399,2020-07-30 08:21:00,高通公司披露称，已与华为达成一项新的授权协议，金额大约18亿美元。除此之外，高通并未公布协议的具体内容。,高通宣布与华为达成新专利授权 金额18亿美元
400,2020-07-30 08:20:00,理想汽车将于北京时间今日（7月30日）晚间正式以“LI”为证券代码在纳斯达克挂牌上市，成为继蔚来汽车后，第二家成功在美上市的国内“造车新势力”。,理想汽车今晚登陆纳斯达克
401,2020-07-30 08:12:00,韩国KOSPI指数涨至2018年10月初以来新高，日内涨0.74%。,韩国KOSPI指数涨至2018年10月初以来新高
402,2020-07-30 08:10:00,海尔电器港股公告，上午9时起短暂停牌，以待根据香港收购及合并守则刊发一份载有公司内幕消息的公告。,海尔电器：上午9时起短暂停牌
403,2020-07-30 08:01:00,习近平将出席北斗三号全球卫星导航系统建成暨开通仪式；国常会部署进一步扩大开放稳外贸稳外资；中信证券：上半年净利润同比增长38.47%；主产区多遭遇洪水侵袭，优质稻谷存在涨价预期,7月30日同花顺早间必读：美联储表示维持利率不变美指再创...
404,2020-07-30 08:01:00,日经225指数开盘涨0.4%。,日经225指数开盘涨0.4%
405,2020-07-30 07:57:00,东吴证券指出，近日贵金属价格的波动反映出，市场对美国经济和美元后续的走势判断存在冲突和不确定性。近几天美元的大幅下跌，主要原因是美国加州等地区新冠确诊数量激增，以及批准最新刺激方案方面陷入僵局。但是由于投资者倾向于等待星期三美...,东吴证券：三季度黄金价格的上行趋势将持续
406,2020-07-30 07:54:00,7月29日0时至24时，辽宁新增5例本土病例，均为大连市报告病例，其中4例为无症状感染者转归确诊病例，均属普通型病例。新增本土无症状感染者2例，均为大连市报告。无新增治愈出院病例。（央视新闻）,大连新增5例确诊
407,2020-07-30 07:48:00,国金宏观边泉水团队点评7月FOMC会议：无论从会议声明，还是从新闻发布会，美联储均向市场释放了维持当前宽松力度的信号，这虽然符合预期，但仍消除了一定的不确定性，带来了资产价格的普遍上涨。我们预计，美联储和美国政府的刺激政策本次很难退...,国金证券：美联储“鸽声”嘹亮 资产价格普涨
408,2020-07-30 07:42:00,三星电子第二季度净利润5.49万亿韩元，市场预估4.86万亿韩元。,三星电子第二季度净利润5.49万亿韩元
409,2020-07-30 07:40:00,中信建投指出，全国1-6月累计水泥产量9.9亿吨，同比下降4.8%，其中二季度4、5、6月份水泥产量同比增速分别为3.8%、8.6%、8.4%，单月产量创下历史新高。全年基建稳增长地位明确，地产投资韧性较强，中性判断2020年水泥需求量同比增长3.79%。水泥...,中信建投：全年水泥需求量确定性高 板块估值处于低位具备...
410,2020-07-30 07:39:00,阿里司法拍卖平台上出现4个深交所交易席位拍卖，起拍价均为60万元，目前围观人数已接近6000人。负责该拍卖的律师表示，一般的机构没办法过户，必须拥有深交所的会员资格才可以；没有会员资格的机构参与竞买，后面没办法过户的责任须自行承担；目...,阿里拍卖惊现4个深交所席位出售 6000人围观
411,2020-07-30 07:35:00,越南报告新增9例新冠肺炎确诊病例，其中岘港8例，河内1例。,越南报告新增9例新冠肺炎确诊病例
412,2020-07-30 07:29:00,据云南卫健委通报，7月29日0时至24时，云南新增境外航空输入确诊病例1例，中国籍，孟加拉国输入。,云南新增1例境外航空输入确诊病例
413,2020-07-30 07:27:00,美国总统特朗普发推表示，“如果国会不在大型科技公司问题上秉持公正，那么我将通过下达行政令来做到这一点。”北京时间30日凌晨，亚马逊、苹果、谷Alphabet、FacebookCEO出席美国科技四巨头反垄断听证会。,特朗普：国会若做不到公正，将发布行政令限制大型科技公司
414,2020-07-30 07:24:00,记者29日从中科院合肥物质科学研究院获悉，该院正在预研“大气环境立体探测实验研究设施”和“强光磁集成实验设施”两个新的大科学装置。“大气环境立体探测实验研究设施”的预研任务正在开展，主要完成大气环境气象梯度观测高塔建设，大气成分...,大气环境探测与强光磁集成两大科学装置开始预研
415,2020-07-30 07:17:00,隔夜美股集体收涨，道指涨超150点；美联储维持利率不变，重申鸽派立场；黄金再创历史新高；柯达涨逾300%，盘中16次熔断一度飙升近600%；高通财报靓丽，盘后大涨逾13%。 ,全球要闻：美联储维持利率不变 黄金再创新高
416,2020-07-30 07:09:00,今年以来，基金自购（基金公司申购自家基金）现象颇为流行，规模已突破了20亿元。不过，从179只自购基金的收益来看，有49只产品年内投资出现负收益，占比接近30%。分析人士指出，基金自购这种真金白银的投入行为，可以作为基民投资的参考。但是...,今年以来近三成亏损 自购基金并非都“香”
417,2020-07-30 07:04:00,7月29日，海通证券中期投资策略报告会在线上召开。海通证券研究所副所长、首席策略分析师荀玉根表示，上半年A股市场有80%的时间在上涨，说明今年上半年是上涨趋势中的震荡蓄势，疫情只是影响了市场节奏。下半年A股基本面逐步改善，市场将向上突...,海通证券荀玉根：结构性机会有望扩散
418,2020-07-30 07:04:00,百威亚太：第二季度营收16.2亿美元，去年同期19.16亿美元。,百威亚太：第二季度营收16.2亿美元
419,2020-07-30 07:03:00,7月以来，摊余成本法定开债基成立数量明显增加，大多在80亿元的募集上限附近火速售完，且同类新基还在不断涌入发行市场。业内人士认为，在债市利率经历了一波明显上行后，不少长端券种投资价值凸显，为摊余成本法债基入场建仓提供了好时机，而这...,看好长端券种建仓机会 摊余成本法债基密集发行
420,2020-07-30 06:58:00,7月以来，军工ETF规模大增，5只军工ETF份额合计增长近40亿份。在多位机构人士看来，目前军工行业整体估值处于历史低位，具备较强的安全边际和比较优势，并且军工行业全年业绩有望稳定增长，军工行情或将持续。（上证报）,军工ETF规模大增 机构看好军工行情
421,2020-07-30 06:53:00,数据显示，截至二季度末，主动偏股类的百亿级基金经理已经有104位，这意味着少数基金经理管理了偏股基金近四分之一的资产。业内人士认为，资产管理规模的合理边界因人而异，但应与基金经理的管理风格、投资经验等相匹配。随着明星基金经理的基金...,百亿级基金经理超百位 团队化管理渐成趋势
422,2020-07-30 06:52:00,据外媒：美国孤星天然气公司位于德克萨斯州蒙特贝尔维尤的天然气设施发生爆炸。,美国孤星天然气公司位于德克萨斯州的天然气设施发生爆炸
423,2020-07-30 06:50:00,30日四大证券报纸内容精华摘要有:万亿元特别国债发行收官 地方债发行或再迎高峰；科创板减持计划落地 科技股仍受青睐；从“破发”到全线上涨 精选层股票走势“大逆转” ,四大证券报纸及人民日报头版内容精华摘要（7月30日）
424,2020-07-30 06:28:00,据Worldometer实时数据，截至北京时间7月30日凌晨3时25分左右，全球新冠肺炎确诊病例超过1700万例，达17048809例，累计死亡病例达666390例。（人民日报海外版-海外网）,全球新冠确诊病例超1700万例 死亡超66万例
425,2020-07-30 06:25:00,经济日报文章称，从基金公司角度看，应当更注重可持续性发展，避免过于依赖“造星”策略以及追随市场热点。对于广大投资者而言，应当慎重选择爆款基金产品，理性决定交易时机和持有时期。从监管部门视角看，应持续加强对基金行业的监管，敦促基...,经济日报评论：频繁炒作爆款基金要不得
426,2020-07-30 06:22:00,库克：苹果公司2011年曾考虑把订阅内容砍掉40%。,库克：苹果公司2011年曾考虑把订阅内容砍掉40%
427,2020-07-30 06:12:00,Choice数据显示，截至7月29日，今年以来，10余家银行理财子公司累计调研上市公司达118家次，消费、科技和医药板块成为这些资管生力军的“心头好”。不少银行理财子公司对A股后市持积极态度，且下半年投资策略将继续向权益资产倾斜。（中证报）,密集调研上市公司，理财子公司加码权益配置
428,2020-07-30 06:11:00,作为私募行业的重要构成以及高净值理财的渠道之一，私募证券投资近年来迎来新发展。截至2019年末，在私募证券投资基金中，我国居民出资相比2018年末增长37.19%。今年上半年，私募证券投资基金的备案数量上升趋势依然显著。与传统理财方式相比，...,“高门槛”难挡私募证券投资升温
429,2020-07-30 06:09:00,Choice数据显示，7月1日至29日，医药板块已有31家上市公司重要股东发布减持计划，累计最多减持4.13亿股，减持规模上限为131.05亿元（按29日收盘价计算）。其中，寿仙谷、奥美医疗、蓝帆医疗、迪安诊断、易明医药等多家公司拟减持上限占总股本比...,31家药企重要股东计划减持，规模逾130亿元
430,2020-07-30 06:04:00,开市伊始，监管机构就持续释放深化改革信号，包括研究在精选层推出混合交易制度以提高流动性等。改革没有休止符。诸多改革举措将在未来一段时间渐次落地，资本市场服务实体经济将展现更多新亮点。可以预期，注册制试点稳步推广将引导更多金融资...,中证报头版评论：资本市场深改助力经济育新机开新局
431,2020-07-30 06:03:00,美国众议院议长佩洛西要求必须在众议院佩戴口罩。,美国众议院议长佩洛西要求必须在众议院佩戴口罩
432,2020-07-30 06:03:00,7月以来，有11只基金单日大卖100亿以上。而与此同时，统计显示，今年以来已有12只基金募集失败。7月份，人保中债1-3年国开行债券指数基金、民生加银汇众18个月定开债基公告合同不能生效。之前，山西证券中证红利潜力ETF联接、九泰久弘灵活配置混...,发行市场冰火两重天，多只新基金募集失败
433,2020-07-30 06:03:00,现货黄金开盘后小幅上扬4美元，升至1970美元/盎司上方。,现货黄金开盘后小幅上扬4美元
434,2020-07-30 06:01:00,全球最大黄金ETF--SPDR Gold Trust持仓较上日减少1.16吨，跌幅0.09%，当前持仓量为1241.96吨。,黄金持仓量
435,2020-07-30 05:56:00,巴西国家石油局：巴西6月产油量为301.3万桶/日，同比增17.8%。,巴西国家石油局：巴西6月产油量为301.3万桶/日  同比增17.8%
436,2020-07-30 05:48:00,首先，智能手机行业相对比较集中，前五名的市占率都非常高。此外，手机的迭代速度较快，六家手机龙头公司，基本每年都有新款上市，这造就了庞大的市场和对供应链稳定性的高要求。与之对比，汽车行业拥有长周期、慢迭代的特点，基本上三到五年才...,证券时报评论：特斯拉产业链和苹果产业链不能划等号
437,2020-07-30 05:45:00,特朗普签署了加拿大TransCanada公司主导铺设的大型石油管道项目Keystone设施许可。,特朗普签署大型石油管道项目Keystone设施许可
438,2020-07-30 05:40:00,今年以来，公司债迎来多重利好。3月1日新证券法实施以来，公开发行公司债实施注册制。在注册制下，公司债发行条件优化，审核效率提升。记者据沪深交易所官网数据整理，3月1日至7月29日，沪深交易所公开发行的公司债中，已经注册生效的有189只，...,注册制下189只公司债注册成功 拟募资合计超1.5万亿元
439,2020-07-30 05:38:00,今年以来截至7月28日，剔除已停止实施的，A股共有513家上市公司发布与股权激励有关的公告。从方案进度上看，461家已实施，2家获国资委批准，17家获股东大会通过，33家通过董事会预案。如果仅从今年新增数据来看，有52家上市公司“官宣”实施股权...,上市国企资本运作频频 年内13家“官宣”股权激励
440,2020-07-30 05:36:00,畸形、过高的民间借贷利率应该受到严厉监管和打击，但利率的高低，需要视不同信贷产品、不同借贷环境区别对待，不能“一刀切”用固定的年化利率来衡量。比如，有些民间借贷是短期急用，可能只是几个星期的周转，对于一些急切解燃眉之急的借款人...,证券时报：民间借贷利率应具有一定灵活性
441,2020-07-30 05:33:00,据泰晤士报：英国将要求有新冠肺炎症状的人隔离更长时间。,英国将要求有新冠肺炎症状的人隔离更长时间
442,2020-07-30 05:13:00,香港金管局向银行系统注入31亿港元以捍卫联系汇率。,香港金管局向银行系统注入31亿港元以捍卫联系汇率
443,2020-07-30 04:54:00,美国白宫幕僚长梅多斯：还未到接近达成刺激协议的地步。,美国白宫幕僚长梅多斯：还未到接近达成刺激协议的地步
444,2020-07-30 04:50:00,巴西新增70074例新冠肺炎确诊病例，新增1595例新冠肺炎死亡病例。,巴西新增70074例新冠肺炎确诊病例
445,2020-07-30 04:39:00,特朗普称液化天然气的出口许可可以延长到2050年。,特朗普：液化天然气的出口许可可以延长到2050年
446,2020-07-30 04:34:00,特朗普表示将在创纪录的时间内研制新冠肺炎疫苗。,特朗普：将在创纪录的时间内研制新冠肺炎疫苗
447,2020-07-30 04:27:00,市场消息：高通7月解决了与华为的纠纷，高通与华为签署了新的长期专利许可协议。,市场消息：高通7月解决了与华为的纠纷，高通与华为签署了...
448,2020-07-30 04:12:00,高通：第三财季营收48.93亿美元，去年同期96亿美元；净利润8.45亿美元，市场预期4.86亿美元，去年同期21.49亿美元；调整后每股收益86美分，市场预估70美分。预计第四财季营收73-81亿美元。,高通：第三财季营收48.93亿美元  去年同期96亿美元
449,2020-07-30 04:09:00,美联储将基准利率维持在0%-0.25%不变，美股三大指数集体收涨。道指收涨0.62%，标普500指数收涨1.25%，纳指收涨1.35%。科技股普遍收涨，AMD涨超12%，台积电涨超7%，苹果涨近2%。热门中概股中，康迪车业涨超140%，蓝城兄弟涨超32%。柯达涨318%，昨...,美股收盘：美联储维持利率不变 美股三大指数集体收涨
450,2020-07-30 03:58:00,美国新冠肺炎确诊病例增加1.9%，高于上周1.6%的均值。,美国新冠肺炎确诊病例增加1.9%
451,2020-07-30 03:45:00,金银比回吐美联储利率决议以后涨幅，目前位于81水平。,金银比回吐美联储利率决议以后涨幅
452,2020-07-30 03:33:00,特朗普批准美属维尔京群岛进入紧急状态。,特朗普批准美属维尔京群岛进入紧急状态
453,2020-07-30 03:29:00,美国5年期国债收益率首次跌破0.25％。,美国5年期国债收益率首次跌破0.25％
454,2020-07-30 03:28:00,美联储主席鲍威尔：将在9月30日颁布银行压力测试情景。,美联储主席鲍威尔：将在9月30日颁布银行压力测试情景
455,2020-07-30 03:25:00,现货白银转涨，此前一度跳水逾4%。美联储主席鲍威尔目前正在举行发布会，称未考虑加息。,鲍威尔发布会进行中 贵金属剧震
456,2020-07-30 03:22:00,Worldometers实时统计数据显示，全球新冠肺炎确诊病例超1700万例，死亡病例666390例。,全球新冠肺炎确诊病例超1700万例  死亡病例666390例
457,2020-07-30 03:20:00,美联储主席鲍威尔：没有考虑购买股票。,美联储主席鲍威尔：没有考虑购买股票
458,2020-07-30 03:11:00,美联储主席鲍威尔：从根本上讲，疫情是一种反通货膨胀的冲击；我们甚至没有考虑加息。,美联储主席鲍威尔：甚至没有考虑加息
459,2020-07-30 03:06:00,美股持续回落，道指涨幅不足100点。,美股持续回落
460,2020-07-30 03:05:00,美联储主席鲍威尔：如果有需要，我们可以调整前瞻指引和资产购买。,美联储主席鲍威尔：如果有需要，我们可以调整前瞻指引和...
461,2020-07-30 03:03:00,现货黄金回落至1960美元/盎司下方，较日内高位已回落20美元，接近回吐美联储利率决议后的所有涨幅。,现货黄金回落至1960美元/盎司下方 接近回吐美联储利率决...
462,2020-07-30 03:03:00,现货白银短线跳水，跌幅一度扩大至3%，报23.77美元/盎司。,现货白银短线跳水
463,2020-07-30 03:01:00,美联储主席鲍威尔：指标表明就业增长放缓。,美联储主席鲍威尔：指标表明就业增长放缓
464,2020-07-30 02:59:00,美联储主席鲍威尔：高频数据显示复苏的速度已经放缓。,美联储主席鲍威尔：高频数据显示复苏的速度已经放缓
465,2020-07-30 02:58:00,现货黄金一度较日高回落10美元，涨幅收窄至0.86%，现报1973.71美元/盎司。,现货黄金一度较日高回落10美元  涨幅收窄至0.86%
466,2020-07-30 02:54:00,美联储主席鲍威尔：资产购买结构上不是量化宽松，但起到的作用类似。,美联储主席鲍威尔：资产购买结构上不是量化宽松，但作用类似
467,2020-07-30 02:47:00,美联储主席鲍威尔：还需要更多的财政政策。,美联储主席鲍威尔：还需要更多的财政政策
468,2020-07-30 02:45:00,美联储主席鲍威尔发布会开始后，现货黄金持续发力，涨幅扩大至逾1%，报1976美元/盎司。,现货黄金持续发力，涨幅扩大至逾1%
469,2020-07-30 02:38:00,美联储主席鲍威尔：美联储致力于使用所有工具。,美联储主席鲍威尔：美联储致力于使用所有工具
470,2020-07-30 02:36:00,现货黄金站上1970美元/盎司上方，日内涨幅进一步扩大至0.75%。,现货黄金站上1970美元/盎司上方
471,2020-07-30 02:35:00,美联储主席鲍威尔：全面复苏不太可能，直到人们感到安全。,鲍威尔：全面复苏不太可能，直到人们感到安全
472,2020-07-30 02:34:00,美联储主席鲍威尔：第二季度GDP萎缩幅度可能创纪录最大幅度。,鲍威尔：第二季度GDP萎缩幅度可能创纪录最大幅度
473,2020-07-30 02:33:00,鲍威尔：美联储的目标是确保强劲复苏和限制经济破坏。,鲍威尔：美联储的目标是确保强劲复苏和限制经济破坏
474,2020-07-30 02:19:00,机构调查：周四EIA报告将显示，截至7月24日当周美国天然气库存增加260亿立方英尺。,机构调查：截至7月24日当周美国天然气库存增加260亿立方英尺
475,2020-07-30 02:07:00,现货黄金短线小幅上涨6美元，收复美联储利率决议公布后的跌幅，现报1962美元/盎司。,现货黄金短线小幅上涨6美元
476,2020-07-30 02:03:00,美联储FOMC声明：将使用所有工具支撑经济。,美联储FOMC声明：将使用所有工具支撑经济
477,2020-07-30 02:03:00,现货黄金短线下挫约8美元/盎司，报1956.52美元/盎司。美国十年期国债收益率维持在0.589%。,现货黄金短线下挫约8美元/盎司
478,2020-07-30 02:02:00,美联储FOMC声明：将超额准备金率（IOER）维持在0.1%不变。,美联储FOMC声明：将超额准备金率（IOER）维持在0.1%不变
479,2020-07-30 02:01:00,美联储FOMC声明：病毒构成相当大的风险。,美联储FOMC声明：病毒构成相当大的风险
480,2020-07-30 02:00:00,美联储将基准利率维持在0%-0.25%不变，符合市场预期。将超额准备金率（IOER）维持在0.1%不变。委员们一致同意此次的利率决定。（与上次会议一致）,美联储将基准利率维持在0%-0.25%不变
481,2020-07-30 01:56:00,欧盟贸易委员霍根：欧盟必须在贸易方面对美国采取报复行动。,欧盟贸易委员霍根：欧盟必须在贸易方面对美国采取报复行动
482,2020-07-30 01:55:00,COMEX 8月黄金期货收涨将近0.5%，报1953.40美元/盎司，连续三个交易日收于1900美元/盎司上方。,纽约期金连续四天创收盘历史新高
483,2020-07-30 01:45:00,因陷入脱欧谈判泥潭，宽松货币政策和季节性跑输因素拖累，英镑可能维持跌势到年度。“不认同英镑被大大低估的市场说法。这是一个长期存在的观点，并且是支撑我们看跌观点的关键假设，”Kamal Sharma在周三的研报中写道。策略师现在预计欧元兑英...,美国银行：英镑可能因英国脱欧和季节性不利因素而下跌
484,2020-07-30 01:45:00,市场消息：哥伦比亚6月原油产量环比减少0.3％，至729905桶/日。,市场消息：哥伦比亚6月原油产量环比减少0.3％
485,2020-07-30 01:44:00,美元指数DXY日内跌幅扩大至0.45%，报93.34。,美元指数DXY日内跌幅扩大
486,2020-07-30 01:39:00,阿根廷将对进口商的外汇限制延长至8月31日。,阿根廷将延长对进口商的外汇限制
487,2020-07-30 01:34:00,中国地震台网正式测定：07月30日01时27分在西藏林芝市波密县发生3.9级地震，震源深度8千米。,西藏林芝市波密县发生3.9级地震
488,2020-07-30 01:24:00,美股涨幅扩大，标普500指数盘中涨超1%，道指现涨0.45%，纳指涨1.11%。,美股涨幅扩大 标普500指数盘中涨超1%
489,2020-07-30 01:22:00,支付公司PayPal涨幅扩大至4.4%，刷新盘中纪录新高，该股今年迄今累涨70%，市值达2160亿美元。,支付公司PayPal涨幅扩大至4.4%  刷新盘中纪录新高
490,2020-07-30 01:15:00,A股7月29日大举反弹，开启集体上涨模式。申万一级28个行业板块全线上涨，A股整体市值一天大涨超1.8万亿。截至收盘，沪指涨2.04%，报3294.55点；深成指涨3.12%；创指涨3.78%。外资和主力资金一改此前几个交易日净流出，转向加仓，多家机构也表示...,A股大反弹：77亿北向资金回流 部分机构开启加仓模式
491,2020-07-30 01:09:00,市场消息：理想汽车据悉将为美国IPO的定价提供位于区间上端的指导价。,市场消息：理想汽车据悉将为美国IPO的定价提供位于区间上...
492,2020-07-30 01:08:00,美国国家过敏症和传染病研究所所长福奇：建议在某种程度上保护眼睛。,福奇：建议在某种程度上保护眼睛
493,2020-07-30 01:02:00,世界银行国际金融公司：启动40亿美元的融资平台，以促进发展中国家抗击新冠病毒的生产和关键保健品的供应。,世界银行国际金融公司：启动40亿美元的融资平台以促进发...
494,2020-07-30 00:57:00,美国5年期国债收益率触及0.253%的历史新低。,美国5年期国债收益率触及0.253%的历史新低
495,2020-07-30 00:55:00,墨西哥航空公司表示，计划在8月份比7月份增加近20%的运营量。,墨西哥航空公司：计划在8月份比7月份增加近20%的运营量
496,2020-07-30 00:43:00,据石油运输咨询公司Petro-Logistics：欧佩克7月石油供应增幅超过50万桶/日。,Petro-Logistics：欧佩克7月石油供应增幅超过50万桶/日
497,2020-07-30 00:24:00,29日，记者从国家税务总局了解到，今年上半年，全国累计办理出口退（免）税8128亿元；截至6月底，全国已有近2.5万户出口企业享受到出口退税率提高到13%的政策红利；自2月10日推行出口退税事项“非接触式”办理以来，全国约30万户企业通过“非接...,一揽子税收政策加码 助力稳外贸基本盘
498,2020-07-30 00:24:00,7月29日，上海浦东新区前滩地块出让，现场竞价次数达百轮，成交金额达到49.11亿元，溢价率达到34.58%。近日，多地土地市场成交活跃，仅7月29日一天，就有上海、南通、无锡、珠海、常州等多地成交地块溢价率超过30%，其中，南通地块地块更是鏖战8...,土地市场成交活跃，多市29日成交地块溢价率超过30%
499,2020-07-30 00:21:00,瑞士信贷：仍然保持长期看空美元的观点。若美国联邦公开市场委员会（FOMC）今日释放有关在9月16日会议中将会引入“基于结果性的前瞻指引”和“平均通胀目标”等概念的信号，美元料将面临新一轮下行趋势的风险。,瑞士信贷：仍然保持长期看空美元的观点
500,2020-07-30 00:17:00,美国国家过敏症和传染病研究所所长福奇：试验和数据显示羟氯喹不是有效的。,福奇：试验和数据显示羟氯喹不是有效的
501,2020-07-30 00:09:00,为进一步激发全国市场潜力，我国服务贸易领域制度创新的信号还在密集释放。29日召开的国务院常务会议明确，服务贸易创新发展试点扩大到全国21个省份部分地区。此外，跨境服务贸易领域年内将迎来两张负面清单。记者获悉，目前全国版和自贸港版跨...,服务贸易开放提速 两张负面清单年内出台
502,2020-07-30 00:03:00,太平洋煤气电力公司（PG&E）和特斯拉在变电站建设了182.5兆瓦的锂离子系统，电池储能系统的建设预计将持续到明年年初。,太平洋煤气电力公司和特斯拉在变电站建设了182.5兆瓦的锂...
503,2020-07-29 23:59:00,南非确认收到金砖国家新开发银行（NDB）的10亿美元新冠肺炎病毒贷款。,南非确认收到金砖国家新开发银行的10亿美元新冠肺炎病毒贷款
504,2020-07-29 23:55:00,伊拉克石油部：伊拉克政府同意与日本JGC公司签订5.5万桶/天的炼油合同。,伊拉克政府同意与日本JGC公司签订炼油合同
505,2020-07-29 23:51:00,波罗的海干散货指数在周三上涨53点或4.2%，报1317点。海岬型船运价指数上涨7.3%至2137点，此前连续7周下跌，日均获利上涨1197美元至17721美元。巴拿马型船运价指数上涨30点或2.6%，至1166点，日均获利上涨271美元至10491美元。超灵便型船运价指...,大型船舶船费率走高，波罗的海干散货指数结束连续7个交易...
506,2020-07-29 23:50:00,近日，有用户在使用美团支付时发现，支付页面已经不再支持使用支付宝了，打开下方折叠区域也没有出现支付宝。也就是说，美团正式取消了支付宝支付。今晚23时许，美团创始人王兴在个人饭否上对此回应称：“淘宝为什么还不支持微信支付？微信支付...,美团王兴回应不支持支付宝：淘宝为什么不支持微信支付？
507,2020-07-29 23:34:00,特斯拉涨超3%，此前摩根士丹利上调其目标价。,特斯拉涨超3%
508,2020-07-29 23:32:00,美、布两油短线走高0.2美元，分别报41.46美元/桶和43.9美元/桶。,美、布两油短线走高
509,2020-07-29 23:30:00,缅甸将宵禁和针对疫情采取的措施延长至8月15日。,缅甸将延长宵禁和针对疫情采取的措施
510,2020-07-29 23:25:00,波音：向737 MAX的客户支付了26亿美元的现金和优惠，并计划在近期内制造比交付更多的飞机。,波音：计划在近期内制造比交付更多的飞机
511,2020-07-29 23:08:00,今日（7月29日），在广东广州，中国工程院院士钟南山就近期的香港疫情发展及防控措施等问题回答记者提问，他表示，根据目前香港每日新增病例的数据来看，香港疫情正在发展之中，已经出现了社区传染，但还没有出现指数级增长，所以关键要看接下来...,钟南山谈香港疫情防控：还未出现几何级数增长，应尽快开...
512,2020-07-29 23:06:00,英国新增763例新冠肺炎确诊病例，前一日新增581例；新增83例新冠肺炎死亡病例，前一日新增119例。,英国新增763例新冠肺炎确诊病例
513,2020-07-29 23:04:00,市场消息：美国将制裁支持阿萨德政府的叙利亚实体。,美国将制裁支持阿萨德政府的叙利亚实体
514,2020-07-29 22:59:00,7月29日，记者从刚刚结束的国网宁夏电力检修公司年中会议上获悉，今年以来，该公司克服疫情对电力外送带来的影响，所辖银东、灵绍两大直流输送电量逆势增长，今年累计外送电量达385.07亿度电，同比增长27.18%，输送利用率居国家电网公司前列。（...,宁夏电网上半年外送电量385.07亿度电，同比增长27.18%
515,2020-07-29 22:54:00,柯达涨幅缩小至301.76%，报31.76美元/股，今日盘中第十二次触发熔断。柯达昨日收涨203％，此前公司获得美国政府7.65亿美元用于仿制药生产的贷款。,柯达涨幅缩小至301.76%，报31.76美元/股
516,2020-07-29 22:49:00,波音CEO Calhoun：预计在第四季度恢复737 MAX客机的交付。,波音预计在第四季度恢复737 MAX客机的交付
517,2020-07-29 22:47:00,柯达恢复交易后，涨幅迅速回落，现涨495%。,柯达恢复交易后 涨幅迅速回落
518,2020-07-29 22:44:00,美国上周精炼油库存升至1982年12月以来的最高水平。,美国上周精炼油库存升至1982年12月以来的最高水平
519,2020-07-29 22:41:00,柯达涨幅扩大至572%，盘中第十次熔断，现报53.37美元/股。此前公司获得美国政府7.65亿美元用于仿制药生产的贷款。,柯达涨幅扩大至572% 盘中第十次熔断
520,2020-07-29 22:36:00,柯达涨幅扩大至537.28%，今日盘中第九次触发熔断，现报50.6美元/股。此前公司获得美国政府7.65亿美元用于仿制药生产的贷款。,柯达暴涨至537% 今日盘中第九次触发熔断
521,2020-07-29 22:34:00,珠海港7月29日晚公告，公司拟通过全资子公司珠海港香港向联交所主板上市公司兴华港口全体股东发起自愿性有条件全面现金要约，拟以现金要约收购兴华港口100%的股份，若成功完成本次全面要约收购，兴华港口将从联交所退市。此次要约收购兴华港口10...,珠海港：子公司拟全面要约收购香港上市公司兴华港口100%股份
522,2020-07-29 22:33:00,WTI原油期货短线上扬0.16美元，此前美国能源信息署（EIA）发布政府版原油库存周报。,WTI原油期货短线上扬0.16美元
523,2020-07-29 22:31:00,美国7月24日当周EIA原油库存变动 -1061.1万桶，预期 45万桶，前值 489.2万桶。降幅创1月3日当周以来最大。,美国7月24日当周EIA原油库存变动 -1061.1万桶
524,2020-07-29 22:28:00,柯达涨幅扩大至447%，再次暂停交易，总市值超19亿美元。,柯达涨幅扩大至447% 再次暂停交易
525,2020-07-29 22:27:00,柯达涨354%，再次触发熔断，该股昨日收涨203%。,柯达再次触发熔断 熔断前涨超350%。
526,2020-07-29 22:24:00,海尔智家29日晚公告，为聚焦智慧家庭主业，剥离非主营业务，公司拟向海尔生态投资转让公司持有的卡奥斯54.50%股权，交易价格为40.6亿元。交易完成后，公司仍直接持有卡奥斯10.74%的股权，并通过公司控股子公司间接持有卡奥斯8.01%的股权，合计持...,海尔智家：拟40.6亿元出售卡奥斯54.50%股权给海尔生态投资
527,2020-07-29 22:13:00,根据硅业分会数据，7月29日国内单多晶硅料均价再度大涨。近期由于3家万吨级别多晶硅企业检修、新疆疫情升级减缓多晶硅出货、某大型工厂发生火灾导致4.8万吨产能停滞等原因，硅料价格大幅上涨。需求端来看，今年光伏三季度淡季不淡，四季度是光伏...,硅料价格今日大涨30%超预期 龙头企业充分受益产业链全面涨价
528,2020-07-29 22:12:00,长江有色金属网数据显示，29日金属钴现货报价为27.9万元/吨，较月初上涨约15%，创下今年2月下旬以来的新高。目前疫情仍不断扰动钴矿供应端，下半年3C及动力电池市场需求也存在乐观预期。此外，钴收储也是钴价的一大推动因素。业内人士预计，钴行...,供给端扰动叠加收储预期 钴价升至近五个月新高
529,2020-07-29 22:11:00,29日晚，单机功率28800千瓦、牵引力2280千牛的“神24”电力机车在中车株洲电力机车有限公司下线。这一超大功率电力机车的成功研制，标志着中国铁路重载技术创新取得重大突破。（上海证券报）,中国成功研制超大功率电力机车
530,2020-07-29 22:05:00,ST康美7月29日晚间披露筹划重大事项进展，目前从控股股东和有关部门处获悉，公司本次可能涉及托管及后续重组，相关工作所需时间长，涉及债务规模大，波及范围广。公司向上交所申请继续停牌，自7月23日起最长连续累计停牌不超30个交易日，公司股...,ST康美：公司可能涉及托管及后续重组 股票继续停牌
531,2020-07-29 22:05:00,据苏宁易购消息，7月28日，苏宁易购和微博达成内容+供应链等深度合作。在备受关注的张艺兴、关晓彤等艺人矩阵上，实现内容+电商的深度融合。同时，将结合苏宁易购LPL官方合作伙伴的身份，携手打造苏宁微博电竞专场，推出不同直播场景。,苏宁易购和微博达成深度合作 开放娱乐体育电竞内容
532,2020-07-29 22:04:00,大连此次疫情病毒哪儿来的？吴尊友：大连疫情与北京疫情没有确切关系，也没有迹象说明境外输入病例与大连有确切联系。更可能是境外污染的海产品输入。（北京日报）,吴尊友：大连疫情与北京疫情没有确切关系
533,2020-07-29 22:02:00,纳指涨1%，区块链和半导体板块涨幅居前。,纳指涨1%
534,2020-07-29 21:59:00,新疆金风科技股份有限公司与比亚迪股份有限公司开启跨界合作，双方将集中优势资源，强强联合，共同推动清洁能源储存应用的发展，实现跨界共赢。（新京报）,比亚迪与金风科技开启跨界合作，推动清洁能源储存应用
535,2020-07-29 21:59:00,蔚来汽车涨5.2%，拼多多涨3%，搜狐涨2.4%，京东涨2.1%，阿里巴巴涨1.47%。,热门中概股上涨
536,2020-07-29 21:56:00,德国电视一台（ARD）7月29日援引德国西南广播公司（SWR）的消息称，美方将从德国的4个军事基地撤离1.2万人。这4个军事基地为位于德国南部巴伐利亚州的Vilseck、Grafenwhr和Wildflecken的3处基地，以及西南部莱茵兰-普法尔茨州的Spangdahlem空军...,德媒：美国将从德国4个基地撤离1.2万美军 半数直接回国
537,2020-07-29 21:55:00,7月28日，中国银行业协会线上发布《中国银行业客服中心与远程银行发展报告2019》指出，在5G、AI、大数据等国家新型基础设施建设的助推下，远程银行作为金融科技赋能传统客服中心的转型新业态，必将迎来更为广阔的发展前景。,中银协报告：远程银行将迎更广阔发展前景
538,2020-07-29 21:51:00,疫情影响外，世界洋酒巨头人头马君度在国内市场又惹上了新麻烦。前总经销商寰发酒业将人头马君度的中国公司告上法庭，指其“割韭菜”，单方面提前终止经销合同。,人头马公司被指“割韭菜” 前经销商索赔3亿
539,2020-07-29 21:46:00,中共中央政治局常委、国务院副总理韩正29日在北京同欧盟委员会第一副主席蒂默曼斯举行视频会见。韩正表示，新冠肺炎疫情发生以来，中欧相互支持、相互帮助，展示并丰富了中欧全面战略伙伴关系内涵。中欧要共同努力，加强抗疫合作，并推动全球经...,韩正同欧盟委员会第一副主席蒂默曼斯举行视频会见
540,2020-07-29 21:44:00,7月29日，PRADA spa发布截至2020年6月30日6个月的综合业绩公告。报告期内，PRADA集团总销售净额为9.25亿欧元，同比下滑40.2%；亏损净额1.8亿欧元，上年同期为盈利1.55亿欧元。,PRADA集团上半年亏损1.8亿欧元，品牌销售净额全线下跌
541,2020-07-29 21:42:00,现货钯金日内跌幅扩大至5%，报2171美元/盎司。,现货钯金日内跌幅扩大至5%
542,2020-07-29 21:41:00,近日，不少地产中介传言广州地区各主要银行对于按揭贷款价格出现上调，不少有计划的购房者表示不安。羊城晚报记者通过现场走访和电话采访的形式采访了广州市内多家主要商业银行，包括四大行和主要股份制银行在内的多家银行纷纷表示，目前广州地...,网传广州房贷利率价格上调？广州主要银行回应：淡定！
543,2020-07-29 21:31:00,美股开盘，道指小幅高开，芯片股普涨；AMD涨11%，第二季度营收超市场预期。柯达涨超130%，近日公司获美政府7.65亿美元贷款转型药品生产。,美股开盘：道指小幅高开 AMD涨11%
544,2020-07-29 21:27:00,"抖音官方发布公告称，由于宝通科技参股公司哈视奇，违反保密协议，夸大披露所谓“与字节跳动达成多款AR游戏独家合作”信息。字节跳动及抖音决定取消与哈视奇已经达成的所有合作。
",抖音：取消与宝通科技参股公司哈视奇所有合作
545,2020-07-29 21:26:00,东部机场集团规划发展部副部长陈欣29日在南京介绍说，南京禄口国际机场推进复工复产，目前国内客运航班量已恢复至去年同期的九成左右，重要商务航线如广州线每天可达到24班，深圳、重庆、昆明、成都、贵阳、西安等日均出港均已恢复至10班以上，...,南京机场国内客运航班量已恢复九成左右
546,2020-07-29 21:22:00,7月29日，东风汽车集团有限公司在武汉发布岚图汽车品牌战略，首款概念车VOYAHi-Land全球首发。会上，岚图制定了未来3-5年的发展规划，以用户需求为导向精准布局，实现覆盖轿车、SUV、MPV以及跨界车、高性能车等各个细分市场。从2021年起，岚图每...,东风发布岚图汽车品牌战略：2021年起每年向市场投放不少...
547,2020-07-29 21:20:00,此前有消息称旷视中止港股上市进程。印奇表示，中止港股上市消息不属实。国家科创板支持和鼓励“硬科技”企业上市，是中国科技企业发展的好机遇，旷视正在积极考虑。（一财）,旷视否认中止港股上市，积极考虑科创板
548,2020-07-29 21:03:00,北斗三号全球卫星导航系统建成暨开通仪式将于7月31日上午10时30分在人民大会堂举行。中共中央总书记、国家主席、中央军委主席习近平将出席仪式。,习近平将出席北斗三号全球卫星导航系统建成暨开通仪式
549,2020-07-29 20:59:00,现货钯金跌超3%，报2212.9美元/盎司。,现货钯金跌超3%
550,2020-07-29 20:58:00,7月28日0-24时，31个省（自治区、直辖市）和新疆生产建设兵团报告新增确诊病例101例。国家卫健委高级别专家组成员、中国疾控中心流行病学前首席科学家曾光接受采访时表示，单日新增确诊病例破百，这肯定意味着疫情出现反弹了，但是是局部反弹。...,中疾控专家曾光：疫情已出现局部反弹
551,2020-07-29 20:54:00,新锐代餐品牌ffit8宣布完成数千万首轮融资，由复星锐正资本领投，明星投资人李静、戴军跟投。创始人张光明表示，本轮融资将为ffit8领跑黑科技蛋白质代餐市场强势加码。据悉，ffit8创始团队是前中国奥运备战营养与体重管理顾问团队，目前已发布“...,代餐品牌ffit8获数千万投资复星锐正资本领投
552,2020-07-29 20:53:00,柯达盘前涨幅扩大至逾100%，近日公司获美政府7.65亿美元贷款转型药品生产。,柯达盘前涨幅扩大至逾100%
553,2020-07-29 20:50:00,近日，毕马威发布《5G边缘计算的价值机遇》报告，对5G边缘计算的市场价值与前景发展进行了全方位扫描，并为相关企业提出了指导性对策建议。在新冠肺炎疫情的影响下，企业实施数字化的紧迫性越来越强。毕马威的调查显示，面对疫情导致的全球经济...,毕马威：企业数字化转型紧迫 5G和边缘计算有望引领经济复苏
554,2020-07-29 20:49:00,钯金期货跌破2300美元/盎司，日内跌近2%。,钯金期货跌破2300美元/盎司
555,2020-07-29 20:47:00,AMD盘前涨超10%，第二季度营收超市场预期。,AMD盘前涨超10%
556,2020-07-29 20:38:00,*ST乐通7月29日晚间公告，公司原拟以发行股份及支付现金的方式购买核三力100%股权，并募集配套资金。鉴于交易各方对本次交易的核心条款最终未能达成一致，公司决定终止本次筹划发行股份购买资产事项。公司股票将于7月30日起复牌。,*ST乐通：终止筹划发行股份购买资产事项 股票复牌
557,2020-07-29 20:31:00,正川股份7月29日晚间公告，拟公开发行不超过4.05亿元可转债，用于中硼硅药用玻璃生产项目和中硼硅药用玻璃与药物相容性研究项目。,正川股份：拟公开发行不超4.05亿元可转债
558,2020-07-29 20:30:00,国家航天局等七部门今天（7月29日）发布《关于开展嫦娥七号和小行星探测科普试验载荷创意设计征集活动的通知》，通知显示，探月工程四期嫦娥七号任务和行星探测重大工程小行星探测任务正在启动实施。嫦娥七号任务拟开展月球南极着陆与巡视探测，...,中国嫦娥七号和小行星探测正启动实施 嫦七将赴月球南极
559,2020-07-29 20:29:00,世界贸易组织（WTO）29日关于日本对韩国加强半导体材料出口管制，同意了韩国要求的设立争端解决专家组。（共同网）,WTO同意就日本对韩加强出口管制设专家组
560,2020-07-29 20:28:00,7月29日，阿里巴巴旗下智能搜索App夸克正式宣布推出知识视频产品――夸克Z视频，旨在为下一代搜索率先建立知识视频内容生态。　　夸克Z视频负责人、大鱼号总经理杨锋在现场表示，夸克将投入百亿流量孵化上万优质创作者，扶持内容生态建设。（中...,夸克搜索布局知识视频生态 投入百亿流量孵化上万优质作者
561,2020-07-29 20:28:00,上交所7月29日披露，科创板上市委定于8月7日审核东来涂料技术（上海）股份有限公司、上海宏力达信息技术股份有限公司的科创板首发事项。,上交所：东来股份、宏力达科创板首发8月7日上会
562,2020-07-29 20:19:00,日本最后一个“零确诊县”――岩手县29日首次报告新冠肺炎确诊病例，至此日本所有47个都道府县均出现了确诊病例。日本29日首次单日新增逾千例确诊病例，截至21时已报告1253例。据日本富士电视台29日报道，岩手县曾是日本最后一个“零确诊县”，...,日本新增1253例确诊病例 最后一个“零确诊县”失守
563,2020-07-29 20:15:00,中通快递近日收购了海尔集团旗下的日日顺乐家智能快递柜。据知情人士透露，这一收购主要涉及日日顺乐家在全国铺设的约3万组智能快递柜。中通快递网点将以6000-7000元/组的价格认购当地的日日顺智能柜，并承担未来的场租、运营成本，这些快递柜可...,中通快递收购海尔旗下日日顺乐家快递柜
564,2020-07-29 20:11:00,凯美特气晚间公告，子公司凯美特电子特种气体公司已取得《危险化学品经营许可证》，并于2020年7月29日取得了湖南省应急管理厅颁发的《安全生产许可证》。此前凯美特电子特种气体公司拟新建12套电子特种稀有气体生产及辅助装置,凯美特气：子公司凯美特电子特种气体公司已取得《危险化...
565,2020-07-29 20:09:00,从多个地方财政人士处获悉，补充中小银行资本金的2000亿专项债额度已下达。共18个省（自治区、直辖市）获得该额度，平均每个省份约111亿（21财经）,补充中小银行资本金的2000亿专项债额度已下达
566,2020-07-29 20:09:00,光力科技晚间公告，2020年度上半年净利3122万元，同比增长31.76%。,光力科技：上半年净利3122万元 同比增长31.76%
567,2020-07-29 20:09:00,爱康科技公告，公司于2018年7月6日在浙江省湖州市长兴县煤山镇浙能智慧能源科技产业园设立了全资子公司浙江爱康光电科技有限公司，根据公司的战略规划，浙江爱康光电一期项目将投资2GW高效异质结电池及组件，计划投资不超过20亿元（根据现有市场...,爱康科技：拟投资2GW高效异质结电池及组件项目，金额不超...
568,2020-07-29 20:08:00,汤臣倍健晚间公告，2020年度上半年净利9.62亿元，同比增长10.96%。,汤臣倍健：上半年净利9.62亿元 同比增长10.96%
569,2020-07-29 20:08:00,卫星石化发布公告称，2020年度上半年实现营业收入47.72亿元，同比下降7.52%；净利4.74亿元，同比下降14.79%。,卫星石化：上半年净利4.74亿元 同比下降14.79%
570,2020-07-29 20:06:00,*ST利源晚间公告，针对利源精制未及时披露大股东所持股份被冻结及被轮候冻结的行为，未及时披露重大债务逾期违约情况的行为，未及时披露轨道车辆整车样车试制进展情况的行为，未及时披露主要资产被抵押查封情况的行为，对吉林利源精制股份有限公...,*ST利源：收到行政处罚决定书 公司被处以60万元罚款
571,2020-07-29 20:02:00,复星集团董事长郭广昌：7月28日，我们复星医药获德国BioNTech授权的新冠病毒mRNA疫苗Ⅰ期临床试验首批36位志愿者成功接种。,复星集团董事长郭广昌：复星医药获德国BioNTech授权的新...
572,2020-07-29 20:01:00,米奥会展晚间公告，2020年度上半年亏损5416万元，同比下降426.60%。,米奥会展：上半年亏损5416万元 同比下降426.60%
573,2020-07-29 20:00:00,神思电子发布公告称，2020年度上半年实现营业收入1.56亿元，同比下降20.91%；净利150.78万元，同比下降82.2%。,神思电子：上半年净利150.78万元 同比下降82.2%
574,2020-07-29 19:59:00,南都电源业绩快报，2020年度上半年净利3.03亿元，同比增长20.43%。,南都电源：上半年净利3.03亿元 同比增长20.43%
575,2020-07-29 19:58:00,波罗的海干散货指数涨4.19%，报1317点。,波罗的海干散货指数涨4.19%
576,2020-07-29 19:57:00,万华化学：上调2020年8月份中国地区MDI价格；中信证券业绩快报：上半年净利同比增38.47%；科大讯飞：股东中国移动拟减持不超1%股份。,7月29日晚间公告集锦：万华化学上调2020年8月份中国地区M...
577,2020-07-29 19:51:00,"纳指期货涨0.42%；今夜四大科技巨头将受反垄断“拷问”,关乎是否被分拆；马斯克称特斯拉愿向其他汽车制造商提供电池；麦当劳拟出售日本业务至少14%股份，在美关店200家。",美股盘前必读：三大股指期货微涨 今夜两大风险来袭
578,2020-07-29 19:49:00,ST凯瑞7月29日晚公告，鉴于法院未受理原执行申请人中粮国际新加坡有限公司的破产清算申请，执行申请人王建伟已经向法院撤回对公司破产清算的申请，公司未进入破产清算程序。该事项目前不会导致公司被实施退市风险警示，亦未对公司生产经营产生影...,ST凯瑞：债权人撤回对公司破产清算申请
579,2020-07-29 19:48:00,百润股份发布公告称，2020年度上半年实现营业收入7.88亿元，同比增长24.03%；净利2.12亿元，同比增长55.02%。,百润股份：上半年净利2.12亿元 同比增长55.02%
580,2020-07-29 19:48:00,晨光生物公告，公司全资子公司云麻生物，于2020年7月29日取得腾冲市公安局核发的《云南省工业大麻加工许可证》。云麻生物取得工业大麻加工许可证，对公司推进工业大麻中长期发展规划有着积极的影响，有助于加快工业大麻业务发展，丰富公司产品种...,晨光生物：全资子公司取得工业大麻加工许可证
581,2020-07-29 19:47:00,凯撒旅业晚间公告，债券转售事项不确定性已消除，公司债券“17 凯撒 03”将于2020年7月30日开市起复牌,凯撒旅业：公司债券7月30日开市起复牌
582,2020-07-29 19:47:00,今日新闻联播或涉及资本市场的内容：1、习近平对研究生教育工作作出重要指示强调，适应党和国家事业发展需要，培养造就大批德才兼备的高层次人才，李克强对研究生教育工作作出批示；2、李克强主持召开国务院常务会议；3、栗战书主持召开十三届全...,7月29日新闻联播要闻精选
583,2020-07-29 19:45:00,银之杰业绩预告，2020年度上半年预计亏损1100万元–1600万元。,银之杰：上半年预计亏损1100万元–1600万元
584,2020-07-29 19:39:00,数据显示，截至7月29日，今年以来共有82家基金公司累计自购基金179只，自购规模为21.84亿元，较去年同期的14.24亿元同比上升了53.37%。其中，债基自购规模达到了11.54亿元，占比超过50%。（中证报）,今年以来基金自购规模逾20亿元 债基占比过半
585,2020-07-29 19:38:00,纳川股份7月29日晚公告，公司与长江环保集团于近日签订《合作框架协议》，协议主要内容：长江大保护排水管网运营维护项目，合作期运维费用暂定为6亿元。长江环保集团为长江三峡集团开展长江大保护工作的实施主体。协议的签订，意味着长江环保集...,纳川股份：与长江环保集团签订合作框架协议 预计贡献营收...
586,2020-07-29 19:36:00,从酒鬼酒方面获悉，酒鬼酒将对52度500毫升红坛酒鬼酒（高度柔和）停止供货，与此同时，黄坛酒鬼酒的战略价格也将有所上调。（新京报）,酒鬼酒连发通知对红坛黄坛产品做出调整
587,2020-07-29 19:32:00,*ST金洲7月29日晚公告，公司控股股东九五集团于近日收到广东省深圳市中级人民法院下发的《民事裁定书》，因被申请人九五集团未履行返还申请人北京中联金泰公司借款本金5000万元及相应利息的法院判决，申请人北京中联金泰机电商贸有限公司以被申...,*ST金洲：控股股东被申请破产清算
588,2020-07-29 19:32:00,科大讯飞：大股东中国移动通信有限公司拟减持不超过1%。,科大讯飞：大股东中国移动通信有限公司拟减持不超过1%
589,2020-07-29 19:31:00,波音：第二季度营收118亿美元，市场预期131.62亿美元，去年同期157.51亿美元。第二季度商业飞机交付总量为20架，市场预期为24架。,波音：第二季度营收118亿美元，市场预期131.62亿美元
590,2020-07-29 19:31:00,青鸟消防业绩快报，2020年度上半年净利1.45亿元，同比增长3.50%。,青鸟消防：上半年净利1.45亿元 同比增长3.50%
591,2020-07-29 19:30:00,安奈儿绩快报，2020年度上半年亏损1430.6万元，同比下降125.41%。,安奈儿：上半年亏损1430.6万元 同比下降125.41%。
592,2020-07-29 19:29:00,ST慧业29日晚公告，全资子公司汽油机公司收到其客户B&S的通知，B&S已向美国破产法庭提交破产重整申请。截至7月20日，汽油机公司已与B&S签订协议但尚未交付的订单金额1119万美元，其中公司已形成的存货账面金额人民币6498万元。根据原协议，该订...,ST慧业：子公司的客户B&S向美国破产法庭提交破产重整申请
593,2020-07-29 19:27:00,路透：字节跳动的一些投资者对TikTok的收购报价估价为500亿美元，该出价为TikTok 2020年预计收入的50倍。(36氪),路透：字节跳动的一些投资者对TikTok的收购报价估价为500...
594,2020-07-29 19:27:00,中装建设晚间公告，与兴业银行深圳分行签署战略合作协议。兴业银行同意根据资金需求及经营管理和财务等状况向公司提供人民币 6亿元的意向性信用额度，并与公司开展 IDC、云计算和区块链方面的合作。,中装建设：与兴业银行股份有限公司深圳分行签署战略合作协议
595,2020-07-29 19:23:00,红宝丽发布公告称，2020年度上半年实现营业收入9.69亿元，同比下降20.88%；净利5182.41万元，同比增长32.86%。,红宝丽：上半年净利5182.41万元 同比增长32.86%
596,2020-07-29 19:22:00,据匈牙利中央统计局最新数据显示，因新冠肺炎疫情影响，匈牙利2020年第二季度失业率升至4.6%。2020年4至6月匈牙利平均失业人数为21.4万人，其中6月环比增加2.5万人；平均雇佣人数为440.8万，同比下降2.3%，即10.3万人；5月份雇佣人数开始增长，6...,匈牙利2020年第二季度失业率攀升至4.6%
597,2020-07-29 19:20:00,优博讯公告，公司与珠海复旦创新研究院于2020年7月28日签署了《共建“优博讯-珠海复旦创新研究院医药标识物联网创新技术联合实验室”的合作协议》。为落实公司在智慧医疗、工业互联网创新应用领域的战略布局，实现公司在药品行业的医用数据采集...,优博讯：与珠海复旦创新研究院签署共建联合实验室协议
598,2020-07-29 19:20:00,金杯电工发布公告称，2020年度上半年实现营业收入28.78亿元，同比增长9.2%；净利7810.42万元，同比下降11.1%。,金杯电工：上半年净利7810.42万元 同比下降11.1%
599,2020-07-29 19:19:00,乐普医疗：拟分拆所属子公司北京乐普诊断科技股份有限公司至科创板上市，本次分拆完成后不会影响对子公司乐普诊断的控制权,乐普医疗：拟分拆子公司乐普诊断至科创板上市
600,2020-07-29 19:19:00,青青稞酒晚间公告，因偿还融资借款需求，控股股东华实投资计划15个交易日后的6个月内，通过集中竞价交易方式减持不超1083万股，占公司总股本的2.4%。,青青稞酒：控股股东拟减持不超2.4%股份
601,2020-07-29 19:17:00,苹果、亚马逊、谷歌和Facebook四大科技巨头CEO将齐聚线上，在美国国会众议院接受监管机构的“拷问”。他们将就如何应对反垄断的挑战发表证词，以避免被拆分。,"四大科技巨头将受反垄断“拷问”,关乎是否被分拆"
602,2020-07-29 19:09:00,发改委就《中华人民共和国煤炭法（修订草案）》（征求意见稿）公开征求意见。在本次修法中，新增煤炭市场建设、价格机制等条款，提出建立和完善统一开放、层次分明、功能齐全、竞争有序的煤炭市场体系和多层次煤炭市场交易体系，以及由市场决定...,发改委就《中华人民共和国煤炭法（修订草案）》（征求意...
603,2020-07-29 19:08:00,康希诺生物：发行人和联席主承销商根据初步询价结果，综合考虑发行人基本面、市场情况、同行业可比上市公司估值水平、募集资金需求及承销风险等因素，协商确定本次发行价格为209.71元/股。,康希诺生物：确定本次发行价格为209.71元/股
604,2020-07-29 19:08:00,李克强主持召开国务院常务会议，部署进一步扩大开放稳外贸稳外资，决定深化服务贸易创新发展试点；推出支持农民工就业创业新举措，助力保就业保民生。,国常会：部署进一步扩大开放稳外贸稳外资
605,2020-07-29 19:03:00,吉利汽车7月29日晚间公告，股东大会审议通过议案：考虑及批准建议人民币股份发行及特别授权。,吉利汽车：股东大会通过人民币股份发行议案
606,2020-07-29 19:02:00,安徽建工业绩快报，2020年度上半年净利4.69亿元，同比增长20.41%。,安徽建工：上半年净利4.69亿元 同比增长20.41%
607,2020-07-29 19:01:00,深交所7月29日披露，创业板上市委员会定于8月4日召开第12次上市委员会审议会议，审议广东科翔电子科技股份有限公司、熊猫乳品集团股份有限公司、广联航空工业股份有限公司的首发申请。,创业板上市委员会：熊猫乳品等三家公司8月4日首发上会
608,2020-07-29 19:01:00,圣龙股份晚间公告，公司与新能源汽车的相关产品轮毂电机、混动变速箱等产品处于试制阶段，目前尚未量产。电子泵已有客户订单，预计将于2021年下半年量产，但占比较小。,三连板圣龙股份：新能源汽车的相关产品处于试制阶段目前...
609,2020-07-29 19:00:00,吉利汽车：股东大会通过考虑及批准建议人民币股份发行及特别授权的议案。,吉利汽车：股东大会批准人民币股份发行事宜
610,2020-07-29 18:57:00,Spotify公布了二季度财报。数据显示，第二季度营收18.89亿欧元，去年同期16.67亿欧元；归母净亏损3.56亿欧元，去年同期亏损7600万欧元；摊薄后每股亏损1.91欧元，去年同期亏损0.42欧元。月活跃用户数同比增长29%，至2.99亿；付费用户数同比增长2...,Spotify二季度净亏损3.56亿欧元，付费用户数同比增长27%
611,2020-07-29 18:53:00,7月29日，交通运输部部长李小鹏主持召开部务会。会议要求，要坚定不移抓好新型基础设施建设，让新技术给传统交通项目赋能，让交通项目成为“新基建”的主力军。要加强规划引领，积极谋划推动一批交通运输“新基建”项目落地。（交通运输部）,李小鹏主持召开部务会：赋能提效让交通成为“新基建”主力军
612,2020-07-29 18:49:00,君正集团7月29日晚间公告称，公司持有天弘基金15.60%的股权，为天弘基金第三大股东，蚂蚁金服为天弘基金第一大股东，除此之外公司与蚂蚁金服无其他关系，蚂蚁金服拟上市事项不会对公司生产经营产生影响。此外，公司向大安制药增资事项的工商变更...,君正集团：蚂蚁金服拟上市事项不会对公司生产经营产生影响
613,2020-07-29 18:47:00,深交所7月29日披露，创业板试点注册制当日受理7家企业IPO申请，具体名单为：何氏眼科、澳华集团、新柴股份、风光新材、信邦智能、江铃改装、东利机械。其中，江铃改装的控股股东、实际控制人为伍小林等，江铃集团目前持有江铃改装30%股份。,创业板试点注册制受理江铃改装等7家企业IPO申请
614,2020-07-29 18:43:00,据广电总局消息，7月24日，广电总局规划财务司赴北京台、爱奇艺、快手、利亚德等单位进行调研，了解广播电视和网络视听事业产业发展情况、面临的形势和问题及对“十四五”规划的意见建议。,广电总局赴爱奇艺、利亚德等单位进行调研
615,2020-07-29 18:38:00,麦迪科技晚间公告，累计收到各类政府补助资金487.30万元（未经审计），占公司最近一个会计年度经审计净利润的 10.34%。,麦迪科技：累计收到各类政府补助资金487.30万元
616,2020-07-29 18:34:00,为进一步提升指数可投资性，中证指数公司决定修订中证180ESG指数、中证香港300信息产业指数和中证香港300 TMT指数的编制方案。编制方案修订将于2020年8月20日实施。（中证指数有限公司）,中证指数公司修订中证180ESG指数等3条指数
617,2020-07-29 18:31:00,广田集团发布公告，2020年第二季度装修装饰业务新签订单金额37.21亿元，已中标尚未签约订单金额31.77亿元。,广田集团：2020年第二季度装修装饰业务新签订单金额37.21...
618,2020-07-29 18:26:00,古越龙山7月29日晚间公告，修订公司非公开发行股票方案，发行对象由“深圳市前海富荣资产管理有限公司及浙江盈家科技有限公司”调整为“不超过35名特定投资者”；本次发行的定价基准日由上市公司第八届董事会第十四次会议决议公告日调整为上市公...,古越龙山：调整定增方案 对发行对象、定价原则及限售期进...
619,2020-07-29 18:19:00,7月29日，湖北省委书记应勇，省长王晓东与中国移动通信集团董事长杨杰一行座谈交流。杨杰表示，湖北是信息产业重镇，中国移动将进一步发挥自身优势，不断深化双方在信息基础设施建设、信息产业发展、信息技术应用等领域的合作，加快5G网络建设步...,中国移动董事长杨杰：加快5G网络建设步伐 促进湖北相关战...
620,2020-07-29 18:16:00,世纪华通(002602)7月29日晚公告，公司拟将公开发行可转债的发行规模从不超过57亿元，调整为不超过77亿元。,世纪华通：拟将可转债发行规模上调至不超77亿元
621,2020-07-29 18:12:00,光启技术晚间公告称，公司收到关注函，因公司近期股价大幅上涨，深交所要求公司自查是否存在应披露未披露的事项，是否存在通过互动易等平台披露未公开的重要信息的情况。,光启技术：收到深交所关注函 7月股价涨幅高达125%
622,2020-07-29 18:11:00,"通润装备业绩快报,2020年度上半年净利6915万元，同比增长2.68%。",通润装备：上半年净利6915万元 同比增长2.68%
623,2020-07-29 18:11:00,高盟新材7月29日晚公告，公司合计持股5%以上的一致行动人股东汇森投资、唐小林、胡余友，计划十五个交易日后六个月内减持852万股，占公司总股本的2%。,高盟新材：股东拟减持2%股份
624,2020-07-29 18:11:00,广联达7月29日晚披露回购股份方案，回购的资金总额不低于2亿元且不超过4亿元，回购价格不超过80元/股。本次回购股份用于股权激励计划或员工持股计划。,广联达：拟2亿元至4亿元回购股份
625,2020-07-29 18:09:00,7月29日，记者从市调机构CINNO获悉，该机构数据显示，在中国智能手机市场，第二季度苹果iPhone销量约1300万部，环比增长195%。（中证网）,CINNO：二季度iPhone中国市场销量环比增长195%
626,2020-07-29 18:08:00,近日，我会按法定程序同意以下企业创业板首次公开发行股票注册：成都大宏立机器股份有限公司、安克创新科技股份有限公司、宁波卡倍亿电气技术股份有限公司、圣元环保股份有限公司。上述企业及其承销商将分别与深圳证券交易所协商确定发行日程，...,证监会同意4家企业创业板IPO注册
627,2020-07-29 18:03:00,劲嘉股份业绩快报，2020年度上半年净利4.15亿元，同比下降10.74%。,劲嘉股份：上半年净利4.15亿元 同比下降10.74%
628,2020-07-29 18:02:00,山东赫达业绩快报：2020年度上半年净利1.21亿元，同比增长50.71%。,山东赫达：上半年净利1.21亿元 同比增长50.71%
629,2020-07-29 18:01:00,益佰制药发布公告称，2020年度上半年净利1.21亿元，同比增长18.39%。公司拟向全体股东每10股派现3元（含税）。,益佰制药：上半年净利1.21亿元 同比增长18.39%
630,2020-07-29 18:01:00,万华化学公告，自2020年8月份开始，万华化学集团股份有限公司中国地区聚合MDI分销市场挂牌价15500元/吨（比7月份价格上调1500元/吨），直销市场挂牌价15500元/吨（比7月份价格上调1000元/吨）；纯MDI挂牌价17000元/吨（比7月份价格上调500元/吨）。,万华化学：上调2020年8月份中国地区MDI价格
631,2020-07-29 17:59:00,上海阳光医药采购网发布第三批国家药品带量采购相关文件，文件显示，共涉及56个品种，最高中标数为8家，不同品种采购周期从1年到3年不等，将于2020年8月20日在上海开标。,第三批国家药品带量采购正式发文启动，将于8月20日开标
632,2020-07-29 17:58:00,7月28日，湖北省委常委、武汉市委书记王忠林，武汉市委副书记、市长周先旺与万科集团董事会主席郁亮一行座谈。武汉市与万科集团签订了战略合作框架协议，确定万科集团在汉布局物业数字化运营总部和万纬冷链华中区域总部，参与武汉“轨道+城市”...,王忠林与万科郁亮座谈 万科集团在汉布局物业数字化运营总...
633,2020-07-29 17:58:00,*ST大晟大晟发布公告称，2020年度上半年实现营业收入2.11亿元，同比增长134.36%；净利3497万元。,*ST大晟：上半年净利3497万元
634,2020-07-29 17:55:00,中信证券业绩快报：今年上半年实现净利润89.26亿元，同比增长38.47%,中信证券业绩快报：上半年实现净利润89.26亿元 同比增长3...
635,2020-07-29 17:55:00,京新药业7月29日晚公告，近日，公司收到国家药监局核准签发的化学药品“盐酸普拉克索缓释片”【规格0.375mg、0.75mg】的《药品注册证书》，为国内首家获批厂家，并视同通过一致性评价，批准文号有效期至2025年07月20日。盐酸普拉克索缓释片是德...,京新药业：盐酸普拉克索缓释片获得药品注册批件 为国内首家
636,2020-07-29 17:55:00,天马科技发布公告称，2020年度上半年实现营业收入17.45亿元，同比增长103.96%；净利5664.92万元，同比增长7.83%。,天马科技：上半年净利5664.92万元 同比增长7.83%
637,2020-07-29 17:52:00,证监会同意以下企业科创板首次公开发行股票注册：北京铁科首钢轨道技术股份有限公司、西安瑞联新材料股份有限公司、成都苑东生物制药股份有限公司。,证监会同意3家公司科创板IPO注册
638,2020-07-29 17:45:00,新疆疫情防控新闻发布会通报：28日，新疆新增89例本土病例。目前，一些处于潜伏期的无症状感染者陆续出现临床症状，或CT出现新冠肺炎影像表现，成为确诊病例。今天报告的确诊病例中，无症状感染者转为确诊病例的比例较大，达到了43例，现有无症...,乌鲁木齐市现有无症状感染者数量有所下降
639,2020-07-29 17:41:00,据Teslarati报道，特斯拉计划本周在资产支持债券市场筹集7.8亿美元。该公司的债券将由特斯拉汽车租赁支持，主要由特斯拉Model S和Model X组成。特斯拉将发行八类债券，其中大多数都获得了评级机构穆迪投资者服务最高的AAA评级，最长到期时间是2....,特斯拉计划本周发行7.8亿美元汽车租赁ABS
640,2020-07-29 17:32:00,2020年是智慧交通落地的关键年，伴随5G等技术的发展将会催生新一代智慧交通。截至7月29日，以工商登记为准，天眼查专业版数据显示，今年上半年我国新增轨道交通相关企业超过8800家，较去年同比增长102%。值得注意的是，今年上半年新增的相关企业...,今年上半年我国轨道交通企业同比增长102%
641,2020-07-29 17:31:00,北上资金今日净流入77.31亿。格力电器、宁德时代、长春高新、东方财富净买入居前，分别获净买入14.18亿元、4.76亿元、3.31亿元、1.51亿元。净卖出五粮液13.82亿元、贵州茅台8.99亿元。,北上资金净流入77.31亿 格力电器净买入14.18亿
642,2020-07-29 17:28:00,飞天诚信连续三日涨停，公司7月29日晚公告，近期投资者非常关注数学货币情况，公司再次申明公司未参与中国人民银行的数字货币系统建设，公司也没有相关的业务收入。,三连板飞天诚信：未参与央行的数字货币系统建设
643,2020-07-29 17:28:00,7月29日，众安保险发布的2020年上半年健康险理赔服务报告显示，截至6月，众安健康险理赔服务在线申请比例高达91.4%，理赔直连服务平均1分钟结案。（上海证券报）,众安健康险发布上半年理赔报告：在线申请比例高达91.4%
644,2020-07-29 17:27:00,田中精机晚间公告，2020年度上半年净利1712万元，同比增长117.92%。,田中精机：上半年净利1712万元 同比增长117.92%
645,2020-07-29 17:26:00,海格通信7月29日晚公告，公司近日收到与特殊机构客户签订的订货合同，合同总金额约2.55亿元，合同标的主要为无线通信、北斗导航产品及配套设备。上述合同总金额占公司最近一个会计年度经审计的营业收入的5.53%。,海格通信：收到2.55亿元订货合同 涉及北斗导航产品等
646,2020-07-29 17:25:00,微医将香港IPO推迟至2021年初。（IFR）,微医将香港IPO推迟至2021年初
647,2020-07-29 17:24:00,游族网络29日在互动平台上表示，公司已获得《三体》系列小说于游戏开发、发行、改编以及衍生产品等权利，现相关项目处于立项前期，后续产品进度可关注公司官网及定期报告。,游族网络：公司已获得《三体》系列小说于游戏开发等权利
648,2020-07-29 17:24:00,特斯拉昨日向美国证券交易委员会递交了二季度文件，统计数据发现，特斯拉Q2的整体毛利率为24.4%，但除去监管信用收入及递延收入之后，毛利率仅为14.3%。,特斯拉Q2除去监管信用收入及递延收入之后毛利率仅为14.3%
649,2020-07-29 17:22:00,新华制药7月29日晚间公告，近日，公司收到国家药品监督管理局核准签发的盐酸苯海拉明片《药品补充申请批准通知书》，该产品通过仿制药质量和疗效一致性评价。公司成为国内盐酸苯海拉明片第二家通过仿制药一致性评价的企业。,新华制药：盐酸苯海拉明片（25mg）通过仿制药一致性评价
650,2020-07-29 17:18:00,记者7月29日从国家税务总局了解到，今年上半年，全国累计办理出口退（免）税8128亿元，有效减缓出口企业资金压力，降低出口企业资金成本。3月，财政部、税务总局发布《关于提高部分产品出口退税率的公告》，提高1464项产品出口退税率。其中，有1...,税务总局：上半年全国累计办理出口退（免）税8128亿元
651,2020-07-29 17:17:00,根据Grand View Research的一份最新报告，到2027年，全球人工智能在诊断领域的市场规模预计将达到30亿美元，复合年增长率为32.3%。（美通社）,报告：人工智能在线诊断领域市场规模将于2027年达到30亿美元
652,2020-07-29 17:17:00,胡锡进：美国在中国问题上无疑走了极端，国家安全的概念无限泛滥。中国的留学生都是特务，中美贸易是陷阱，中国人搞的5G技术是情报网络；美国现在对华是全政府攻击，抽风式向所有盟国喊话。,胡锡进：美国现在对华是全政府攻击，抽风式向所有盟国喊话
653,2020-07-29 17:14:00,飞亚达发布公告称，2020年度上半年实现营业收入15.82亿元，同比下降11.38%；净利7773.89万元，同比下降37.05%。,飞亚达：上半年净利7773.89万元 同比下降37.05%
654,2020-07-29 17:13:00,北京市委宣传部副部长徐和建在7月29日举行的北京市新冠肺炎疫情防控工作新闻发布会表示，北京将加强进口冷链食品监管，建立经营冰冻海产品、肉类的食品加工企业与检测机构送检制度。,北京将加强进口冷链食品监管
655,2020-07-29 17:11:00,栗战书主持召开十三届全国人大常委会第六十九次委员长会议，决定十三届全国人大常委会第二十一次会议8月8日至11日在京举行。,栗战书主持召开十三届全国人大常委会第六十九次委员长会...
656,2020-07-29 17:05:00,7月24日，中国民用航空局颁发紧急指令，要求国内航空公司对波音737NG和737CL系列飞机的发动机引气5级单向活门进行检查，国内波音737NG和737CL系列飞机共计1397架，其中73架需执行检查工作。截至2020年7月28日17时，所涉及的73架飞机均已完成检查...,民航局迅速完成1397架波音737飞机排查工作
657,2020-07-29 17:05:00,天铁股份晚间公告，公司与金华市金义东轨道交通有限公司签署3份合同，合同金额合计1.88亿元；与中铁十一局集团第三工程有限公司广州市轨道交通十八和二十二号线项目部签署1份合同，合同金额为1.17亿元。以上合同金额累计为3.05亿元。,天铁股份：签订合计3亿元重大合同
658,2020-07-29 17:04:00,美国有线电视新闻网获悉，俄罗斯打算在不到两周的时间内，成为世界上第一个批准冠状病毒疫苗的国家。俄罗斯官员表示，这种疫苗是由设在莫斯科的Gamaleya研究所研制的，争取在8月10日或更早的日期批准。（CNN）,俄罗斯计划在8月中旬之前批准世界上第一个新冠疫苗
659,2020-07-29 17:01:00,2019年中国电竞市场规模达982.2亿元，成全球最大电竞市场。（北京日报）,2019年中国电竞市场规模达982.2亿元
660,2020-07-29 17:01:00,沈阳化工7月29日晚间公告，全资子公司石蜡化工通知，因催化热裂解制乙烯装置发生设备故障临时停产。受此影响，石蜡化工除丙烯酸及酯装置继续生产外，其余装置均停产进行全面检修，预计停产时间持续两个月，实际停产时间视检修进展情况而定。根据...,沈阳化工：除丙烯酸及酯装置外 石蜡化工其余装置均停产检修
661,2020-07-29 17:00:00,达安基因2020年半年度业绩快报：上半年净利7.62亿元，同比增长1159.13%。受新型冠状病毒肺炎疫情影响，市场对新型冠状病毒核酸检测试剂盒及核酸检测仪器、相关耗材的需求量大幅度增长。,达安基因业绩快报：上半年净利同比增长超11倍
662,2020-07-29 17:00:00,万泰生物7月29日晚间公告，公司全资子公司万泰沧海授权赛诺菲巴斯德公司进行新型轮状病毒疫苗（主要用于预防A型轮状病毒引起的儿童腹泻）开发、生产及商业化。交易金额方面，预付款及里程碑款总金额6800万美金，其中包括1000万美金预付款及5800...,万泰生物：授权赛诺菲进行新型轮状病毒疫苗开发、生产及...
663,2020-07-29 16:57:00,航天长峰晚间公告，公司及所属子公司自2020年7月13日至7月28日收到的政府补助资金共计736.26万元。,航天长峰：收到政府补助资金共计736.26万元
664,2020-07-29 16:56:00,滨化股份2020年半年度业绩快报：上半年净利1742万元，同比减少93.03%。,滨化股份业绩快报：上半年净利1742万元 同比减少93.03%
665,2020-07-29 16:56:00,根据Global market Insights公司的一份最新研究报告，到2026年，全球食品封装市场收入预计将超过550亿美元。（美通社）,报告：食品封装市场将于2026年达到550亿美元
666,2020-07-29 16:55:00,根据Grand View Research的一份报告，到2027年，全球医疗泡沫市场规模预计将达到379亿美元，在预测期内的复合年增长率为7.5%。来自床上用品、医疗设备、包装和其他一些应用领域的产品需求上升，预计将推动市场增长。（美通社）,报告：医疗泡沫市场规模将于2027年达到379亿美元
667,2020-07-29 16:54:00,据香港电台等媒体29日消息，香港特区卫生防护中心传染病处主任张竹君表示，香港新增118例确诊病例，连续8日单日新增过百。其中113例为本地病例，累计病例达3003例。（海外网）,香港连续8日单日新增确诊病例过百
668,2020-07-29 16:51:00,健盛集团晚间公告，2020年度上半年净利5508万元，同比减少61.72%。,健盛集团：上半年净利5508万元 同比减少61.72%
669,2020-07-29 16:48:00,据日本放送协会NHK：日本新增至少1000例新冠肺炎确诊病例，创单日新增纪录新高。,日本新增至少1000例新冠肺炎确诊病例
670,2020-07-29 16:47:00,7月29日，大普通信与紫光国微签署战略合作协议，双方将在晶体晶振等领域全面深化合作，充分发挥各自优势，共同促进双方的业务发展和产品延伸，繁荣产业生态，占据5G先机。（蓝鲸财经）,大普通信与紫光国微达成战略合作，发力5G元器件市场
671,2020-07-29 16:46:00,盛通股份7月29日晚间公告，全资子公司的控股子公司乐益博教育与北视英特维签署《战略合作协议》，在“青少年人工智能素质培养知识付费类”等领域开展全面合作。双方将借助各类短视频媒体平台（例如但不限于抖音、快手、微视频等），做青少年科技...,盛通股份：子公司拟合作推进青少年人工智能素质培养知识...
672,2020-07-29 16:43:00,“毫无疑问，EC6和Model Y是直接竞争的，定价的时候蔚来考虑了长期的竞争策略。”在成都车展期间，蔚来汽车创始人、董事长、CEO李斌接受《每日经济新闻》记者采访时表示，基于车型的高端化定位，蔚来的目标是进入以欧洲和美国为主的主流高端市场...,EC6要与特斯拉Model Y长期竞争 李斌：蔚来已经过了“生死...
673,2020-07-29 16:42:00,世纪天鸿7月29日晚间公告，为满足公司未来业务发展的资金需求，优化公司资本结构，抓住市场机遇，增强综合竞争力，公司拟筹划非公开发行股票事项。本次发行预计不会导致公司控制权发生变化。,世纪天鸿：拟筹划非公开发行股票事项
674,2020-07-29 16:41:00,*ST节能7月29日晚间公告，公司股票已连续19个交易日（7月3日―7月29日）收盘价低于股票面值（一元），公司股票存在被终止上市的风险。根据相关规定，深市上市公司连续二十个交易日的每日股票收盘价均低于股票面值，深交所有权决定终止公司股票上...,*ST节能：股票收盘价已连续19个交易日低于1元
675,2020-07-29 16:40:00,据新华社贵阳7月29日电　记者日前从贵州省林业局了解到，今年以来，通过国家储备林项目的实施，贵州共开发就业岗位1.56万个，带动24.31万户66.09万人实现增收，户均增收1.8万元左右。,贵州今年国家储备林建设已带动66.09万人增收
676,2020-07-29 16:39:00,香港政府统计处今日（7月29日）发布2020年第二季的本地生产总值预先估计数字。根据预先估计数字，2020年第二季本地生产总值较上年同期实质下跌9.0%，而2020年第一季的跌幅为9.1%。本地生产总值下跌主要是由于内部及对外需求均持续疲弱所致。,香港预估第二季本地生产总值同比下跌9.0%
677,2020-07-29 16:35:00,由上海、江苏、浙江、安徽科协共同发起的长三角助力创新联盟29日成立，该联盟将助力长三角打造区域创新共同体，服务长三角一体化发展。（新华网）,长三角助力创新联盟成立
678,2020-07-29 16:33:00,北京市政府新闻发言人徐和建介绍，6月11日0时至7月28日24时，新发地聚集性疫情累计报告相关确诊病例335例，治愈出院311例，在院24例。尚在观察的无症状感染者4例。近期北京发生的境外输入确诊病例、京外输入确诊病例和密接者感染确诊病例，再一...,北京：疫情形势越是向好，越要严加防范、严防死守
679,2020-07-29 16:31:00,上海市台湾同胞投资企业协会行业工作委员会“家族”近日“添丁”。除了大健康和运动休闲行业工委会外，为台企谋求科创板上市提供支持和服务的科创行业工委会显得格外引人注目。这传递着一个信号：作为助力科技创新的资本市场新“通道”，开市一...,紧跟大陆转型步伐 台企瞩目科创板
680,2020-07-29 16:30:00,7月28日0时至24时，北京新增大连市疫情关联病例1例，为7月27日确诊的大连市疫情关联病例的密切接触者，是确诊病例的女婿。,北京新增大连市疫情关联病例1例
681,2020-07-29 16:29:00,东珠生态晚间公告，中标泰山区域山水林田湖草泮河徂汶景区段生态修复治理工程设计施工总承包，中标金额1.15亿元。,东珠生态：预中标泰山区域生态修复治理工程 中标金额1.15...
682,2020-07-29 16:29:00,百利电气7月29日晚公告，公司收到控股股东液压集团通知，百利装备集团以公开选择受让方的方式将持有的液压集团100%股权整体转让，接受一家或者多家组成联合体的形式受让股权。百利装备集团计划7月30日在天津产权交易中心系统中进行信息录入，7月...,百利电气：控股股东混改拟通过股权转让形式引入战略投资者
683,2020-07-29 16:28:00,指数全天持续震荡走高，创业板、深成指双双涨逾3%，科创50指数大涨5%，沪指涨逾2%，题材板块全线飘红，半导体、疫苗、券商等板块走强，两市个股普涨，下跌个股不足300家，涨停130余家，两市成交额再破万亿，北向资金净流入超百亿，市场氛围活跃。,涨停复盘：北向流入超百亿 题材热点多线开花
684,2020-07-29 16:27:00,布伦特原油期货涨超1%，报43.67美元/桶；WTI原油期货涨0.8%，报41.39美元/桶。,布伦特原油期货涨超1%
685,2020-07-29 16:24:00,乘联会统计，7月第四周（7月20日至26日），车市零售日均4.8万辆，同比增长20%，环比6月同期下降2%。7月1日至26日的总体零售同比增长5%，环比6月同期下降5%。乘联会统计指出，7月初车市走势不强，7月中旬，随着高考结束，加之海外出行变为国内自...,乘联会：7月第四周车市零售日均4.8万辆 同比增长20%
686,2020-07-29 16:22:00,“中国北斗卫星导航系统”微信公号7月29日消息，北斗卫星导航系统第55颗卫星（北斗三号系统地球静止轨道卫星）已完成在轨测试、入网评估等工作，于近日正式入网，使用测距码编号61提供定位导航授时服务。该卫星由中国空间技术研究院研制，于2020...,北斗三号系统最后一颗组网卫星已入网工作
687,2020-07-29 16:21:00,据中国科学院空天信息创新研究院，近日，科研人员已建成国内首个叶面积指数自动观测网络，可弥补传统地面测量方法在时空分辨率上的不足，其数据将对气候变化、生态环境、精准农业等领域的科研与实践产生重要影响。,国内首个面向卫星应用的叶面积指数自动观测网络建成
688,2020-07-29 16:18:00,华光环能晚间公告，公司中标靖江市供水、污水管网完善工程，中标金额2.05亿元。,华光环能：中标靖江市供水、污水管网完善工程 金额2.05亿元
689,2020-07-29 16:17:00,万里石晚间公告称，2020年第二季度合计新签订单金额2682万元，已中标尚未签约订单金额2427万元。,万里石：2020年第二季度装修装饰业务新签订单金额2682万元
690,2020-07-29 16:16:00,企查查显示，7月28日，华谊兄弟传媒股份有限公司全资子公司，天津华谊兄弟松悦酒店管理有限公司注销。该公司成立于2018年2月9日，注册资本为1000万元人民币，主要经营酒店管理及相关信息咨询服务、企业管理咨询等业务，法定代表人为王忠军。,华谊兄弟旗下一酒店管理公司注销
691,2020-07-29 16:16:00,7月第三批国产游戏版号正式出炉。7月29日，国家新闻出版署官网显示，共57款游戏获得游戏版号，其中7款为端游，19款为休闲益智类游戏，其余为手游。在该批版号中，腾讯NEXT Studios游戏《只只大冒险》（端游）、畅游的《黎明之海》、心动网络的《...,7月第三批国产游戏版号下发 腾讯西山居在列
692,2020-07-29 16:15:00,优刻得发布公告称，2020年度上半年实现营业收入9.12亿元，同比增长30.5%；净利亏损7693.59万元，同比止盈转亏。,优刻得：上半年亏损7693.59万元 同比止盈转亏
693,2020-07-29 16:14:00,热门中概股盘前普涨，富途控股涨2.49%，蔚来汽车(NIO.N)涨1.55%，携程(TCOM.O)涨0.97%，哔哩哔哩(BILI.O)涨0.78%，拼多多(PDD.O)涨0.69%，阿里巴巴(BABA.N)涨0.46%。,热门中概股盘前普涨 富途控股涨2.49%
694,2020-07-29 16:14:00,正海生物晚间公告，持股42.53%的控股股东、实际控制人秘波海拟减持不超过6%公司股份。,正海生物：控股股东、实际控制人拟减持不超过6%公司股份
695,2020-07-29 16:13:00,联诚精密晚间公告，2020年度上半年净利3407万元，同比增长38.10%。,联诚精密：上半年净利3407万元 同比增长38.10%
696,2020-07-29 16:11:00,科大智能发布公告称，2020年度上半年实现营业收入9.44亿元，同比减少27.43%；净利3954万元，同比减少19.38%。,科大智能：上半年净利3954万元 同比减少19.38%
697,2020-07-29 16:10:00,恒指早盘低开，全天宽幅震荡走高，截至收盘，恒指涨0.45%，报24883.14点，盘面上，科技、半导体板块表现强势，中电华大科技涨近13%，华虹半导体涨10.1%；中资券商股普涨，光大证券涨近10%，中信建投证券涨超8%；内地医药股活跃，康希诺生物涨近1...,港股收评：恒指午后走高收涨0.45% 内地医药股表现强势
698,2020-07-29 16:09:00,博敏电子发布公告称，2020年度上半年实现营业收入13.03亿元，同比增长17.73%；净利1.25亿元，同比增长20.73%。,博敏电子：上半年净利1.25亿元 同比增长20.73%
699,2020-07-29 16:08:00,28日，国务院国资委和广西壮族自治区党委、自治区政府召开“建设壮美广西，共圆复兴梦想”央企入桂视频会议。本次活动集中签约（含云签约）项目（协议）78个，总投资5496亿元。签约项目涵盖产业类、能源类、基础设施类、城市开发类等多个行业和...,央企入桂集中签约78个项目总投资5496亿元
700,2020-07-29 16:07:00,中信证券、中信建投昨日同日公告修改公司章程，市场猜测称，两家修订章程有不少相似之处，背后目的可能是为了合并重组。就此，记者多方求证后获悉，这一传闻属于无中生有。两家券商本次修订章程的内容完全不同，与合并重组不存在任何关系。根据...,中信证券、中信建投“为重组同时改章程”？回应来了
701,2020-07-29 16:07:00,宝钛股份发布公告称，2020年度上半年实现营业收入20.38亿元，同比增长3.67%；净利1.42亿元，同比增长28.64%。,宝钛股份：上半年净利1.42亿元 同比增长28.64%
702,2020-07-29 16:07:00,当地时间29日，根据国际航空运输协会最新的全球航空客运定期数据显示，航空客运的复苏比预期的更为缓慢，预计2024年，全球航空客运需求才能恢复到疫情之前的水平，比此前的预测晚了一年。（央视新闻）,国际航协：航空客运复苏缓慢 预计2024年才能恢复至疫情前...
703,2020-07-29 16:05:00,金现代晚间公告，公司中标2020 年协同攻关和体验推广中心项目，该项目预计总投资1亿元，本项目为国家工业和信息化部信息技术发展司项目，建成后将形成集系统验证、场景体验、方案推广等服务在内的系列验证体验平台。,金现代：收到国家工业和信息化部信息技术发展司项目中标...
704,2020-07-29 16:05:00,7月29日，全球权威知识产权第三方机构IPRdaily联合incoPat创新指数研究中心发布《2020上半年全球企业区块链发明专利排行榜》。榜单显示，阿里巴巴（支付宝）以1457件专利数继续位列第一，且总数超过2、3、4名之和，连续第四年蝉联区块链专利申请...,阿里巴巴旗下蚂蚁链上半年申请区块链专利1457件
705,2020-07-29 16:04:00,上海证券报记者7月29日从百联集团获悉，为延续上海“五五购物节”的消费热度，继续促进消费回补和潜力释放，百联集团将在8月和9月掀起一场“心有所‘暑’ 焕新回归――百联纵夏i购季”主题营销活动。,延续上海“五五购物节”热度 百联集团再推100场主题营销活动
706,2020-07-29 16:01:00,"盘面上看，今日两市全线上行。券商率先启动，其他权重股纷纷跟随，而创业板后来居上，市场迎来调整中难得的普涨，基本改变了此前市场连续调整的格局。当前国内市场并不缺钱，缺的仅仅是市场信心,从全球范围上来看，我国资本市场估值优势明显，作...",机构论市：外资回流市场成交重回万亿大关 结构性牛市浴火...
707,2020-07-29 16:01:00,美股柯达(DODK.N)盘前涨超63%，此前获得美国政府7.65亿美元用于仿制药生产的贷款。,美股柯达盘前涨超63%
708,2020-07-29 16:00:00,7月29日，有用户在使用美团支付时发现，美团月付和银行卡支付占据优先位置，而不再显示支付宝支付了，而微信支付和Applepay还在支付选择列表上。据悉，这不是美团第一次取消支付宝支付，2016年、2018年分别有过两次用户反映美团点餐无法使用支付...,美团取消支付宝支付
709,2020-07-29 15:57:00,澳美日前双部长会期间发表联合声明，在涉及香港、新疆、南海等问题上对中国无端指责和攻击。对此，中国外交部发言人汪文斌在29日的例行记者会上表示，中方注意到美澳举行的外长和防长的”2+2”磋商。一段时期以来，美澳两国渲染炒作所谓的中国威...,澳美联合声明对中国进行无端指责和攻击 外交部回应
710,2020-07-29 15:56:00,财政部：加快地方政府专项债券发行使用，力争在10月底前发行完毕，重点用于国务院常务会议确定的交通基础设施、能源项目、农林水利、生态环保项目、民生服务、冷链物流设施、市政和产业园区基础设施等七大领域,财政部：加快地方政府专项债券发行使用
711,2020-07-29 15:51:00,津巴布韦总统姆南加古瓦当地时间29日上午在其官方社交媒体账号上发布消息，宣布津巴布韦政府土地、农业和农村重新安置部长佩兰斯·希里在首都哈拉雷去世，享年65岁。（央视新闻）,津巴布韦政府农业部长希里因新冠肺炎去世
712,2020-07-29 15:50:00,工信部消息，7月28日，工信部信发司副司长王建伟参加工业数据分类分级应用试点工作推进线上交流会并讲话。下一步，信发司将继续按照“企业点突破、行业线贯通、地方面推广”的工作思路，指导行业加强宣贯培训，立足行业特征细化数据分类目录和分...,工信部：引导更多企业建立工业数据分类分级管理体系
713,2020-07-29 15:50:00,明泰铝业晚间公告，部分董事、高级管理人员因偿还参与股权激励购股的借款及缴纳股权激励解禁后的相关费用，拟减持公司股份，计划自本公告发布之日起 15 个交易日后的 6 个月内，减持不超过各自直接持有公司股份的 25%。计划减持总股数不超过299....,明泰铝业：董监高集中竞价减持公司股份不超过299.28万股
714,2020-07-29 15:50:00,7月29日，民政部举行第三季度例行新闻发布会。记者从会上获悉，中央财政从新增财政赤字和抗疫特别国债中，专门安排105亿资金用于支持地方做好低保、临时救助“扩围”工作。近日，财政部、民政部已将资金下拨各省（区、市）。（新京报）,中央财政安排105亿元支持地方低保和临时救助工作
715,2020-07-29 15:46:00,俄罗斯报告新增5475例新冠肺炎确诊病例，累计828990例。,俄罗斯报告新增5475例新冠肺炎确诊病例
716,2020-07-29 15:42:00,7月29日，复宏汉霖联合合作伙伴宣布，欧盟委员会已批准复宏汉霖自主开发和生产的曲妥珠单抗（HLX02，欧盟商品名：Zercepac）于欧盟上市，该药获得了原研药在欧盟批准的所有适应症：1）HER2阳性早期乳腺癌；2）HER2阳性转移性乳腺癌；3）HER2阳性...,复宏汉霖：首个“中国籍”曲妥珠单抗于欧盟获批上市
717,2020-07-29 15:42:00,截至6月末，全国新开工改造城镇老旧小区1.59万个，占年度目标任务（3.9万个）的40.4%，较5月末提高了21个百分点；涉及居民332.94万户，占年度目标任务（约700万户）的47.1%，较5月末提高了近22个百分点。其中，开工进展较快的地区：甘肃100%，河...,全国新开工改造城镇老旧小区1.59万个
718,2020-07-29 15:39:00,北京市第十五届人大常委会第二十三次会议29日审议的《北京市2020年国民经济和社会发展计划上半年执行情况的报告》显示，今年年底前，北京市将新增5G基站1.3万个，实现五环内和城市副中心室外连续覆盖。,北京：年底前新增5G基站1.3万个 五环内和城市副中心室外...
719,2020-07-29 15:39:00,7月28日，中电长城科技有限公司核准成立，中国长城科技集团股份有限公司为其全资大股东。企查查显示，中电长城注册资本10亿元，法定代表人为宋黎定，经营范围包括通信技术、通信终端设备、网络技术、电子产品、电子仪器的研发等业务。中国长城此...,中国长城10亿元成立科技新公司中电长城
720,2020-07-29 15:33:00,截至目前，中国平安、中国人寿、太平人寿等多家险企正在陆续披露其上半年重仓股名单。从大型险企重仓股名单来看，中国平安重仓了中旗股份，中国人寿重仓此前屡创新高的贵州茅台，太平人寿独家偏爱圣农发展。值得注意的是，中国人寿在上半年加仓...,中国人寿上半年加仓贵州茅台14.68亿 中国平安重仓中旗股份
721,2020-07-29 15:32:00,据“歙县发布”公众号7月28日消息，“7·7”洪灾过后，我县第一时间成立工业企业救灾领导组，分片分区网格化开展救灾及灾后恢复工作，园区受灾企业复工复产工作快速推进。,安徽歙县已有152户受灾企业恢复生产 提前完成复产目标
722,2020-07-29 15:26:00,国际会计师事务所德勤对全球新能源汽车未来提出乐观预期，预计2030年，全球可以售出3100万辆新能源汽车，占届时汽车总销量的三分之一。,德勤上调2030年全球新能源汽车销量预期至3100万辆
723,2020-07-29 15:21:00,光大期货研究所有色金属总监、贵金属资深研究员展大鹏表示，白银近期表现好于黄金，并非完全出于基本面的因素，更多出于资金的推动作用，这点我们从白银ETF近期迅猛增仓可窥一二。究其原因，一是金银比本身就有向下修复的需求，二是银随金动，当...,光大期货：白银近期表现好于黄金更多出于资金推动作用
724,2020-07-29 15:16:00,据上海土地市场消息，7月29日，位于上海市浦东新区黄浦江南延伸段前滩地区Z000801单元54-01地块进入现场竞价阶段，上海佳章置业有限公司经过100轮竞价、以49.11亿元总价竞得该地块，溢价率为34.58%，成交楼板价为57201元/平方米。该地块有效申请...,陆家嘴击败融信49亿竞得上海前滩宅地 单价5.7万/平米
725,2020-07-29 15:04:00,上周，蚂蚁集团宣布，计划在香港交易所和上交所科创板两地同步上市。据匿名知情人士透露，在蚂蚁集团2018年上一轮融资活动中，Silver Lake Management LLC、华平投资以及凯雷投资集团是最大的美国参投人，出资额都至少在5亿美元。Bernstein估测...,知情人士：一批美国私募基金将在蚂蚁集团IPO后获利40%
726,2020-07-29 15:03:00,德国DAX指数开盘下跌9.73点，跌幅0.08%，报12835.28点；英国富时100指数7月29日开盘上涨14.06点，涨幅0.23%，报6129.26点；法国CAC40指数7月29日开盘上涨25.10点，涨幅0.51%，报4928.94点。,欧股开盘 英国富时100指数开涨0.23%
727,2020-07-29 15:01:00,【收盘气象】指数全天持续走高，创业板、深成指双双涨逾3%，科创50指数大涨5%，题材板块全线飘红，半导体、疫苗、券商等板块走强，两市个股普涨，涨停130余家，两市成交额再破万亿，北向资金净流入超百亿。,收评：创业板大涨近4% 题材板块全线飘红
728,2020-07-29 14:59:00,同花顺数据显示，按余额规模口径统计，截至目前北向资金净流入超100亿元，其中沪股通流入超14亿元，深股通流入超85亿元。,北向资金净流入超100亿元
729,2020-07-29 14:57:00,据中国移动采购与招标网消息，中国移动公示2020年至2021年NFV彩铃平台设备集中采购中标候选人，华为、杭州东信北邮、东方通信入围。,中国移动公示NFV彩铃平台设备集采中标候选人 华为、东方...
730,2020-07-29 14:52:00,沪深两市成交额再度突破万亿元。,沪深两市成交额再度突破万亿元
731,2020-07-29 14:48:00,沪指尾盘涨幅扩大至2%。,沪指尾盘涨幅扩大至2%
732,2020-07-29 14:46:00,市场监管总局就《关于加强网络直播营销活动监管的指导意见（征求意见稿）》公开征求意见。其中明确网络主播的法律责任，自然人、法人或其他组织在网络直播营销活动中为商品经营者提供直播服务，直播内容构成商业广告的，应根据其具体行为，按照...,市场监管总局就加强网络直播营销活动监管公开征求意见
733,2020-07-29 14:44:00,小米集团公布了最新高管任命：任命曾学忠出任集团副总裁、手机部总裁，负责手机产品的研发和生产工作，向集团董事长兼CEO雷军汇报。 据了解，曾学忠曾任中兴通讯执行副总裁、中兴手机CEO，和紫光集团全球执行副总裁、紫光股份总裁、紫光展锐CEO。,中兴曾学忠出任小米手机部总裁
734,2020-07-29 14:44:00,A股尾盘持续走高，深成指涨幅达3%，沪指涨1.9%，创业板指涨3.6%。,深成指涨幅达3%
735,2020-07-29 14:42:00,据中恒电气消息，工信部“2020年工业互联网创新发展工程――工业互联网平台应用创新推广中心项目”于7月14日公布中标候选人，子公司中恒博瑞作为联合体企业之一为排序第二中标候选人成功中标。该项目总预算约1亿元人民币，其中预期国拨资金3000...,中恒电气：子公司中标工信部工业互联网创新发展工程项目
736,2020-07-29 14:40:00,从中国铁建股份有限公司获悉，29日，陕西省重点交通扶贫项目，西乡至镇巴高速公路重点控制性工程――西乡隧道顺利贯通。至此，连接陕南革命老区的西镇高速公路全线贯通。（新华社）,陕西省重点交通扶贫项目西镇高速公路全线贯通
737,2020-07-29 14:34:00,据自然资源部7月29日消息，2019年，我国油气勘查开采投资大幅增长，勘查投资达到历史最高。油气勘查发现势头良好，找矿取得多项重要突破，油气探明储量大幅增加，新增2个亿吨级油田、3个千亿方级天然气田、3个千亿方级页岩气田；油气开采继续呈...,2019年我国油气勘查开采投资大幅增长 勘查投资达到历史最高
738,2020-07-29 14:33:00,国务委员兼外长王毅同日本外相茂木敏充通电话。王毅指出，要加强各层级各渠道对话交流。双方要推进既有磋商对话机制，鼓励两国各部门、各行业和民间地方以稳妥方式增进交流互动，加快打造双边人员交往“快捷通道”，为此提供便利条件。努力确保...,王毅同日本外相茂木敏充通电话
739,2020-07-29 14:30:00,据财政部7月29日消息，近年来，中央财政认真贯彻落实党中央、国务院决策部署，完善优化国家出版基金投入机制，坚持围绕中心、服务大局，鼓励创新、力推精品，持续加大投入力度，推动出版业深化改革和高质量发展。截至目前，中央财政共安排国家出...,中央财政累计安排国家出版基金54.24亿元 支持推出出版精...
740,2020-07-29 14:26:00,上海推进科技创新中心建设办公室今天举行第十二次全体会议，市委副书记、市长龚正，国家发改委副主任林念修分别在上海、北京会场主持视频会议并讲话。龚正指出，要着力提升张江综合性国家科学中心的集中度和显示度，加快组建国家实验室，推进大...,上海市市长龚正：着力推进集成电路、人工智能、生物医药...
741,2020-07-29 14:26:00,为了继续防控新冠肺炎疫情，意大利将原定于7月31日到期的国家紧急状态延长至10月15日。为应对疫情，意大利从1月31日开始实施为期六个月的国家紧急状态。（澎湃新闻）,意大利总理：国家紧急状态延长至10月15日
742,2020-07-29 14:21:00,权益配置加加加，这些股票是“心头好”！详情>>>,【热点】万亿资管航母加速驶向A股！
743,2020-07-29 14:21:00,神州数码在互动平台表示，公司是阿里云钻石合作伙伴、首批全国总经销商以及MSP核心合作伙伴身份。,神州数码：是阿里云钻石合作伙伴、首批全国总经销商
744,2020-07-29 14:14:00,同有科技在互动平台表示，公司与中兴通讯股份有限公司已形成全面战略合作伙伴关系，未来将充分发挥各自领域的人才、技术及市场等资源优势，进行广泛战略合作。 公司将继续增强与上下游龙头企业的协同合作，坚持与合作伙伴共同推进存储系统关键技...,同有科技：与中兴通讯已形成全面战略合作伙伴关系
745,2020-07-29 14:06:00,纽约当地时间7月28日，美国快餐巨头麦当劳表示，拟出售通过集团公司持有的日本麦当劳控股股份中一部分。持股比例将从近50%降至35%左右。此举旨在提高财务的灵活度。（中新经纬）,麦当劳拟减持日本业务股权至35%
746,2020-07-29 14:03:00,国债期货跌幅扩大，10年期主力合约跌0.26%，5年期主力合约跌0.13%。,国债期货跌幅扩大 10年期主力合约跌0.26%
747,2020-07-29 14:01:00,日经225指数收跌1.15%。,日经225指数收跌1.15%
748,2020-07-29 14:00:00,为规范食品标识的标注，《食品标识监督管理办法（征求意见稿）》在国家市场监管总局网站上公开征求意见。征求意见将一直持续到8月26日。（北京日报）,食品包装将出新规：转基因食品显著标示 保健食品明示“不...
749,2020-07-29 13:59:00,日前，由中国信通院等机构发布的《中国生活服务业数字化发展报告(2020年)》(以下简称《报告》)显示，2019年，我国服务业数字经济占行业增加值比重已达38%，在三次产业中数字化水平最高、转型速度最快。（中国新闻网）,中国服务业数字经济占行业增加值比重已达38%
750,2020-07-29 13:57:00,据消息人士透漏，蚂蚁花呗内部正孵化一款新的信用付产品，内部名称为“月月付”，目前已向少量用户开放。据了解，与花呗分期不同的是，这款新产品目前分成10期，未来可能最多分24期，用户按月支付货款，而且没有任何利息。（新浪科技）,蚂蚁花呗上线可全年免息新产品 目前已进入灰测阶段
751,2020-07-29 13:54:00,科创50指数涨幅扩大至5%。,科创50指数涨幅扩大至5%
752,2020-07-29 13:53:00,华为概念异动拉升，风华高科涨8%，彩讯股份、合力泰、晶方科技等跟涨。,华为概念异动拉升
753,2020-07-29 13:48:00,近日，华为内部刊登了一篇轮值CEO徐直军的讲话，标题为《打造全球第三个智能终端生态，把不可能变成可能》，文章机密等级为内部公开。搜狐科技从华为内部人士处了解到，徐直军表示，随着HMS core5.0版本发布，九个月的松湖会战告一段落，已经完...,华为将HMS生态优先级提升至最高 目前已有2500个应用 
754,2020-07-29 13:47:00,包括微软、Adobe、联想、AMD、高通、联发科、通用电气、任天堂、迪士尼等50家公司在内的源代码被泄露上网。开发人员Tillie Kottmann在受访时称，因为不安全的DevOps应用程序导致公司专有信息暴露，他已经撤回源代码。（新浪科技）,微软等50多家科技公司源代码泄露
755,2020-07-29 13:46:00,金达威在互动平台表示，官网介绍的金达威辅酶Q10被国家工信部认定为单项冠军产品消息属实。,金达威：金达威辅酶Q10被国家工信部认定为单项冠军产品消...
756,2020-07-29 13:44:00,从德联集团获悉，公司日前以1.2亿元参投佛山尚颀德联汽车产业基金。基金主要投资方向为以汽车电子为主的汽车核心零部件、车用新材料、汽车后市场、汽车节能环保技术。德联集团表示，该基金有助于公司实现在汽车产业内的战略布局，同时充分借助外...,德联集团：1.2亿元参投佛山尚颀德联汽车产业基金
757,2020-07-29 13:42:00,陕西银保监局批复榆林榆阳农商行与横山农商行合并新设榆林农商行。,榆林榆阳农商行与横山农商行合并新设榆林农商行
758,2020-07-29 13:31:00,中国移动咪咕公司在上海国际电影节“四分钟凝聚影像力量”短视频单元上宣布启动“千人5G创作合伙人计划”与“万众视频彩铃创作大赏计划”。,咪咕公司启动“千人5G创作合伙人计划”
759,2020-07-29 13:28:00,港股泰格医药次日招股，反应强烈，录得480.8亿元孖展认购，超额认购80.7倍。综合券商数据显示辉立占160亿元、富途占112.4亿元、耀才占98亿元。市场消息指，国际配售录得数倍超额认购。（香港经济日报）,泰格医药次日孖展录481亿 超购近81倍
760,2020-07-29 13:25:00,当地时间周二，在美国众议院反垄断委员会举行听证会前，苹果公司首席执行官蒂姆·库克(Tim Cook)发布了书面声明。他告诉正在调查苹果市场主导力量的国会议员，苹果的应用商店为开发者打开了“更大的大门”，并没有扼杀竞争。（腾讯科技）,库克提交书面声明回应反垄断：苹果不会做出任何让步
761,2020-07-29 13:20:00,英国周三表示，已与赛诺菲和葛兰素史克签署了一份至多6000万剂COVID-19疫苗的供应协议，这是英国签署的第四份此类协议。（路透社）,英国签署6000万剂赛诺菲/葛兰素史克COVID-19疫苗供应协议
762,2020-07-29 13:16:00,记者从北京市重大项目办获悉，作为北京2022年冬奥会国际广播中心和主新闻中心的国家会议中心二期主体工程，历时31天顺利完成了钢结构屋盖滑移工程，实现合拢。据悉，建成后的国家会议中心二期将与国家会议中心一期连为一体，形成总规模达130万平...,北京冬奥这个配套建筑“盖盖儿”，明年7月交付使用
763,2020-07-29 13:13:00,世界银行当地时间28日发布的《中国经济简报：砥砺前行：应对新冠疫情影响，推进中国改革议程》中说，受疫情影响，预计今年全球经济将大幅萎缩，90%以上的新兴市场和发展中经济体将出现人均收入下降。尽管各大经济体出台了前所未有的刺激政策，全...,世行报告称中国经济增速将于2021年回升至7.9%
764,2020-07-29 13:07:00,启信宝数据显示，7月28日，中联京华文化传播（北京）有限公司发生投资人变更，其中阿里巴巴董事局主席张勇、阿里巴巴集团CPO蒋芳一齐退出，退出前，两人各自认缴金额为500万人民币。目前，公司股东变更为北京宝轩影橙文化有限公司，认缴出资1000...,张勇、蒋芳退出中联京华文化传播公司股东行列
765,2020-07-29 13:06:00,知识产权第三方机构IPRdaily联合incoPat创新指数研究中心发布《2020上半年全球企业区块链发明专利排行榜》显示，阿里巴巴(支付宝)以1457件专利数位列第一，腾讯位列第二，浪潮位列第三。,IPRdaily发布全球区块链专利榜单：阿里第一 腾讯第二
766,2020-07-29 12:58:00,近期，又有海外巨头旗下的公司备案成为外商独资的私募证券投资基金管理人（WFOE PFM），就是鲍尔赛嘉（上海）投资管理有限公司，其母公司为加拿大鲍尔公司，是一家有着近百年历史的全球知名金融投资公司、全球500强企业之一，其还是华夏基金的第...,又有外资巨头来中国
767,2020-07-29 12:57:00,刚刚，北上资金紧急抢筹A股！详情>>>,【研判】新一轮上攻开始？A股全线反弹
768,2020-07-29 12:51:00,印度报告新增48513例新冠肺炎确诊病例，累计153万例。,印度报告新增48513例新冠肺炎确诊病例
769,2020-07-29 12:48:00,统计显示，当前两市共有近百家上市公司披露了半年报，证金、汇金公司共现身19家公司前十大流通股东名单，最新持股市值394.8亿元，较一季末时对上述股票的合计持仓市值增加了121亿元。证金、汇金公司共对4股持仓市值超过10亿元，分别是贵州茅台、...,二季度以来 国家队累计获益约120亿元
770,2020-07-29 12:45:00,泰国报告新增1例境外输入型新冠肺炎确诊病例，累计3298例。,泰国报告新增1例境外输入型新冠肺炎确诊病例
771,2020-07-29 12:41:00,特斯拉(TSLA.O)CEO马斯克周二表示，该公司对软件授权、动力总成和电池供应持开放态度。特斯拉曾在单独的合伙协议下，为梅赛德斯和丰田7203提供电池。分析人士和行业官员表示，电池制造是美国电动汽车制造商与传统汽车制造商相比具有竞争优势的一...,马斯克：愿意向其他汽车制造商提供电池
772,2020-07-29 12:36:00,冠农股份7月29日在互动平台表示，由于公司的番茄产品已全部销售完毕，因此前段时间法国出现的番茄病毒未对公司番茄酱出口产生影响。,冠农股份：法国出现的番茄病毒未对公司番茄酱出口产生影响
773,2020-07-29 12:32:00,俄罗斯计划在8月上旬批准一款新冠病毒疫苗投入使用，假使疫苗届时被批准，那么俄罗斯将成为世界上第一个批准新冠病毒疫苗投入使用的国家。然而，美国有线电视新闻网（CNN）刊文指出，俄罗斯至今没有公布关于这款疫苗的测试数据，其宣称的安全性...,美媒：俄8月拟批准新冠疫苗上市，安全性仍待验证
774,2020-07-29 12:22:00,绿茵生态：公司与全资子公司天津百绿园林景观设计有限公司中标小站镇2020年造林绿化工程(1标段)项目，中标价格为9423.49万元。瑞丰光电：向特定对象发行股票申请获深交所受理。国脉科技：公司于7月28日与厦门国际银行签订合同，分两笔合计使用3...,7月29日午间公告一览：绿茵生态中标9423万元造林绿化工程...
775,2020-07-29 12:21:00,海南省29日举办“加快休闲渔业健康发展”新闻发布会。海南省农业农村厅乡村产业发展处处长冯松涛表示，今年5月，省农业农村厅已致函各市县政府，推动开展休闲渔业试点，目前已收到11个市县的申请。下一步，省农业农村厅将根据试点实施方案进行调...,海南：今年9月将实现休闲渔业首航
776,2020-07-29 12:10:00,恒指早盘低开，整体呈宽幅震荡格局，截至午盘，恒指涨0.12%，报24801.94点，黄金及贵金属板块早盘高开，随后震荡走低，中国黄金国际涨近5%，创投概念、中资券商股早盘表现强势，康希诺生物涨超10%，国盛投资涨近10%，中信建投证券涨逾6%；中国圣...,港股午评：恒指上午收涨0.12% 报24801.94点
777,2020-07-29 12:02:00,7月28日，广东省住建厅联合省发改委、财政厅、自然资源厅、中国人民银行广州分行、中国银保监会广东监管局印发《关于因地制宜发展共有产权住房的指导意见》，对全省共有产权住房建设、分配、供后管理进行指导。《意见》明确，共有产权住房目前面...,广东：共有产权房供应对象为城镇无房家庭 每户限购一套
778,2020-07-29 11:54:00,近日，泰国True集团与中兴通讯签署5G商用合同，采用中兴通讯5G全系列产品和服务，在泰国建设5G商用网络。通过部署超低时延，超多通道，超大带宽的5G产品和技术，True有望迅速提升无线网络系统容量和用户体验，在2020年建设一张东南亚领先的5G网络。,泰国True与中兴通讯合作建设5G商用网络
779,2020-07-29 11:43:00,日经225指数跌1%。,日经225指数跌1%
780,2020-07-29 11:38:00,摩根士丹利发表研究报告，指复星国际发盈警料上半年纯利跌71%至76%，符该行预期，主因新冠疫情对其旅游业务影响大于预期，上半年由盈转亏；另其金融资产录按市值计价亏损，该行估算约40亿元人民币，主因广泛金融市场倒退。该行在降低复星国际上...,大摩：下调复星国际目标价至10港元 评级与大市同步
781,2020-07-29 11:31:00,【午盘气象】指数早盘低开高走，创业板指一度涨逾3%，科创50涨逾3%，题材概念多数飘红，券商、疫苗医药板块强势领涨，整体上个股超3000家上涨，涨停60余家，市场氛围较昨日明显好转。,午评：指数早盘低开高走 疫苗医药股大涨
782,2020-07-29 11:26:00,全球权威知识产权第三方机构IPRdaily联合incoPat创新指数研究中心今天发布的《2020上半年全球企业区块链发明专利排行榜》显示，阿里巴巴（支付宝）、腾讯、浪潮占据前三，其中阿里巴巴（支付宝）以1457件专利数继续位列第一，而美国的IBM位居第...,上半年全球企业区块链发明专利排行榜：中国公司占据前三
783,2020-07-29 11:23:00,记者28日从天津市科学技术局获悉，未来5年，天津将通过政府专项投资的方式，引育不少于100家的高成长初创科技型企业，加快天津产业布局和科技创新。（新华社）,天津：未来5年通过“政府专投”方式引育不少于100家高成...
784,2020-07-29 11:21:00,格林美股份有限公司近日透露，该公司今年将在武汉、荆门两大园区各投资10亿元，扩大生产，助力湖北疫后重振，力争用5年至10年的时间，再造一个年产值百亿园区。其中，荆门园区投资10亿元，加码三元前驱体材料制造和动力电池回收利用；武汉园区投...,格林美在湖北新增投资20亿元
785,2020-07-29 11:17:00,7月28日，中国高成长企业发展论坛在天津举行，长城战略咨询发布了《2019年中国独角兽企业研究报告》以及2020年新晋独角兽企业榜单。其中，青岛有6家独角兽企业成功入选，分别为聚好看、特来电、日日顺、卡奥斯、能链集团和伟东云教育。这个数字...,青岛新增三家独角兽企业 全部出自崂山
786,2020-07-29 11:15:00,科创50指数涨超4%。,科创50指数涨超4%
787,2020-07-29 11:12:00,7月28日，河南省省长尹弘在郑州与中国太平洋保险（集团）股份有限公司董事长孔庆伟举行会谈，就加强金融、保险等领域合作深入交流。会谈后，河南省政府与中国太保集团签署《关于促进中部地区崛起与黄河流域生态保护和高质量发展战略合作协议》。...,河南省政府与中国太保集团签署战略合作协议
788,2020-07-29 11:11:00,创业板指涨幅进一步扩大至3%，行业板块普遍飘红，生物制药、券商板块领涨。,创业板指涨幅扩大至3%
789,2020-07-29 11:09:00,德国报告新增684例新冠肺炎确诊病例，累计206926例，新增6例死亡病例，累计达9128例。,德国报告新增684例新冠肺炎确诊病例
790,2020-07-29 11:09:00,企查查资料显示，7月28日，东风汽车集团股份有限公司控股公司东风标致雪铁龙融资租赁有限公司董事长发生变更，公司原董事长乔阳退出，马华接任。,东风集团旗下一融资租赁公司人事变更 马华接替乔阳出任董...
791,2020-07-29 11:08:00,港股中国圣牧涨幅扩大至100%，此前获蒙牛增持成单一最大股东。,港股中国圣牧涨幅扩大至100%
792,2020-07-29 11:08:00,同花顺数据显示，按余额规模口径统计，截至目前北向资金净流入超80亿元。,北向资金净流入超80亿元
793,2020-07-29 11:05:00,7月28日，在宁波市北仑区召开的浙江省小微企业园建设现场推进会上，记者了解到，今年全省要新增小微企业园200个以上，新开工150个以上，新增入园企业1万家。（浙江日报）,浙江今年计划新增小微企业园逾200个
794,2020-07-29 11:03:00,2020年7月29日，国际中文智能学习平台Super Chinese宣布完成千万级人民币Pre-A轮融资，投资方为青松基金。据Super Chinese创始人兼CEO唐希介绍，本轮融资将主要用于下一阶段辅导课程的研发以及全球汉语学习市场的拓展。,Super Chinese获青松基金千万级Pre-A轮投资
795,2020-07-29 11:01:00,7月29日，中国社区零售品牌十荟团宣布完成8000万美元C2轮融资，本轮融资由鼎晖投资领投，GGV纪源资本、渶策资本、民银国际跟投。高鹄资本担任独家财务顾,十荟团完成8000万美元C2轮融资 鼎晖投资领投
796,2020-07-29 11:01:00,据生意社数据监测，2020年豆粕二季度连跌三个月，价格大跌超16%。7月以来，豆粕价格触底回升，震荡上涨为主，截至7月28日，豆粕市场均价3072元/吨，较7月初价格上涨7.62%。生意社农产品分析师李冰认为，由于基本面上豆粕压力仍在，后市仍将保持...,生意社：7月豆粕迎来反弹行情
797,2020-07-29 10:58:00,同花顺数据显示，按余额规模口径统计，截至目前北向资金净流入超70亿元，其中沪股通流入超18亿元，深股通流入超52亿元。,北向资金净流入超70亿元
798,2020-07-29 10:55:00,美国疾控中心主任美国疾病控制与预防中心主任罗伯特.雷德菲尔德28日在接受美国广播公司新闻采访时首次承认，美国对来自欧洲的新冠病毒威胁认识缓慢。雷德菲尔德说，欧洲新冠病毒流入美国，是在美方意识到问题出现之前发生的。（澎湃）,美疾控中心主任首次承认：疫情主要来自欧洲
799,2020-07-29 10:54:00,工信部公布2019年企业上云典型案例遴选结果，确定数字工厂云平台等40个案例为2019年度企业上云典型案例。其中，阳光电源、三只松鼠、宇通客车、波司登等多家A、H股上市公司申报的案例在列。,多家上市公司入选工信部2019年度企业上云典型案例
800,2020-07-29 10:47:00,28日，《湖南省推进湘赣边区域合作示范区建设三年行动计划(2020-2022年)》对外公布。湖南省将在示范区湖南范围内推进100个重点项目，总投资2897亿元。（湖南日报）,湖南省发布湘赣边区域合作示范区建设方案
801,2020-07-29 10:45:00,据海关总署网站消息，2020年1至6月，全国海关继续保持打击侵权高压态势，深入开展知识产权保护“龙腾行动2020”、寄递渠道知识产权保护“蓝网行动”，以及出口转运货物知识产权保护 “净网行动”，共采取知识产权保护措施2.36万批次，扣留侵权嫌...,上半年全国海关共采取知识产权保护措施2.36万批次
802,2020-07-29 10:45:00,黄金概念异动拉升，豫光金铅涨停，恒邦股份、银泰黄金、西部黄金、山东黄金等跟涨。,黄金概念异动拉升
803,2020-07-29 10:41:00,关于百度网盘分拆上市传闻，百度方面向第一财经回复称：不予置评。,关于百度网盘分拆上市传闻，百度方面向第一财经回复称：...
804,2020-07-29 10:40:00,国税局发布关于完善调整部分纳税人个人所得税预扣预缴方法的公告：对一个纳税年度内首次取得工资、薪金所得的居民个人，扣缴义务人在预扣预缴个人所得税时，可按照5000元/月乘以纳税人当年截至本月月份数计算累计减除费用。,国税局发布关于完善调整部分纳税人个人所得税预扣预缴方...
805,2020-07-29 10:37:00,港股华为概念股走强，中国软件国际涨超6%，中兴通讯涨3.4%，中国联通涨2.12%，比亚迪电子与瑞声科技涨超近2%。,港股华为概念股走强
806,2020-07-29 10:36:00,泰国旅游部数据显示，由于新冠疫情期间边境仍然关闭，1月至6月期间泰国的入境游客数量同比下降66％，至669万。外国游客的消费为3320亿泰铢（合105.4亿美元），同比下降65％。（路透社）,泰国游客入境量在1月至6月同比下降66％
807,2020-07-29 10:33:00,2020可信云大会29日召开。工业和信息化部信息通信发展司司长闻库表示，要加快云计算基础设施建设布局。当前，新需求、新技术、新业态仍加速迭代，如火如荼的新基建、稳步推进的数字化转型、突如其来的疫情防控工作，都为云计算产业带来了全新的...,工信部：加快云计算基础设施建设布局
808,2020-07-29 10:32:00,深成指涨超2%，创业板指涨2.6%，沪指涨1.3%。,深成指涨超2%
809,2020-07-29 10:31:00,中信建设：免税行业龙头目前的竞争优势仍非常稳固，主要体现在对供应商的议价权以及渠道等优势，在长期的运营中也逐渐形成运营和管理经验的壁垒。短期看，牌照的壁垒或依然强势，短期或难产生大量的入局者，新进入的牌照和玩家也都需要一定的培...,中信建设：免税行业短期或难产生大量入局者
810,2020-07-29 10:30:00,韩国表示，正在调查美国汽车制造商特斯拉生产的汽车涉嫌存在的安全问题。一名交通运输部官员周三表示，包括自动驾驶功能在内的刹车和转向系统是调查的一部分。（路透社）,韩国启动对特斯拉汽车的安全调查
811,2020-07-29 10:28:00,中信建投：免税牌照的发展总体上仍具有很大的不确定性，长期来看，国内免税行业应当会趋向健康的有限竞争格局。目前，新落地的牌照仅王府井，其他牌照尚不确定，免税行业的区域特性在原先也有体现，如区域性免税运营商珠免、深免、海免等，都具...,中信建投：长期来看国内免税行业会趋向健康的有限竞争格局
812,2020-07-29 10:27:00,28日上午，湖北省委书记应勇，省委副书记、省长王晓东与万科集团董事会主席郁亮一行座谈交流。郁亮表示十分看好湖北未来，将积极助力湖北打好疫后重振的民生保卫战和经济发展战，在住宅开发、轨道+物业、长租公寓、冷链物流、旧城改造、冰雪度假...,万科郁亮：加大在鄂投资布局与项目建设力度
813,2020-07-29 10:27:00,北向资金净流入达50亿元,北向资金净流入达50亿元
814,2020-07-29 10:27:00,当地时间7月28日，美国电子消费品制造商协会(CTA)宣布，受新冠疫情影响，原定于2021年1月6日至9日在拉斯维加斯举办的国际消费电子展（CES）将采取“全数字化体验”方式。,2021国际消费电子展将在线上举办
815,2020-07-29 10:26:00,摩根大通：目前对黄金持中性态度。预计金价将进一步上涨，但料不会大幅超过2000美元/盎司关口。金价超过整数大关将是市场的“最后一次欢呼”，价格正接近峰值；此后价格料将走低，直至今年年底。,摩根大通：目前对黄金持中性态度
816,2020-07-29 10:26:00,中信建投表示，今年离岛免税政策力度较大，未来或存国人离境免税政策落地预期，整体上离岛端成主要场景，“离岛+市内”双轮驱动，长线国内免税空间或突破5000亿元甚至接近万亿，格局趋向有限竞争，龙头仍具备较强渠道和运营优势。,中信建投：长线国内免税总空间或突破5000亿元甚至接近万亿
817,2020-07-29 10:24:00,据杭州发布微信公众号消息，昨日杭州市发布了“六新”发展的“十大示范场景”建设指南，该指南指出加快推动区块链技术的创新和示范应用，支持杭州市重点龙头企业和平台企业探索建立基于区块链的产业生态。在央行数字货币加速试点推进过程中，鼓...,杭州市：加快推动区块链技术的创新和示范应用
818,2020-07-29 10:22:00,A股三大股指持续拉升，沪指涨幅扩大至1%。,沪指涨幅扩大至1%
819,2020-07-29 10:18:00,高盛预期，美元作为世界储备货币的长期地位岌岌可危；仍看好黄金后市表现，将对黄金的12个月预测上调至2300美元。,高盛：黄金“剑指”2300美元
820,2020-07-29 10:18:00,生物疫苗板块走强，智飞生物涨停，博晖创新此前封板，未名医药、君正集团等大涨。,生物疫苗板块走强
821,2020-07-29 10:17:00,大连疫情防控新闻发布会通报：自7月22日以来，大连累计确诊新冠肺炎病例52例，其中30人为大连凯洋海鲜公司员工，9人为大连凯洋海鲜公司员工接触者，9人为大连湾街道的居民，4人为确诊病例或无症状感染者密接。所有确诊病例均在医院集中隔离治疗...,大连30例确诊为大连凯洋海鲜公司员工
822,2020-07-29 10:17:00,花旗：短期金价目标为2100美元/盎司，预计未来6至12个月将达到2300美元/盎司。,花旗：短期金价目标为2100美元/盎司
823,2020-07-29 10:15:00,据商务部监测，上周(7月20日至26日)全国食用农产品市场价格比前一周上涨0.1%，生产资料市场价格比前一周上涨0.2%。肉类价格略有波动，其中猪肉批发价格每公斤48.42元，下降0.2%。,商务部：上周猪肉批发价格每公斤48.42元 下降0.2%
824,2020-07-29 10:14:00,创业板指涨幅扩大至2%，深成指涨逾1%，证券、医药、半导体等板块活跃。,创业板指涨幅扩大至2%
825,2020-07-29 10:14:00,中信建投社服首席分析师贺燕青表示，一些零售商企业参与免税业务的高度热情，同时也反映了目前免税牌照仍然是较高的壁垒。且免税行业从长期看，仍具有较大发展潜力，对于拉动消费回流和刺激旅游消费具有较重要的意义。但当前来看，免税牌照的申...,中信建投贺燕青：近几年或较难出现免税牌照大规模放开的情况
826,2020-07-29 10:10:00,据宝通科技消息，7月28日，宝通科技旗下的参股公司哈视奇已与字节跳动达成多款AR游戏的独家合作，玩家即将在抖音平台看到哈视奇研发的AR游戏。哈视奇成为抖音第一家合作开发AR游戏的公司，目前正在研发《我接假发贼溜》、《汉堡小王者》两款AR游...,宝通科技：参股公司哈视奇已与字节跳动达成多款AR游戏独...
827,2020-07-29 10:08:00,理想汽车提早结束招股，赴美上市募资额9.5亿美元。（IFR),理想汽车提早结束招股
828,2020-07-29 10:07:00,作为“新基建”的重要组成部分，我国轨道交通相关产业近两年迎来了新一轮爆发。企查查数据显示，目前全国共有4.3万家轨道交通相关企业，2019年注册量达到1.07万家，同比增长54.8%，今年上半年注册量超过1.3万家，同比增长175%。从地区分布来看，...,轨道交通相关企业上半年注册量大增175%
829,2020-07-29 10:05:00,本周二，皇马俱乐部官方确认前锋马里亚诺·迪亚斯新冠检测结果呈阳性，目前正在接受居家隔离。,皇马前锋马里亚诺新冠检测结果呈阳性 正居家隔离
830,2020-07-29 10:01:00,同花顺数据显示，按余额规模口径统计，截至目前北向资金净流入超30亿元。,北向资金净流入超30亿元
831,2020-07-29 10:00:00,周二美国得州新冠肺炎确诊病例至少新增10029例，累计达412121例；死亡病例至少新增221例，为疫情以来最高单日增幅，累计达6506例。,周二美国得州新冠肺炎确诊病例至少新增10029例
832,2020-07-29 09:59:00,区块链基础设施服务商HashQuark日前宣布已完成A轮股权融资。本轮融资由创投机构启明创投领投，其他投资者包括分布式资本、HashKey Capital、Hash Global、imToken Ventures和SNZ。（36氪）,区块链基础设施服务商HashQuark完成A轮融资
833,2020-07-29 09:56:00,港股中资券商股拉升，中信建投证券涨近5%，光大证券涨3.6%，东方证券与中金涨超3%。,港股中资券商股拉升
834,2020-07-29 09:55:00,四会富仕在互动平台表示，公司的产品专注于小批量领域，产品特点为高品质、高可靠、短交期。 PCB生产制造业属于技术密集型行业，对于产品生产过程中的工艺要求较高，存在较高的技术壁垒。不同种类的PCB产品所涉及到的专利技术、生产流程、技术关...,四会富仕：专注于小批量领域 拥有多项电路板方面的专利
835,2020-07-29 09:53:00,北京市发改委主任谈绪祥介绍，北京市新基建在提速，上半年已经出台加快新型基础设施建设行动方案，上半年新开通5G基站5135个、累计开通2.25万个，国家工业互联网标识解析顶级节点上线试运行二级节点14个。年底前将新增5G基站1.3万个，实现五环内...,北京：年底前新增5G基站1.3万个
836,2020-07-29 09:51:00,数据显示，我国百强县发展的主要动力是第二产业，占比高达51%。专家建议，当前百强县发展的重中之重就是减少第二产业的无效供给、扩大有效供给，提升第二产业整体供给体系的质量，提高供给结构对需求结构的适应性。（经济日报）,全国百强县二产增加值超5万亿元
837,2020-07-29 09:51:00,证券板块持续大涨，财通证券涨停，中信建投涨逾5%，哈高科、招商证券、中泰证券等跟涨。,证券板块持续大涨
838,2020-07-29 09:49:00,创业板指低开高走，涨幅扩大至1%，三大指数集体翻红。,创业板指涨幅扩大至1%
839,2020-07-29 09:49:00,当地时间28日，世界卫生组织发言人玛格丽特·哈里斯在日内瓦举行的简报会上表示，新冠病毒的传播并不存在季节性趋势，她敦促人们在夏季也要继续保持警惕、以防疫情传播。（央视新闻）,世卫组织：新冠病毒传播不受季节影响
840,2020-07-29 09:46:00,半导体及元件板块拉升走强，士兰微、振华科技双双涨停，生益科技、紫光国微、富满电子等跟涨。,半导体板块拉升走强
841,2020-07-29 09:45:00,继峰股份在互动平台表示，公司控股子公司格拉默与特斯拉有直接供应商关系，但特斯拉相关收入，占公司集团收入比例较小。,继峰股份：控股子公司格拉默与特斯拉有直接供应商关系
842,2020-07-29 09:43:00,证券板块异动拉升，中信建投涨4%，财通证券、招商证券、国金证券、西南证券等跟涨。,证券板块异动
843,2020-07-29 09:37:00,化学制药板块拉升，翰宇药业涨停，海思科、信立泰、海辰药业、普利制药等纷纷走高。,医药股拉升
844,2020-07-29 09:35:00,广汽集团7月28日举办科技日，称公司已经攻克并掌握下一代动力电池电芯技术。广汽集团应用了新型硅负极材料技术，使得方形硬壳电芯能量密度达到每公斤275瓦时，搭载该种电池的电动车续航里程可突破1000公里。广汽集团没有宣布前述电动车的量产上...,广汽集团称电动车续航里程可突破1000公里
845,2020-07-29 09:33:00,农业种植板块走弱，万向德农跌4%，登海种业、金健米业、亚盛集团、丰乐种业等跟涨。,农业种植板块走弱
846,2020-07-29 09:30:00,"目前贵州国家储备林已编制项目158个,建设面积1098万亩,预计总投资946.13亿元,已获得银行授信196.54亿元、放款96.28亿元。下一步,全省林业系统还将通过全面梳理项目，确保全年完成授信项目100个,实现2020年完成国储林建设任务200万亩、综合投资20...",贵州加快推进国家储备林项目建设 已编制项目158个
847,2020-07-29 09:27:00,周二美国加州新冠病毒死亡病例至少新增171例，累计达8718例，为疫情以来的最高单日增幅。,周二美国加州新冠病毒死亡病例至少新增171例
848,2020-07-29 09:27:00,根据中国信息通信研究院泰尔终端实验室发布的《国内手机产品通信特性与技术能力监测报告》显示，2020年第二季度申请进网的手机产品160款，其中5G手机83款，款型占比51.88%，与2019年第二季度相比，增长48.5个百分点，与2020年第一季度相比，下降...,中国信通院：二季度83款5G手机申请入网 款型数占比已过半
849,2020-07-29 09:26:00,贵州茅台高开1.2%，报1690元/股，公司上半年净利226亿元，同比增13%。中金公司上调贵州茅台目标价至2109元。,贵州茅台高开1.2% 上半年净利同比增13%
850,2020-07-29 09:25:00,A股三大指数集体低开，沪指跌0.18%，深成指跌0.23%，创业板指跌0.25%，农业、免税店、疫苗等板块表现较弱。,A股三大指数集体低开
851,2020-07-29 09:23:00,据苏宁易购官微消息，苏宁易购正式成为2020英雄联盟全球总决赛中国区指定电商平台。,苏宁易购成为2020英雄联盟全球总决赛中国区指定电商平台
852,2020-07-29 09:21:00,恒指开跌0.25%，黄金及贵金属板块走高，山东黄金涨4.3%，中国黄金国际涨3.31%，招金矿业涨2.7%，紫金矿业涨1.5%。,港股开盘：恒指开跌0.25%
853,2020-07-29 09:16:00,日前，在俄罗斯鞑靼斯坦卡赞巴什航空中心，使用A30轻型无人机，俄罗斯科研人员首次进行了用3D打印的MGTD-20燃气涡轮航空发动机的飞行测试工作。由于测试工作顺利完成，俄有关部门计划在2021年至2022年对该发动机进行量产。（澎湃新闻）,俄罗斯3D打印航空发动机通过飞行试验 计划未来2年内量产
854,2020-07-29 09:15:00,人民币兑美元中间价报6.9969，下调74点。,人民币兑美元中间价下调74点
855,2020-07-29 09:15:00,新疆维吾尔自治区卫生健康委最新通报，7月28日0时至24时，新疆维吾尔自治区（含新疆生产建设兵团）报告新增新冠肺炎确诊病例89例（其中43例为无症状感染者转确诊病例），现有确诊病例322例，其中乌鲁木齐市320例。（国是直通车）,新疆现有确诊病例322例
856,2020-07-29 09:12:00,韩国报告新增48例新冠肺炎确诊病例，累计14251例。,韩国报告新增48例新冠肺炎确诊病例
857,2020-07-29 09:09:00,国泰君安指出，贵州茅台业绩符合预期，经营指标体现稳定性与确定性，难以逾越的品牌优势构建持续发展基础。维持2020-2022年EPS　36.60、46.87、54.64元，目标价至2109元，对应2021年45X　PE，建议增持！,国泰君安：贵州茅台业绩符合预期 建议增持目标价至2109元
858,2020-07-29 09:08:00,惠誉：预计2021年日本赤字占GDP比重将缩小至10.9%，2022年降至5.3%，要到2021年第四季度才有望恢复到疫情前的水平。,惠誉：日本经济要到2021年第四季度才有望恢复到疫情前的水平
859,2020-07-29 09:05:00,佰奥智能在互动平台表示，公司一直致力于智能及其零组件的研发、设计、生产和销售，为客户实现智能制造提供成套装备及其相关零组件。目前，公司的产品主要应用于电子产品及汽车等工业领域精密组件等的智能制造，适用于各类电机、控制器、传感器...,佰奥智能：公司产品主要应用于电子产品及汽车等工业领域...
860,2020-07-29 09:00:00,富时中国A50指数期货低开0.43%，上一交易日夜盘收跌0.5%。,富时中国A50指数期货低开0.43%
861,2020-07-29 09:00:00,中国央行公开市场今日将进行300亿元人民币7天期逆回购操作。,中国央行公开市场今日将进行300亿元人民币7天期逆回购操作
862,2020-07-29 08:56:00,88魔咒或已失效，最大风险是买错股票而非仓位太高！详情>>>,【解读】基金仓位太高 A股后市“悬”了？
863,2020-07-29 08:55:00,科安达在互动平台表示，公司主要围绕轨道交通领域提供产品、服务和系统解决方案。目前公司的产品主要有轨道交通信号计轴系统、铁路站场综合防雷系统、信号监测防雷分线柜、道岔融雪系统等产品及相关解决方案，同时为轨道交通领域客户提供工程建...,科安达：主要围绕轨道交通领域提供产品、服务和系统解决方案
864,2020-07-29 08:54:00,特斯拉CEO马斯克表示，特斯拉目前对软件授权、为其他努力制造电动汽车的汽车制造商提供动力系统和电池持开放态度。（Electrek）,马斯克：特斯拉目前对软件授权持开放态度
865,2020-07-29 08:52:00,第21届中国国际啤酒节博览会组委会28日宣布，取消原定于今年8月7日至16日在大连星海广场举办的中国国际啤酒节。,大连宣布取消举办中国国际啤酒节
866,2020-07-29 08:48:00,前360高级技术总监、Web前端主任架构师、技术委员会委员吴亮（月影）近期已加入字节跳动。值得一提的是，吴亮更为人熟知的title则是360最大的前端团队――奇舞团团长。（IPO早知道）,前360技术总监吴亮加入字节跳动
867,2020-07-29 08:46:00,中金公司称，考虑到茅台公司均价提升明确以及权益市场整体估值中枢提升，上调公司目标价24.6%至2109元人民币。该公司分析师余驰等在报告中指出，在还原“收入预收款变动”后，业绩同比增速达到18%左右，二季度真实增长情况要好于报表公司直营比...,中金：上调贵州茅台目标价24.6%至2109元
868,2020-07-29 08:43:00,美国总统竞选人拜登当地时间28日透露，他将在下周公布自己的竞选搭档人选。（环球网）,拜登宣布下周将公布竞选搭档
869,2020-07-29 08:38:00,据陕西卫健委消息，7月28日0-24时，无新增报告本地确诊病例、疑似病例、无症状感染者。截至7月28日24时，累计报告本地确诊病例245例，出院242例，死亡3例。,陕西新增1例境外输入无症状感染者
870,2020-07-29 08:36:00,截至7月28日，上交所融资余额报7038.51亿元，较前一交易日增加5.91亿元；深交所融资余额报6420.59亿元，较前一交易日增加3.28亿元；两市合计13459.10亿元，较前一交易日增加9.19亿元。,两市融资余额较前一交易日增加9.19亿元
871,2020-07-29 08:30:00,7月28日0时至24时，北京新增大连市疫情关联病例1例，为7月27日确诊的大连市疫情关联病例的密切接触者。（北京日报）,北京新增大连疫情关联病例1例
872,2020-07-29 08:28:00,中国证券报记者近日对北京地区二手房市场走访发现，二手房挂牌数量相比4月、5月份明显增加，不少小区房源充足。随着西城学区房“7·31”大限临近，西城学区房价格走低。（中国证券报）,北京二手房挂牌量大增 西城学区房价格走低
873,2020-07-29 08:27:00,中信证券：茅台中报如期稳健落地、批价逐渐升至2500元以上，既体现公司穿越周期的能力，也验证了疫情不改白酒结构性景气的趋势。继续看好白酒行业投资机会，坚定推荐贵州茅台。,中信证券：继续看好白酒行业投资机会 坚定推荐贵州茅台
874,2020-07-29 08:25:00,中金研报认为，2季度消费继续拖累经济增长。居民收入增速回升，但收入分配仍在恶化，农民工和低收入行业受疫情冲击更大。2季度居民消费回升慢于居民收入，文教娱乐消费支出延续1季度下跌趋势。疫情影响下，居民储蓄率上升，住户存款大幅增长。6...,中金：第二轮疫情可能延缓消费复苏
875,2020-07-29 08:14:00,天汽模在互动平台表示，公司参股的时空能源主要产品是模块化的新能源汽车动力电池系统产品，通过多年自主研发，研制出具有通用标准的三元锂动力电池系统产品。时空能源所生产的动力电池系统产品的终端客户为东风汽车、众泰汽车、长安汽车、力帆...,天汽模：公司参股的时空能源主要产品是模块化的新能源汽...
876,2020-07-29 08:12:00,据美国每日科学网站近日报道，美国科学家在最新一期英国《E生物医学》杂志上撰文称，他们对相关论文和文献进行了系统回顾，分析了来自3432个呼吸道样本的数据，对鼻咽拭子、口咽拭子和采集痰液三种方法进行了比较。结果发现，通过痰液检测发现新...,研究显示：痰液检测新冠病毒准确率更高
877,2020-07-29 08:12:00,海通证券认为，对于后市，重点关注一内一外，其中对内重点关注国内重磅会议对于下一阶段货币政策的定调及态度，下一阶段货币政策的松紧程度将是决定后市走势的核心因素，对外则需关注中美之间关系的缓和程度及美国新一轮的刺激政策，中美之间关...,海通证券：静待两大不确定因素落地，控仓参与
878,2020-07-29 08:10:00,近日，阿里司法拍卖平台上惊现4个深交所交易席位，起拍价60万元一个。目前已有数百投资者围观这一拍卖标的。公开可查的信息显示，上次有交易所席位被公开拍卖还是在2004年左右。在传统意义上来说，交易席位是券商在交易所交易大厅内进行交易的固...,交易所的交易席位惊现司法拍卖平台！
879,2020-07-29 08:08:00,机构选股最看重业绩，新进持仓标的有哪些？详情>>>,【聚焦】证金、汇金和社保基金持股名单更新 
880,2020-07-29 08:05:00,记者注意到，腾讯投资官网今年4月已上线。据介绍，截至目前，腾讯投资的公司超过800家，其中70多家已上市，超过160家是市值或估值超10亿美元的独角兽。英大证券首席经济学家李大霄认为，腾讯投资美团、京东、拼多多都非常成功，而且腾讯战略投资...,腾讯投资的公司超过800家 其中70多家已上市
881,2020-07-29 08:04:00,受益于行业景气度的提升，饲料板块股票上半年业绩多数预喜。数据显示，按照半年报、快报、预告净利润下限计算，13股上半年净利润有望同比增长超过50%，占比超过90%，仅1股预计出现下滑。数据显示，近一个月来，北上资金增持天邦股份、新希望、天...,超九成饲料股上半年业绩预喜
882,2020-07-29 08:02:00,日经225指数开盘跌0.5%。,日经225指数开盘跌0.5%
883,2020-07-29 08:00:00,国盛证券研报认为，最近市场的调整也是前期涨幅太快叠加中美博弈扰动因素影响，市场情绪降温，套牢盘压力激增，在没有增量资金进场情况下，市场有望在3200点附近震荡整理，修复技术指标，充分换手后可能重启上行趋势。从目前资讯看，大型公募的...,国盛证券：低估值个股或迎来估值修复性机会
884,2020-07-29 07:54:00,MSCI拟推出A股主题型投资指数；上金所警示风险：若金银风险状况加剧，将采取适当的风险控制措施；贵州茅台：上半年净利润同比增13.29%；特斯拉二季度在华收入同比增102.9%,7月29日同花顺早间必读：黄金持续突破再创新高 结构性牛...
885,2020-07-29 07:53:00,瑞银：金价在2000美元/盎司附近交投可能将成为“新常态”。在当前一系列推动金价上涨的因素下，金价有望升至2300美元/盎司。预计这些涨幅或在2021年年中逐渐消失。此后，由于各国央行无法保持同样的宽松步伐，价格将面临压力。且随着经济复苏，...,瑞银：金价在2000美元/盎司附近交投可能将成为“新常态”
886,2020-07-29 07:53:00,中信建投认为，自美国疫情初步控制后各地展开复工以来，市场风险偏好回转推动美股再次上行，美股指数估值快速修复。但受复工节奏、抗议活动等因素影响，部分州的疫情再次扩散，对情绪造成了一定影响，市场短期波动有所放大。但近期疫情严重地区...,中信建投：短期波动不改美股向上趋势
887,2020-07-29 07:50:00,基金调研记录显示，7月以来，公募基金对中小板兴趣更加浓厚。数据统计显示，基金公司7月以来共进行1769次调研，其中主板267次，创业板439次，科创板44次，中小板则高达851次。公募关注度最高的个股中包括来伊份、宁波银行、尚品宅配、聚飞光电、...,二线蓝筹获关注 基金调研频次上升
888,2020-07-29 07:49:00,据亚马逊公司周二发布的讲稿显示，该公司首席执行官杰夫·贝佐斯计划在周三的反垄断听证会上宣传公司创造就业机会和对小企业的支持。（CNBC）,杰夫·贝佐斯将佐证亚马逊是一家典型的美国公司
889,2020-07-29 07:49:00,上海昨日新增境外输入1例。（上观新闻）,上海昨日新增境外输入1例
890,2020-07-29 07:39:00,百度近年来孵化出的业务，除了爱奇艺和去哪儿网上市外，近期据接近百度的资本圈人士透露，百度最近在筹划内部多个业务拆分，并可能独立上市，但没有那么快。如果拆分上市，百度网盘业务可以对标美国云存储公司Dropbox来计算一下估值。按7月28日...,百度网盘被传拆分上市
891,2020-07-29 07:38:00,近日，社交平台联合中国消费报发布的报告显示：女性较男性更爱咖啡，50％的女性受访者一周平均1-5杯咖啡；咖啡消费方式中，到店消费占42%，外卖仅10%。70%的受访者认为“咖啡提神醒脑”是选择咖啡的主要原因。（新浪科技）,早职场人咖啡消费报告：到店消费占42%，女性比男性更爱咖啡
892,2020-07-29 07:36:00,药明生物在港交所发布正面盈利预告，预计2020年上半年录得净利润同比增长58%以上。,药明生物：预计2020年上半年录得净利润同比增长58%以上
893,2020-07-29 07:33:00,杜克-新加坡国立大学医学院团队报告一种简易快速的试验问世，可以评估靶向新冠病毒刺突蛋白受体结合域（RBD）的中和抗体。这种试验无需使用活病毒，已在新加坡和中国南京的两组新冠肺炎康复患者中进行了验证，其比传统的中和抗体试验快很多，只...,只需1至2小时就能完成 新方法可快速检测新冠病毒中和抗体
894,2020-07-29 07:28:00,Counterpoint Research的数据显示，苹果是第二季度中国增长最快的智能手机制造商。数据显示，苹果公司二季度在中国的iPhone销量环比增长225%。（CNBC）,研究报告：苹果二季度在中国的iPhone销量环比增长225%
895,2020-07-29 07:24:00,在连续大涨并创下历史新高后，7月28日国际黄金期货、现货价格双双回落。记者注意到，近期多家银行陆续宣布暂停账户铂金、钯金等开仓交易。分析人士认为，银行此举或是出于担忧贵金属价格波动带来的潜在风险。虽然贵金属短期面临调整压力，但长期...,多家银行暂停账户贵金属开仓交易
896,2020-07-29 07:23:00,世界旅游组织：1-5月跨境旅游业损失达3200亿美元，超金融危机期间三倍。（中新网）,世界旅游组织：1-5月跨境旅游业损失达3200亿美元
897,2020-07-29 07:20:00,7月28日，期债现券双双走弱，国债期货全线下跌。本周以来，沪指反弹，债市连跌。江海证券首席经济学家屈庆认为，当前月末资金面边际收紧，外部风险因素短期降温，8月后地方债和一般国债供给压力将回升，而基本面仍在平稳复苏。此外，前期交易盘...,市场分歧加大 股债“跷跷板效应”再现
898,2020-07-29 07:19:00,隔夜美股尾盘跳水，道指跌超200点；柯达逆市大涨200%，获美政府7.65亿美元贷款转型药品生产；纽约黄金期货涨近1%，连涨八个交易日；中概股搜狐收盘再度大涨11%。,全球要闻：美股集体下挫  国际金价再创新高 
899,2020-07-29 07:19:00,下一阶段，财政政策将延续积极有为主基调。专家认为，随着财政收入状况转好，下半年财政支出将提速，带动财政政策发挥更大作用。减税降费值得期待，基建等领域复工和投资进程将提速，“宽财政”有望进一步带动制造业、中小企业复苏。（中国证券报）,挖潜空间充足 “宽财政”发力可期
900,2020-07-29 07:11:00,近日，中国水泥网水泥大数据研究院资深分析师郑建辉表示，水泥行业上半年利润总额预计超过700亿元，其中二季度回暖明显。看好下半年水泥需求，行业利润预期超800亿元，全年利润总额约为1500亿元，虽低于去年同期，但仍是历史第二高。不过，在郑...,业绩有望持续修复 水泥行业全年可期
901,2020-07-29 07:10:00,长江有色金属网数据显示，金属钴7月28日现货报价为27.8万元/吨，较前一日上调1.7万元/吨。截至7月28日下午收盘，金属钴的报价已较月初上涨逾14.4%。业内人士认为，海外疫情的不确定性仍然存在，钴的供应持续受到扰动，钴进口量也出现下滑，加上...,钴价开启上行通道 下半年需求有望逐步复苏
902,2020-07-29 07:01:00,全球最大黄金ETF--SPDR Gold Trust持仓较上日增加8.47吨，涨幅0.69%，当前持仓量为1243.12吨。全球最大白银ETF--iShares Silver Trust持仓较上日增加231.74吨，当前持仓量为17611.72吨。,黄金/白银持仓量
903,2020-07-29 07:00:00,可转债史上首个暂停上市品种――辉丰转债的回售窗口还剩下3个交易日。辉丰转债发布公告称，本周该转债将迎来暂停上市后的首个回售窗口，也是今年唯一一次回售窗口。如果未在周五收盘前进行回售，投资者只能在一年后行使该项权利。对于辉丰转债而...,首个暂停上市转债回售窗口仅剩3日 投资者若错过需再等一年
904,2020-07-29 06:58:00,现货白银跌至24美元/盎司下方，日跌幅1.24%。,现货白银跌1.24%
905,2020-07-29 06:58:00,现货黄金短线急挫逾8美元，现报1949.12美元/盎司。,现货黄金短线急挫逾8美元
906,2020-07-29 06:51:00,29日四大证券报纸内容精华摘要有：五大因素刺激金价连刷新高 波动加大注意风险;多渠道融资跑马圈地提速 药企纷纷加码创新药;交通运输持续恢复.,四大证券报纸及人民日报头版内容精华摘要（7月29日）
907,2020-07-29 06:50:00,国企改革三年行动方案将于近期出台。以三年为期限，以“抓好改革落实落地”为目标，以混改、重组整合等多项可量化、可考核的任务举措为“路线图”的新一轮国资国企改革，将进一步激发企业活力，提高国企核心竞争力，打开资本市场红利新空间。（...,国企改革驶上“快车道” 资本市场迎来新红利
908,2020-07-29 06:43:00,美国众议院议长佩洛西：认为共和党的刺激法案不太可能在参议院获得通过。,美国众议院议长佩洛西：认为共和党的刺激法案不太可能在...
909,2020-07-29 06:40:00,7月28日，世卫组织报告显示，截至欧洲中部时间28日10时（北京时间16时），全球报告新冠肺炎确诊病例较前一日增加226783例，全球确诊病例达16341920例；死亡病例达650805例，较前一日增加4153例。统计显示，全球确诊病例已经连续多日超20万例。（...,世卫组织：全球新增新冠肺炎超22.6万例，全球新冠确诊连...
910,2020-07-29 06:39:00,数据显示，以申万行业分类划分，目前共有169家文化传媒类企业。截至7月26日，已有77家文化传媒行业企业发布了2020年上半年业绩预告，占比45.6%。在疫情影响下，77家公司中依然有23家公告，预计今年上半年业绩将出现增长，其中昆仑万维、电魂网络...,77家文化传媒企业业绩预告：16家增幅超50%
911,2020-07-29 06:36:00,截至6月底，我国入网5G终端数达6600万部，已有178款5G手机终端获得入网许可，5G手机累计出货量超过7700万部，3家基础电信企业在全国已建设开通5G基站超40万个。5G网络建设快速推进，可以更好地满足广大人民群众差异化的生活需要，带动信息消费快...,我国5G网络建设速度超预期 已开通基站超40万个
912,2020-07-29 06:35:00,7月28日，在新三板精选层开始交易的第二个交易日，32家精选层企业中，30家飘红。有市场分析人士认为，这与全国股转公司正在研究引入做市商提供流动性不无关系。市场人士认为，精选层引入混合做市商制度，可以提升市场流动性，也有助于合理价格的...,新三板精选层拟引入混合做市商制度
913,2020-07-29 06:34:00,COMEX白银期货跌逾1%，一度跌至24.24美元/盎司。,COMEX白银期货跌逾1%
914,2020-07-29 06:21:00,药明康德在港交所公告，拟以每股108港元配售6820万股股份，拟通过配售净筹资73.7亿港元。,药明康德：拟以每股108港元配售6820万股股份，拟通过配售...
915,2020-07-29 06:08:00,巴西卫生部：巴西累计新冠肺炎确诊病例从2442375例增至2483191例，累计死亡病例从87618例上升到88539例。,巴西新增新冠肺炎确诊病例超4万例
916,2020-07-29 06:03:00,现货黄金开盘后快速走高逾5美元，现报1959.09美元/盎司。,现货黄金开盘后快速走高逾5美元
917,2020-07-29 05:52:00,美国约翰斯·霍普金斯大学的统计数据显示，截至美国东部时间7月28日17时30分（北京时间29日5时30分），美国新冠肺炎确诊病例数升至4309230例，累计死亡病例达到148298例。24小时内，美国新增新冠肺炎确诊病例33884例，新增死亡病例1013例。（央...,美国新冠肺炎超430万例
918,2020-07-29 05:51:00,标普：将特斯拉评级从B-上调至B+，前景展望稳定。,标普：将特斯拉评级从B-上调至B+
919,2020-07-29 05:34:00,特朗普表示，疫苗可能“很快”就会得到批准。,特朗普：疫苗可能“很快”就会得到批准
920,2020-07-29 05:24:00,特朗普称辉瑞的新冠肺炎疫研发正朝着积极的方向发展。,特朗普称辉瑞的新冠肺炎疫研发正朝着积极的方向发展
921,2020-07-29 05:22:00,美国财长努钦：在财政刺激方案谈判方面仍有大量工作需要推进。,美国财长努钦：在财政刺激方案谈判方面仍有大量工作需要推进
922,2020-07-29 05:22:00,媒体消息意味着，Moderna寻求每剂疫苗在美国售价为25到30美元，远高于美国政府上周同BioNTech和辉瑞达成的疫苗订购价19.5美元/剂。,Moderna疫苗每疗程售价或至少50美元 高于BioNTech疫苗售价
923,2020-07-29 05:01:00,美国天然气期货日内涨4.96%，现报1.820美元/百万英热。,美国天然气期货日内涨4.96%
924,2020-07-29 04:53:00,特斯拉在周二向美国证券交易委员会（SEC）提交的一份监管申报文件中表示，政府向其提供的福利不仅帮助该公司削减了成本，还抵消了今年疫情停摆期间工厂闲置造成的成本。在美国国会讨论新一轮刺激计划之际，马斯克曾称其反对进一步的政府援助。（...,特斯拉：上半年获得了薪资相关政府福利以抵消疫情影响
925,2020-07-29 04:33:00,AMD（AMD.O）：第二季度营收19.3亿美元，市场预期18.61亿美元，去年同期15.3亿美元；净利润1.57亿美元，市场预期1.38亿美元，去年同期3500万美元；仍然预测全年经调整毛利率大约增长45％，市场预估增长44.9％。,AMD：第二季度营收19.3亿美元，市场预期18.61亿美元
926,2020-07-29 04:31:00,美国至7月24日当周API原油库存减少682.9万桶，市场预期增加0万桶；前值为增加754.4万桶。,美国至7月24日当周API原油库存减少682.9万桶
927,2020-07-29 04:14:00,截至收盘，道指跌0.77%，报26379.56点。纳指收跌1.27%。标普500指数收跌0.64%。盘面上，半导体、油气钻井、白银等板块下挫，邮轮概念、抗疫概念、航空股走高。个股方面，柯达收涨205.73%，台积电(TSM.N)收跌7.63%，携程(TCOM.O)收跌0.47%，搜狐(...,美股收盘：美股三大股指集体收跌 芯片股普跌
928,2020-07-29 03:58:00,美国新冠肺炎确诊病例增加1%，低于上周日均1.7%的平均增幅。,美国新冠肺炎确诊病例增加1%
929,2020-07-29 03:38:00,现货黄金涨1%，现报1960美元/盎司。,现货黄金涨1%
930,2020-07-29 03:35:00,美股跌幅扩大，纳指跌超1%，道指跌近150点，标普500指数跌0.4%。,美股跌幅扩大 纳指跌超1%
931,2020-07-29 03:34:00,巴西一家研究机构于本月初开始进行的一项全国性调查结果出炉，调查结果显示，即使政府放松居家隔离政策并恢复商业活动，在2000名受访者中，仍有74%的民众表示将避免前往大型商场，69%的民众表示不会常去餐馆、公园、广场和海滩等人员聚集的场所...,巴西商业重启多时 调查显示民众仍避免前往公共场所
932,2020-07-29 03:29:00,"美国生物医药公司Moderna在《新英格兰医学杂志》发布的文件显示mRNA-1273疫苗能够自然地形成抗体，且无证据表明出现疫苗增强性疾病。
",美国生物医药公司Moderna：mRNA-1273疫苗能够自然地形成...
933,2020-07-29 03:25:00,特斯拉(TSLA.O)不断上涨的股价已经让首席执行官伊隆·马斯克收取了他天价奖金计划中的两笔，金额高达39.4亿美元。根据该公司估计，现在他距离获得第三笔奖金最多还有两个月时间，他将再次获得数十亿美元。特斯拉周二发布的申报文件称，除非公司...,马斯克料还有几周时间就能从特斯拉再收获20亿美元
934,2020-07-29 03:22:00,市场消息：野村证券据悉在位于美国的投行分部进行了裁员。,野村证券据悉在位于美国的投行分部进行了裁员
935,2020-07-29 03:06:00,恒指期货夜盘收跌0.14%，报24720点。,恒指期货夜盘收跌0.14%
936,2020-07-29 02:50:00,瑞银：预计本周美联储政策会议可能不会出现进展，因为美联储官员正在等待更多有关疫情使经济陷入困境的信息。尽管自6月会议以来，美国新增确诊病例激增，但美联储并未透露出急切需要通过前瞻性指引来提供进一步宽松的信息。当前利率已经接近零，...,瑞银：预计本周美联储政策会议可能不会出现进展
937,2020-07-29 02:44:00,巴克莱美洲G-10现汇交易主管Michael Krupkin称，鉴于资本市场深度和全球以美元计价的交易体量庞大，（美国）距离失去储备货币地位还远得很。储备管理者和投资者过去几年大部分时间都在积累美元资产，随着近期事态发展，才谨慎地选择分散投资到美...,巴克莱：美元距离失去储备货币地位“远得很”
938,2020-07-29 02:43:00,布伦特原油期货收盘价为43.22美元/桶，下跌19美分，跌幅0.44%。,布伦特原油期货收跌0.44%
939,2020-07-29 02:36:00,WTI原油期货结算价为41.01美元/桶，下跌56美分，跌幅1.35%。,WTI原油期货结算价为41.01美元/桶
940,2020-07-29 02:18:00,加州报告新增6000例新冠肺炎确诊病例，为7月6日以来新增人数最少。,加州报告新增6000例新冠肺炎确诊病例
941,2020-07-29 02:13:00,有知情人士透露，目前部分金融机构正与银保监会相关部门沟通，一方面希望相关部门鉴于“堵偏门、开正门”的监管思路，在民间借贷利率司法保护上限设定方面对民间非持牌职业放贷人与金融机构区别对待；另一方面有机构提议，相关部门在维持36%利率...,民间借贷利率司法保护调整上限多米诺效应：金融机构急寻...
942,2020-07-29 02:11:00,精选层开市交易，只是新三板改革的一个新起点。记者从全国股转公司了解到，下一步，精选层将围绕持续改善市场流动性、持续强化融资并购功能、持续优化市场生态、持续加强多层次市场有机联系等方面，持续改革创新。具体来看，在持续改善市场流动...,精选层将推四大组合拳 持续改善市场流动性
943,2020-07-29 02:03:00,据The Information：Facebook(FB.O)寻求投资于小型风投公司的基金。,Facebook寻求投资于小型风投公司的基金
944,2020-07-29 02:02:00,据媒体平台Wccftech：英特尔(INTC.O)的GPU Ponte Vecchio不会采用台积电(TSM.N)的6纳米工艺。,英特尔的GPU Ponte Vecchio不会采用台积电的6纳米工艺
945,2020-07-29 01:53:00,COMEX 8月期金收涨0.7%，报1944.60美元/盎司，连续第三个交易日创收盘历史新高。,COMEX 8月期金收涨0.7%
946,2020-07-29 01:44:00,美国疾控中心：昨日新增54448例新冠肺炎确诊病例，累计确诊病例达4280135例。,美国疾控中心：昨日新增54448例新冠肺炎确诊病例
947,2020-07-29 01:38:00,据记者统计，截至7月28日，抗疫特别国债已发行15期，累计发行9300亿元，其中，5年期、7年期、10年期分别发行2000亿元、1000亿元、6300亿元。财政部近日发布公告称，为了筹集财政资金，统筹推进疫情防控和经济社会发展，将于7月30日第四次续发行7...,1万亿元抗疫特别国债月底结束发行
948,2020-07-29 01:36:00,以色列新增1333例新冠肺炎确诊病例，累计确诊65791例。,以色列新增1333例新冠肺炎确诊病例
949,2020-07-29 01:34:00,法国新增14例新冠肺炎死亡病例，累计死亡病例达30223例。,法国新增14例新冠肺炎死亡病例
950,2020-07-29 01:06:00,费氏全球能源咨询公司（FGE）在报告中指出，2020年剩下的时间里，美国汽油需求将很难恢复至每月900万桶/日的水平。预计从8月至12月，美国汽油平均消费量约为870万桶/日。2021年将进一步回升至900万桶/日以上。,费氏全球能源咨询公司：今年美国汽油需求不太可能达到900...
951,2020-07-29 01:00:00,德银首席美国经济学家Matt Luzzetti表示，美联储在未来几年内可能需要在其资产负债表中增加多达12万亿美元的资金。他表示：“我们发现美联储将需要提供重要的宽松政策――大约等于-5％的联邦基金利率。而且，量化宽松政策和前瞻性指导可能不够。...,德银预计美联储资产负债表将飙升
952,2020-07-29 00:59:00,根据公开披露的财务报表，美国40家石油生产商在2020年第一季度资产减值480亿美元，为2015年以来的最大季度变化。原油价格下跌导致这些公司的收入和探明储量价值大幅下降，是减值的主要原因。（第一财经）,油价暴跌导致美生产商一季度资产减值480亿美元
953,2020-07-29 00:59:00,英国报告新增581例新冠肺炎确诊病例，累计确诊300692例。,英国报告新增581例新冠肺炎确诊病例
954,2020-07-29 00:52:00,欧洲地中海地震中心：秘鲁南部近海岸地区发生5.2级地震。,秘鲁南部近海岸地区发生5.2级地震
955,2020-07-29 00:47:00,2018年，苹果公司成为第一家股票市值1万亿美元的美国企业。微软和亚马逊去年也加入这个行列。现在，奔向2万亿美元市值的竞赛正在进行。微软第二季获利令人失望，使得焦点转移到周四将公布财报的亚马逊和苹果；拜疫情期间人们待在家中、对其产品...,科技股向2万亿美元市值进击
956,2020-07-29 00:47:00,美国新冠肺炎确诊病例激增， 正促使美联储在为经济提供货币支撑上找到最佳方式，但预计不太可能马上采取行动。FOMC会议料将主要讨论疫情扩散对经济复苏造成的影响，包括对经济起到至关重要的加州、得州和佛罗里达州的疫情。经济前景黯淡将增加美...,英国金融时报：美国新冠肺炎确诊病例激增将是美联储政策...
957,2020-07-29 00:44:00,重大投资领域向民企放开是激发企业活力、挖掘民间投资潜力的重要一环。记者注意到，近段时间，围绕进一步激发民资活力，从部委到地方密集出台一系列政策措施，民间投资项目库也在密集出炉，吸引民资进入“两新一重”（即新型基础设施建设，新型...,政策“清障”制度护航 民资齐涌“两新一重”
958,2020-07-29 00:41:00,7月28日，易居房地产研究院发布《2020年上半年中国百城居住用地报告》。数据显示，上半年全国范围受监测的100个大中城市居住用地成交面积为29217万平方米，同比增长2.6%。百城居住用地土地出让金收入为18045亿元，同比增长13.1%。分各线城市来看...,上半年百城居住用地出让金同比增长13%
959,2020-07-29 00:31:00,辉瑞公司首席执行官：正在与欧盟就新冠肺炎疫苗的合同进行谈判。同时也在与几个欧盟成员国进行疫苗谈判，以防无法与欧盟达成协议。,辉瑞公司首席执行官：正在与欧盟就新冠肺炎疫苗的合同进...
960,2020-07-29 00:25:00,今年初以来，中国企业在纽约证交所和纳斯达克首次公开发行(IPO)的数量达到29家，去年同期仅有9家。已上市企业完成筹资29亿美元，较去年同期增长近30%。（新华财经）,今年初以来，中国企业在纽约证交所和纳斯达克首次公开发...
961,2020-07-29 00:03:00,蔚来汽车(NIO.N)盘中涨幅扩大至8%。,蔚来汽车盘中涨幅扩大
962,2020-07-29 00:02:00,在经过本周A股市场的短期企稳后，目前私募机构对于7月以来整体表现欠佳的大市值个股的预期偏于正面。私募排排网的最新问卷调查显示，有多达90.38%的私募认为，在本轮市场调整中，权重蓝筹股“将力挽狂澜，带动市场止跌回升”；仅有不足一成的私...,超九成私募预期蓝筹股将带动A股回升 多家私募看好下半年...
963,2020-07-28 23:57:00,恩智浦半导体(NXPI.O)跌2.55%，第二季度营收同比减少18%。,恩智浦半导体跌2.55%
964,2020-07-28 23:46:00,在岸人民币兑美元夜盘收报7.0020元，较周一夜盘收盘跌40点；成交量379.53亿美元，较周一增加27.97亿美元。,在岸人民币兑美元收跌40点
965,2020-07-28 23:46:00,卡塔尔公共卫生部7月28日下午对外公布，在过去的24小时中，共进行了4736例新冠病毒肺炎测试，确诊283例，累计确诊病例达109880例；当天新增两例死亡病例，全国累计死亡病例167例。卡塔尔当天还有275名治愈患者，总治愈人数106603。卡塔尔累计进...,卡塔尔新增283例新冠肺炎确诊病例 累计确诊109880例
966,2020-07-28 23:40:00,美股跌幅收窄，标普500指数指数率先转涨。,美股跌幅收窄
967,2020-07-28 23:37:00,西班牙卫生部：西班牙新冠肺炎确诊病例从278782例上升至280610例。,西班牙新冠肺炎确诊病例上升至280610例
968,2020-07-28 23:34:00,墨西哥炼油厂第二季度产量为63.5万桶/日，第一季度为54.2万桶/日。,墨西哥炼油厂第二季度产量为63.5万桶/日
969,2020-07-28 23:33:00,铂金期货拉升，日内涨2%，现报977.8美元/盎司。,铂金期货拉升
970,2020-07-28 23:28:00,印度东北部比哈尔邦灾害管理部门28日发表公报说，该邦洪灾造成的死亡人数已升至32人，受灾人口超240万。公报说，在过去24小时内，洪灾夺去8人生命，遇难者来自达尔彭加县和西坚巴兰县。目前该邦15个县7条河流水位超警戒线，765个村庄被淹。（新...,印度比哈尔邦洪灾死亡人数升至32人
971,2020-07-28 23:27:00,标普：将阿根廷债券的评级下调至“D”。,标普：将阿根廷债券的评级下调至“D”
972,2020-07-28 23:22:00,王毅同英国首席大臣兼外交大臣拉布通电话。关于5G问题，王毅表示，中英在这一问题上是有共识的，那就是本着市场化原则，为所有企业提供公平竞争环境。但遗憾的是，英方受到了个别国家的压力和胁迫，实际上是将商业问题政治化，对中国企业进行歧...,王毅：中方呼吁英方为包括中国企业在内的所有企业提供开...
973,2020-07-28 22:59:00,随着国内疫情基本稳定、全国复工复产工作稳步推进，民航市场需求逐渐恢复。据了解，海口美兰国际机场目前国内航空市场发展形势良好。7月26日，美兰机场客流量自疫情以来首次达到5.4万人次，近期每日航班量、旅客吞吐量稳定在370架次、5万人次左...,海口美兰机场航班量已恢复至去年同期91%
974,2020-07-28 22:45:00,现货黄金日内回升至1950美元/盎司上方，较日低回升逾43美元。,现货黄金日内回升至1950美元/盎司上方
975,2020-07-28 22:41:00,夜盘沪银主力合约转涨，此前一度跌2%。,夜盘沪银主力合约转涨
976,2020-07-28 22:37:00,波罗的海干散货指数在周一下跌29点或2.2%，报1264点，创6月17日以来最低水平。海岬型船运价指数下跌2.9%至1992点，为近六周新低，日均获利下跌490美元至16524美元。巴拿马型船运价指数下跌25点或2.2%，至1136点，日均获利下滑229美元至10220美元...,受各类型船费走低拖累，波罗的海干散货指数连续7个交易日...
977,2020-07-28 22:36:00,7月28日，国务委员兼外长王毅在与法国外长勒得里昂通话时就中美关系发表了看法：当前，中美关系引起国际社会普遍担忧，根本原因是美国国内一部分政治势力，出于拉抬选情的政治考量和维持单极霸权的需要，不惜全面否定中美关系的历史，毫无道理地...,王毅称中国将坚定而理性地回应美国
978,2020-07-28 22:26:00,辉瑞CEO瑞德：希望在9月之前将新型抗病毒药物用于新冠肺炎临床治疗。,辉瑞CEO瑞德：希望在9月之前将新型抗病毒药物用于新冠肺...
979,2020-07-28 22:25:00,当地时间7月28日清晨，哥伦比亚第二大城市麦德林市市长金特罗通过个人社交媒体账户宣布，他于本月24日例行接受新冠肺炎病毒检测，结果为阳性，目前无明显症状。但考虑到潜在传染风险，他将自我隔离并继续主持市政府工作。（央视新闻）,哥伦比亚第二大城市麦德林市市长新冠肺炎检测结果为阳性
980,2020-07-28 22:15:00,据韩国《中央日报》电子版28日报道，韩国政府就美国特斯拉汽车公司 Model 3电动汽车自动驾驶模式可能存在的缺陷展开调查。,韩国政府就特斯拉汽车公司 Model 3电动汽车自动驾驶模式...
981,2020-07-28 22:07:00,中共中央政治局委员、国务院副总理孙春兰27日至28日到辽宁省大连市调研疫情防控工作。近期我国局部地区出现零星散发或聚集性疫情，防控任务依然艰巨，不能有任何松懈麻痹。孙春兰强调，一旦发生疫情，各地区各部门要迅速进入战时状态，加强统一...,孙春兰在辽宁调研：毫不放松抓好常态化疫情防控 坚决防止...
982,2020-07-28 22:04:00,美股盘初，特斯拉(TSLA.US)跌3.55%，报1483美元。,特斯拉跌超3% 此前有投行将其评级下调至跑输大市
983,2020-07-28 22:03:00,日本综合免税店乐购仕（LAOX）7月28日表示，将关闭全国24家店铺中的12家。该公司透露称，大量闭店的背景原因是作为主要消费者的中国顾客持续减少，销售何时能回升尚无眉目。,日本乐购仕将关闭全国半数店铺
984,2020-07-28 21:57:00,中国工商银行（土耳其）股份有限公司（工银土耳其）、腾讯、伊斯坦布尔新机场运营公司和新机场免税店28日联合举办微信支付业务线上签约活动。自此，中国游客可在伊斯坦布尔新机场免税店使用微信支付。土耳其文化和旅游部长穆罕默德·埃尔索伊在...,微信支付进入土耳其
985,2020-07-28 21:55:00,近日，多家银行发布通知，将暂停账户铂金、钯金、贵金属指数全部产品的开仓交易。有业内人士称，账户铂、钯在银行贵金属账户里是挂钩现货市场价格的产品，而不是挂钩期货，所以风险可控。,控制风险考虑，多家银行暂停账户铂金、钯金开仓交易
986,2020-07-28 21:50:00,ST庞大7月28日晚公告，近日，根据庞大集团管理人的申请，法院向中国结算出具了相关《协助执行通知书》，请求中国结算协助将庞大集团控股股东庞庆华及关联自然人贺立新、杨晓光等持有的合计12.29亿股公司股票划转至重整投资人指定的关联方天津深...,ST庞大：控股股东及实际控制人将变更
987,2020-07-28 21:50:00,7月28日，北京商报记者从业内独家获悉，今年上半年，保险公司预计利润总额达到2249.83亿元，同比增长4.05%。其中，产险公司及资产管理公司预计利润总额分别为447.91亿元和68.15亿元，同比增长19.20%和33.09%；而人身险公司及再保险公司为1382.00...,保险业上半年预计利润总额2249.83亿元，增长4.05%
988,2020-07-28 21:50:00,根据《重庆市防汛抗旱应急预案》，经会商，重庆市防汛抗旱指挥部决定于7月28日18时，解除江河洪水Ⅲ级预警并结束防汛Ⅳ级应急响应。在后期处置工作中，各区县指挥部及市防指各成员单位要依职责，全力恢复灾区生产、生活正常秩序，做好受灾群众心...,重庆市防汛抗旱指挥部解除江河洪水Ⅲ级预
989,2020-07-28 21:46:00,国家发改委办公厅近日发布通知，加快落实新型城镇化建设补短板强弱项工作，有序推进县城智慧化改造。国家推动加快水、气、热、电表更新换代，水务、燃气公司对存量机械表和IC表有着强烈的智能化替换需求。,发改委推进县城智慧化改造 智能表计将迎高增长
990,2020-07-28 21:44:00,据Omdia《大尺寸面板月度出货追踪报告》显示，6月份大尺寸面板出货达7907万片，较5月上涨5%，且较2019年6月同比大幅增长26%，再创近年出货量水平历史新高。数据显示，近期面板价格触底反弹，最近有加速上涨趋势，尤其大尺寸面板更为强势。机构判...,大尺寸面板出货创历史新高 产业链公司盈利水平望提升
991,2020-07-28 21:42:00,携程(TCOM.O)转跌，此前一度涨超10%。,携程转跌
992,2020-07-28 21:41:00,7月28日，财政部发布《关于下达2020年农业转移人口市民化奖励资金预算的通知》，向36个省、直辖市、自治区发放2020年农业转移人口市民化奖励资金共计350亿元。,财政部：发放2020年农业转移人口市民化奖励资金350亿
993,2020-07-28 21:32:00,柯达(DODK.N)涨300%，此前获得美国政府7.65亿美元用于仿制药生产的贷款。,美股柯达涨300%
994,2020-07-28 21:31:00,美联储表示，将把紧急贷款计划延长到12月31日，延长3个月将有助于潜在参与者制定计划，并确定这些工具将继续可用以帮助经济复苏。,美联储：将把紧急贷款计划延长到12月31日
995,2020-07-28 21:30:00,美股开盘，道指低开；携程涨超11%，媒体报道称其计划从纳斯达克退市；搜狐涨15.2%，子公司搜狗获得腾讯收购要约。,美股开盘：道指低开 携程涨超11%
996,2020-07-28 21:29:00,据意大利《24小时太阳报》网站报道，当地时间7月28日，意大利对外贸易委员会发布年度意大利外贸状况报告。报告指出，意大利外贸出口额在2019年发展状况良好，取得了2.3%的年增长率。报告认为，2021年世界贸易复苏将主要由亚洲新兴市场引领，中国...,意大利对外贸易委员会年度报告：中国等亚洲新兴市场将引...
997,2020-07-28 21:27:00,日产汽车公司28日表示，预计本财年（2020年4月至2021年3月）公司将亏损6700亿日元（1美元约合105日元）。日产社长兼首席执行官内田诚当天在财报说明会上表示，受新冠疫情影响，全球汽车市场需求骤降，日产销量严重下滑，工厂开工率也大幅下降，...,日产汽车预计本财年将出现巨额亏损
998,2020-07-28 21:14:00,沙特阿拉伯第二季度石油收入为957亿里亚尔，第一季度为1290亿里亚尔。,沙特阿拉伯第二季度石油收入为957亿里亚尔
999,2020-07-28 21:08:00,运达科技7月28日晚公告，公司拟以发行股份及支付现金的方式购买运达电气100%股权，交易价格为61670万元。同时，公司拟向不超过35名特定投资者非公开发行股票募集配套资金不超2.9亿元。此次交易不构成重大资产重组。,运达科技：6.17亿元收购运达电气100%股权
