,title,content,pub_time,src
0,127期:巴基斯坦吸收外资大幅上涨,"据巴基斯坦《论坛快报》近日报道，巴国家银行(SBP)数据显示，2020财年前七个月(2019年7月至2020年1月)，巴吸收外国直接投资15.6亿美元，相比去年同期的9.436亿美元大幅增长66%。2020年1月单月，对外投资为2.23亿美元，同比增长52%。从投资国来看，中国仍然是巴最大投资国，2020财年前七个月净投资5.328亿美元，同比增长88%，其次是挪威投资2.885亿美元。从行业来看，电信行业吸收外资最多，为4.467亿美元，其次是电力部门吸收4.041亿美元。为何电信业吸引投资最多？未来的收益回报在哪里？敬请收看本期《一带一路面对面》精彩内容。
同花顺上线「疫情地图」
点击查看：新型肺炎疫情实时动态地图>>>
关注同花顺财经（ths518），获取更多机会
(function(){var obj = null;if(document.getElementById('arctTailMark')) {obj = document.getElementById('arctTailMark');}if(obj!=null){var str = '(image_address=""http://i.thsi.cn/images/article/logo.jpg"")  返回首页';var showed = 0;try{var oo = obj.previousSibling;while(oo.nodeType!=1 || oo.innerHTML.replace(/\s|\u3000/g,'').length==0){oo = oo.previousSibling;}if(oo.nodeType==1 && oo.tagName.toLowerCase()=='p') {var span = document.createElement('span');span.innerHTML =str;oo.appendChild(span);showed = 1;}}catch (e){}if(showed == 0){obj.innerHTML =str;}}})();",2020-03-11 12:58:37,同花顺
1,对话中欧瑞博吴伟志：如何应对市场的大波动,"美国股市三大股指3月9日开盘暴跌并触发熔断机制，但在3月10日的交易中又大幅反弹，道指涨逾1100点。而原油在暴跌超30%后回升超过10%。全球风险资产市场无疑迎来了剧烈波动时期。
巨大的跌幅是如何在一日之内快速形成的？大波动时代有哪些应对之策？美股和A股各自的后市如何？
中欧瑞博董事长吴伟志具有27年投资经验，长期投资业绩优异，近期于美股大跌之前通过做空美股期指迅速降低仓位，记者近日就上述问题与其展开了对话。
复盘近期应对策略
能否复盘下加空美股的过程？
吴伟志：我们对海外市场的警觉，比海外资本市场实际表现要早。
我们是在北京时间2月24日9点多晨会时，给交易员下达做空美股期指的指令，这么大力度的空单，我们的交易员从来没有见过，手都有点抖，因为过去美股做空总是吃亏。
我告诉他们：“不要紧，这次即便不是牛熊拐点，也是中期调整，没有大风险。而且就算有风险，我们还有现货。”
美国的期指市场是一天23小时进行交易的，我们通过期指加空的方式将我们海外基金的风险敞口降至三成。我们下空单时美股尚未开盘，后来果不其然，美股在当地时间2月24日出现大跌。
能够提前做出预判和操作的核心因素是什么？
吴伟志：核心一是时刻如履薄冰的心态。
2月21号我们感觉到意大利的数据已经有些不好的苗头，但海外股市还没有反应。海外许多居民没有储蓄的习惯，可以想象如果经济按下暂停键，会有多大冲击。
春节前的最后一周，看到疫情数据有升温迹象，我们也对A股做了相应的调整。当时A股也尚未反应，最后一周其实应对时间充足，我们卖出了手上持有的航空，酒店和消费等。
我们在投资过程中，一定要时刻防范风险的降临，才能应对路况的变化，譬如看到大石头来临，急打方向盘。如果开车时还聊天，自然对路况变化反应是慢的，必须打起十二分的精神。
核心二是我们职业生涯中经历过2008年美国次贷危机和2003年的非典，记忆犹新。
当时的情况也是在下跌的前两天，很多投资人觉得难以再加空了。但事实上，后续的下跌让很多投资人极其痛苦，包括我自己。
快速暴跌的背后
为何原油会一日跌30%，这种大波动是如何形成的？
吴伟志：在历史上，原油跌3%已经是大行情，一日跌30%是极其罕见的。
原油为什么一天暴跌30%？底层逻辑是信息传递的速度加快，导致周期变短。因为关于原油市场以及沙特采取的行动，这个突发事件在移动互联网时代，会一夜之间被全球投资者获取到，所有投资者均采取行动，引发市场巨大波动。
这个现象就是叫做“信息秒达”。在移动互联网上，全球投资者获取同一信息，同时做出反应，带来周期变短的现象。过去原油跌40%，也许会逐步跌两三个月，但现在两天就可以跌这么多。
同样，上涨过程中也存在类似特征。2015年、2016年和2018年均有大波动现象，“信息秒达”或许可以解释为什么这几年市场有时会变得特别极端，大波动正在成为一种新常态。
仓位管理是术不是道
如何看待仓位管理的重要性？
吴伟志：阶段性的仓位调控在投资中仅是一种术，它的重要性弱于两个东西：弱于你买对了方向和好公司，弱于对整个牛熊季节的判断。仓位管理是个二级模型，这个操作做好了，能增加一点收益，但对管理公开产品的基金经理来说，重要性是让净值波动回撤可以控制住。
如何应对市场的大波动？
吴伟志：第一种是不变，坚定地寻找最优质的公司，在估值可接受情况下，以不变应万变。
第二种是应变要更快，慢就不行了，慢就不如不变，最近市场在上蹿下跳，投资者要么变得更快，要么不变。
如果想变得更快，需要能力圈，需要丰富的市场经验，需要团队协同。如果没有经历过2008年的市场，没有经历过踩踏，很难在指数下跌10%到15%之后，继续有勇气做空。
我们多年来在判断市场下跌属于小波动、还是中期调整，或是牛熊拐点上，形成了自己的体系。对于市场下跌，我们团队一定要提前去运算，去判断，判断即将到来的下跌是什么级别的定性。
用期指对冲的模式应对波动有哪些好处？
吴伟志：用衍生工具是效率最高的，是最快的，现在没有到现货大规模撤退的时候，加进去的空仓在调整到位后迅速撤掉，做多的仓位就恢复了。比如我们在A股的期指空单，在春节后的第一个交易日就平掉了一半，第二个交易日平掉了另一半，迅速恢复了做多仓位。
此次下跌仅是A股夏天中的一场台风
当前A股处于哪种市场阶段？
吴伟志：A股2019年进入春天，2020年入夏。入夏的标志是，基金销售开始火爆，这种现象春天没有，很多股票也有估值很贵的。
春天仅有少数种花开放，而夏天则有满山遍野不知名的野花开放，百花开放，万紫千红。对于A股来说，2020年是夏天到了，这次春节后的下跌属于夏日中的一场台风，是温度降了十度八度，但恢复起来也很快。
我们这次更看机会，危机是短暂的。为了应对这次危机，各国一定会更大力度的货币财政刺激。最坏的情况是，疫情持续三四个季度，但迟早会过去的。这么大的药效下去以后，市场可能酝酿着大的机会。
这次下跌级别与2008年相比，从危的层面来说，短期会痛得厉害，短期比2008年痛，但真正持续时间短，杀伤力不大，疫情控制之后恢复很快。
美股有点像A股的2015年，在引爆疫情之前，市场存在一致看多，这个时候资金要撤，就会引发“多杀多”的踩踏。美股是入秋时节，这次美股的下跌，我们判断至少是疫情引发中级调整，但是疫情如果恶化，就有可能从中期拐点演化成牛熊拐点。在海外市场这样跌的情况下，A股就是区间震荡，往下空间不会太大，但上涨也需要等待海外市场平稳。
▼ 
同花顺上线「疫情地图」
点击查看：新型肺炎疫情实时动态地图>>>
关注同花顺财经（ths518），获取更多机会
(function(){var obj = null;if(document.getElementById('arctTailMark')) {obj = document.getElementById('arctTailMark');}if(obj!=null){var str = '(image_address=""http://i.thsi.cn/images/article/logo.jpg"")  返回首页';var showed = 0;try{var oo = obj.previousSibling;while(oo.nodeType!=1 || oo.innerHTML.replace(/\s|\u3000/g,'').length==0){oo = oo.previousSibling;}if(oo.nodeType==1 && oo.tagName.toLowerCase()=='p') {var span = document.createElement('span');span.innerHTML =str;oo.appendChild(span);showed = 1;}}catch (e){}if(showed == 0){obj.innerHTML =str;}}})();",2020-03-11 12:54:05,同花顺
2,从茶资到票价：京剧演出市场化的兴起,"内容提要：清末民初京剧演出的戏价逐渐由茶资改称票价，这一转变过程体现了市场在演剧活动中逐渐占据主导作用。戏园中的京剧演出获得了独立的经济地位，园主和戏班为了获得最大的经济效益，开始千方百计增加上座率。名伶成为上座率的重要保障，但名伶的等级不同在市场上的号召力便有差异，市场给名伶开出了不同价码。票价的设定突出反映了名伶在市场上的叫座能力，同时成为戏园和班社盈利的主要来源。
关 键词：茶资/票价/京剧/市场化
作者简介：曹南山，南京大学文学院戏剧与影视学专业博士研究生，浙江传媒学院戏剧影视研究院助理研究员，主要研究方向：晚清民国戏剧史。
基金项目：浙江省哲学社会科学规划课题“近代京剧演出形态与剧场形制演变关系研究”(编号：18NDJC155YB)的研究成果；浙江省教育厅一般科研项目“基于近代剧场形制演变下的京剧演出研究”(编号：Y201738338)的研究成果。
伶人以演戏为谋生之手段，除宫廷和家乐演剧之外的戏剧班社演出必然要向观众收取一定的费用，这便是戏价。清代梨园中曾用“茶资”指称戏价，清末民初“票价”逐渐取代“茶资”成为戏价的代名词。从茶资到票价的转变，反映出清末民初京剧演出生态的重要变化。
在近代梨园文献中，“戏价”一词较票价内容更为丰富，既指观众到戏园看戏支付的费用，又指戏园一天演出的收入，偶尔也用于指称名伶的包银。相比而言，票价一词更直接准确地体现了观众看戏所需的费用。票价的出现是演剧活动高度商业化的产物，昭示着京剧演出市场化的兴起，清末民初票价的演变和设定彰显了演剧市场化的特征。
一、从茶资到票价的演变
戏剧演出的商业属性由来已久。据元初散曲《耍孩儿.庄家不识勾栏》记载，“庄家”进入勾栏“要了二百钱放过咱”。古代朝鲜保存下来的元代文献《朴事通谚解》中有入勾栏看杂技，有“诸般唱词”，入场交了“五个钱”的记载。①这“二百钱”“五个钱”是目前我们所知最早的戏价。此外，演出过程中伶人还可能会再向观众讨赏钱。无论是戏价还是赏钱，都是戏剧演出过程中伶人技艺与观众欣赏之间自由交换的产物。
戏剧演出从元代的勾栏瓦舍到清代茶园演出之间出现了一个历史断层。这期间，目前我们尚不清楚明代民间娱乐化的戏剧演出形态究竟如何，但我们通过清代民间演剧，大致可以推测此前乡村演剧的情形：
在前清时，每一本戏不过南钱八吊(合京钱八十吊。此戏价系全班伶人得之因喜庆或酬神而演戏之主人翁者，非观者所纳之资。盖吾乡戏，多在庙中演唱，完全公开，观者不费一文钱也。)②
这种私人包办的演剧活动和堂会演出相似，都是由一家主人付给戏班演出费用，普通观众则不必付钱。
清初，戏园和酒馆戏剧演出尚不具备市场化特征。乾隆三十一年(1766)《长洲县志》记载：“苏城戏园……不过商家会馆借以宴客也。”③顾禄《清嘉录》言：“盖金阊戏园，不下十余处，居人有宴会，皆入戏园，为待客之便，击牲烹鲜，宾朋满座。”④顾禄是清道咸年间苏州文人，可见彼时戏园演剧尚承载着宴饮功能，而非纯粹营业性戏剧演出场所。而酒楼酒馆演剧更是宴客饮酒的点缀，是极少数缙绅才享有的娱乐方式。伶人的演戏收入是戏目的固有价格和主人给的赏钱。演剧作为一种商业活动，具有商业特征，伶人可以通过演剧获得一定收入，演剧可以兑换成金钱，但远没有达到市场化的程度。大约在同治末年，上海戏园逐渐取消了宴饮功能，据李兴锐同治九年(1870)农历十月初六日的日记记载：“赵小山邀至东门外庆芳园观剧，又至名庆馆饮酒……”⑤由此可见，此时观剧和饮酒的场所已分离，不然作者当无必要观剧后重新找酒馆饮酒。演剧成为戏园的主要功能，《申报》中则较为详细地记载了上海戏馆这一功能的演变过程：
上海戏馆昉于同治初年，其时各省匪踪未净，商贾之辐凑于是者，几于寸地黄金。富绅巨商起居华侈，酬应挥霍，每当列筵顾曲之际，招妓侑觞，虽千金之赏亦不吝惜。以故戏园卖座辄包一席，摆酒请客二席三席，以至于厅楼全包者有之，其价并酒筵由戏馆包办，动须每席二三十元。自江浙楚皖渐次肃清，旅人星散，游宴之举稍杀于前。而洋场华靡之风日甚一日，酒馆林立，如金陵之新新楼、复新园，天津之庆兴楼，本帮之泰和馆等家，无不楼房高敞，门宇轩昂，椅桌器具杯盘什物，式式精美，凡宴客者皆于酒楼而不于戏园。自后戏座惟清茶一碗、果点数碟，而其价亦渐减于前。若包一房不过六元，包一桌则四元而已，单客点座每位洋八角，出局之妓亦止一元，如是者有五六年。⑥
演剧场所由戏园酒馆到茶园的演变突出体现了演剧商业化的特征。这种转变显示，戏剧演出不再附属于宴饮娱乐，而逐渐成为一种独立的娱乐形式。演剧的商业性开始突显，戏剧具有了独立的经济价值，人们要专门为看戏付出一定的费用。戏剧的商业属性日渐成为演剧活动的主导因素，茶园营业性戏剧演出开始兴起。
茶资作为早期茶园营业性演出收取的戏价形式，有着历史的特殊性。茶园的来历虽有多种说法，但乾隆年间已有茶园演剧的记载，当可确信无疑。⑦茶资取代戏价作为观众看戏所付银钱的称谓，与清代禁止旗人出入戏园有关。雍正二年(1724)，雍正帝“禁八旗官员遨游歌场戏馆”⑧，但旗人子弟入戏园看戏却未禁止，及至乾隆元年(1736)，礼科掌印给事中德山上奏折“为请禁旗人入园看戏”，乾隆帝批示：“著交与步军统领并八旗都统查照旧例禁止。”所谓旧例主要还是针对八旗官员而言，并未全面禁止旗人入园看戏。⑨直到乾隆二十七年(1762)，谕令禁止旗人出入戏园酒馆，同年又禁在京有需次人员出入戏园酒馆。禁令颁布之后，约一年时间京城戏园封闭，不闻管弦之盛。“嗣以皇太后万寿召集名优，犹须预先排演御制之戏曲，乃稍稍弛禁。旧日戏园遂改头换面，易其市招为茶园，以遵功令。”⑩
戏园(戏馆)改名茶园之后，因为对当局禁令依然有所忌惮，便不称戏价而称茶资，后来逐渐习焉不察，成为一种习惯。而票价的出现要到光绪中期，刘菊禅记载：“皮簧班在同治年间。四大徽班在平沿演之时，无所为票价。仅收茶资数十文而已，至光绪中叶。伶工戏份，渐渐加高，方有票价之说。”(11)待到光绪后期，票价逐渐取代茶资，“一九○五年前后，北京各茶园已逐渐由‘茶资’改为‘票价’，可是天津各茶园仍沿用着由来已久的‘茶资’旧制。”(12)事实上，作为一种称呼习惯，茶资代指票价依然为部分观众和从业者所使用，但即便是称茶资，使用者实际所指的已经不是早年的茶水钱了，而是特指看戏的费用。直到20世纪30年代，这种称谓现象才完全改变，茶资遂专指戏园和剧场中饮茶消费所需负担的钱数，票价成为普遍指称戏价的名词。
无论是茶资还是票价，都彰显出演剧商业化特征。戏剧演出的独立经济价值得到承认，演剧也成为戏班和戏园最主要的收入来源。而从茶资到票价，虽看似仅仅是一个称谓的不同，而实际上却体现了承载演剧活动的社会环境发生了巨大变化。庚子年(1900)前，北京城内的各戏班是按期在各大茶园轮转演出，戏班的演出水平虽有高下之分，但因为所演周期固定，并不能完全决定茶园的营业状况。换言之，水平高者如三庆班的演出具有较高的上座率，而它在一个茶园的演出时间只有四天，初一至初四是在三庆园，初五至初八便要到广德楼，如此便导致，当时八大戏园之间始终保持着势均力敌的平衡状态，即便园主让戏班每天更换新的演出剧目，其盈利的空间也极为有限，待该戏班转到其他戏园时，同样的剧目依然具有号召力。但庚子年之后，情况发生了变化：
此时北京戏场已与前不同，从前各戏园是各班轮流演唱，唤作活转儿，如今改了一班永占一园，唤作呆转儿。那大栅栏广德楼、三庆园、庆和园、庆乐园，门框胡同同乐轩，粮食店中和园都被义和拳烧掉，只剩肉市广和楼，是福寿班占了。鲜鱼口一家杂耍馆子天乐园，是玉成班占了。谭鑫培本是同庆班，今已改福庆班，占了西珠市口天和馆。宝胜和占了天寿堂，义顺和占了孝顺胡同燕喜堂。(13)
庚子年时局的动荡对戏剧生态产生的影响巨大，同样是庚子年之后，北京戏园的票价不再保持统一，各班各园开始各自设定演出票价。《清稗类钞》记载：“光绪庚子以前，戏园定价，每座售钱百三十文。自经拳匪之变后，蠲除旧例，各自为谋，各园戏价始参差不一矣。”(14)戏班轮转演出惯例的改变，将茶园与戏班的利益密切捆绑在一起。戏班在市场上的号召力直接决定了茶园的盈利程度。为此，戏班和茶园都在争夺观众方面费尽心思。而随着演出市场竞争的日益激烈，市场成为京剧演出的主导力量。为了争取演出有更好的上座率，更大程度的占领市场，尽可能地实现演出利益的最大化，戏园经营者在戏园的硬件方面(如茶园的设施)和软件方面(如茶园的内部管理)等多方面纷纷采取措施。以往的按茶碗收取茶资的经营方式已然无法满足京剧演出的实际需求，为了更多的从演出中获利，票价便成为调节演出市场中供需平衡的主要手段。
而伴随着上海新舞台的建立，新式剧场逐渐涌现，在新式剧场中用茶资指称戏价已经显得不合时宜，票价自然要顺理成章的代替茶资，成为剧场经营中更契合时代潮流的趋势。此外，经营新式剧场所需的费用要比之前的茶园大得多，倘若不能在票价上有所增加，新式剧场将难以为继。但票价如若定得太高，营业情况也会受影响。1914年杨小楼创建的第一舞台便是典型的案例。第一舞台最终营业惨淡，其原因当然比较复杂，但时人也清醒的指出：“半因京中戏价素廉，而彼处碍于零星使费特烦，售价若不加增，即无以因对杂费，分等定价，较诸旧式茶园之售价，骤增三倍且强，此营业上失败之最大原因。”(15)在京剧演出逐渐走向市场化的大背景下，票价高低的设定成为考验戏园经营者把握市场能力的重要方面。
从茶资到票价的转变过程同样是戏园文明进化的过程，这个过程体现了演剧市场化对戏园经营产生的影响。起初，由茶园中案目按茶碗收取茶资，此后，戏价从茶资中分离出来，戏价和茶钱分别明文写在戏单上：
“用新式铅字戏单，戏价茶钱，都明定规则，排印在戏单上，令人一望而知。大约正东戏价，铜子二十余枚，茶资两枚；边厢减半，楼座加半。”(16)
当戏价从茶资中分离出来时，实际上对茶园来说也是增加了一项收入。尽管当票价独立出来之后，茶资只占茶园经营中很小的一部分，但事实上这一部分收入也不容忽视，毕竟很多人还专门借此营生。
茶园中的戏剧演出获得独立的经济地位，这就必然导致戏班和茶园经营者为了谋求更高的收入，要千方百计地吸引更多的观众前来看戏。茶园作为开放的营业场所，南来北往的人员众多，单靠数人头收取戏价，难免会遗漏。更何况，故意躲避收取戏价的也大有人在。这一点，时人已有指出：“不卖票便无限制，难免拥挤，随意出入，无从检查，往往有漏收戏价的。”(17)改良这一弊病的方式当然是在戏园门口设立一柜台，欲进戏园看戏喝茶，首先得买票。宣统二年(1909)，时人已有“及至一进园门，先上柜房儿买票”之说，可见当时北京城买票之举已属平常。
在上海，1908年新舞台建立，暂时废除了案目制，改为售票制，只是时间很短，后又恢复了案目的作用。彼时，北京新建之文明茶园，有意改良旧式茶园的计划，比如，文明茶园售堂客包厢之票，票面明确写明戏价，另有茶水钱铜元四十枚，特别注明“并无别项花费”。然而具体实施时，却又时常与旧式茶园无异。仅就买票入场而言，茶园既对外售票，自然是有座提供给看戏人，但事实并非如此，有观众抱怨说：“在下想着：已经付了戏钱，必定有人接待喽。设或人要上满了，柜上绝不接钱呀。呵呵！真没料着，我们一进堂门，敢情已竟高朋满座啦(这个满字，须得重读)。”(18)
这位在京的观众，在文明茶园受到了非常不文明的待遇，买了票，却找不到一个地方可以坐，回去之后十分恼怒，这才给报纸写了批评文明茶园的文章。除了进门买票无座之外，文明茶园也不按票价收钱，这当然有碍“文明”之名。于是有观众向报馆投诉：
爱国报馆台鉴：文明茶园售堂客包厢之票，上书戏价之外，有茶水钱铜元四十枚，并无别项花费字样。其所以定限制者，甚符文明之事实矣。乃本月二十六日，内子在东楼倒关二等包厢请客，看座人索去茶水钱四十枚之外，又索茶叶钱四枚，又索伙计零钱十枚，谓票上所书之四十枚，系照数交柜，看座人之生活，则赖向客座乞讨。该园既系如此，大可将“并无别项花费”六字注销，何苦自相矛盾？但图文明之外表，抑系看座人既领工钱，又复私行罗掘，局外人不得而知。但觉于文明二字，不甚相符耳。素仰贵报箴规商界，匡助文明。(19)
文明茶园之所以显得不文明，其根源就在于：当演剧市场化逐渐兴起后，戏园经营者尚不能以新的管理和经营思路来应对。从柜房到看座人(案目)，他们只想着能拿到更多的钱。而之所以他们能这样做，与当时尚不规范的票价设定很有关系。
二、演出市场化与票价的设定
茶园所收之茶资和元代瓦舍勾栏的“五个钱”“二百钱”有相似之处，都是按人头交钱，在茶园则是按茶碗收费，有一碗即收一茶资。这和之前民间酬神演剧和堂会演剧以及酒馆点戏就有了巨大差别。此前戏班演戏的戏价是固定的，但凡有人出钱请戏班演戏，无论观看人数多少，戏价是不变的。而茶园演剧中的收入是按人数(茶碗数)来计算，则进茶园的人数越多，茶园和戏班的收入相应越多。彼时，茶园和戏班分立，茶园邀请戏班入园演出，无论其分账的比例如何，则总收入越多，戏班和戏园收入自然随之增加。
园主为了增加收益，开始想办法招揽更多客人。而戏班为了能更多搭园演出，也在内部按叫座能力分给伶人包银或戏份。茶园演剧的商业化程度越来越高，叫座成为考量伶人艺术水准和演出剧目的最重要指标，而票价的涨跌又反映出伶人在观众中的叫座能力。
随着京津沪等地茶园的兴盛，茶园之间的竞争愈演愈烈，这种竞争局面引发的直接结果就是对具有高叫座能力的名伶和剧目的选择和争夺。名伶成为茶园营业盈利的重要保障，各园主逐渐争相邀角，以增加茶园演出的上座率。名伶在观众中的号召力，突出体现在戏园演出的收入方面。以光绪二十七年(1901)上海天仙、丹桂、桂仙和春仙茶园为例。是年，汪笑侬、陈俊廷和程永龙三人由桂仙改班加入天仙，桂仙生意一落千丈，“即渐与诸园相形见绌”，因此园主特委派开口跳蒋宝珍赴京邀角。蒋邀到名伶刘永春等来沪演出，于是“桂仙生涯陡好”：
初五晚桂仙部新到角色刘永春、小福才、王玉芳第一日登台，座客甚形拥挤，后至者几无立足处。是晚并系涨价，得如是之盛，可见得人则昌，诚非虚语，而较诸前此，则又不仅利市三倍矣。(20)
但不久，“刘永春在桂仙，颇觉郁郁不得志”，后离开桂仙。桂仙生意再次滑落。及至几番周折，桂仙请到谭鑫培前来助阵演出，生意之兴隆顿时前所未有。但等到谭鑫培离开桂仙，改班天仙，桂仙的生意再次跌落。到中秋节前一天，桂仙经营收入仅有十六元多。但名伶朱素云中秋节来园客串三天，又再次使桂仙起死回生。仅三天时间，就卖出看资一千多元。当时报载：
至桂仙，小叫天未到时，正厅只卖一角五分，亏折之巨，颇为岌岌。幸小叫天登台，三十二日卖洋万余元，始资弥补。迨小叫天去后，仍跌为二角，至中秋前一日，仅卖洋十六元有零。十五日朱素云上台卖至二百八十九元，看客大半为雨所阻，未能卖足，谈者咸以为憾，然此二百数十元，实皆为素云来也。设使素云不登台，十五虽系节日，亦不过卖至四五十元，倘欲再多，恐亦未必。(21)
由此可见，当时桂仙茶园的生意起落显然是由是否有名伶加入左右。而此时除丹桂茶园角色齐整，本身有夏月润、潘月樵等名伶外，又演新戏，营业保持稳定外，其他茶园均以外请名伶为号召。当时上海戏园主要的天仙、丹桂、桂仙和春仙茶园于中秋演戏收入分别如下：
春仙：五百数十元；
丹桂：三百数十元；
桂仙：二百八十九元；
天仙：一百数十元；(22)
之所以有此差距，因为春仙有名角孙菊仙，桂仙有朱素云，丹桂本身有名角，天仙卖座最差，因为没有与之相力敌的名角。
而同年在上海的名角谭鑫培、孙菊仙和朱素云，三人的叫座能力又不相同，这从搭班茶园的演出收入一目了然：
谭鑫培在桂仙演出《打棍出箱》，夜戏，卖洋六百数十元；(23)
孙菊仙在天仙演出《御碑亭》，中秋节，卖洋五百十九元；(24)
孙菊仙在春仙演出《举鼎观画》，礼拜六夜戏，卖洋四百数十元；(25)
朱素云在桂仙演出《白门楼》，礼拜天夜戏，卖洋三百九十元；(26)
三位名伶叫座能力差异之明显，恰恰表现出观众对他们表演水平的认可程度。同为内廷供奉，但演出市场却残酷地给他们标出了不同价码。通常名伶的艺术水准是通过内行对其舞台表演水平来判断的，但随着商业化逐渐在演剧活动中起主导作用，名伶所享有的名声便由内外行结合其表演水平和叫座能力共同决定。正是基于此种综合考量，戏园经营者给名伶开出了不同的包银。而名伶演出的票价差异也反映出演出市场与观众之间的互动关系。
伶人成名之后被称为“角”，但“角”有大小之分。民国七年(1918年)周剑云曾将名角分为超等角色(如谭鑫培)、优等角色(如杨小楼、梅兰芳)、头等角色(如尚和玉、盖叫天、王又宸、王凤卿、时慧宝等)、二等角色(如毛韵珂、贾壁云、黄润卿、赵君玉、白玉昆、杨瑞亭等)、中等角色(如王灵珠、三麻子、林树森、麒麟童等)、四等角色(如赵如泉、常春恒、小孟七、小达子等)。(27)周剑云对当时享誉京剧界的名角等级的划分，同时体现出他们在市场上不同的叫座能力。而正是这叫座能力不同，导致他们之间的收入也存在很大差异。为了支付超等和优等角色高昂的演出费用，并借机盈利，园主必须在演出票价上有所体现。谭鑫培和孙菊仙等名伶的演剧经历便充分反映出这一现象：
谭叫天南来献技。……此数日中。新舞台之戏价倍于平昔。如台坐售两元一票。花楼售十元一间。站台售一元五角一票。推而至极各售一元。迟到则加坐。仍须小费。以坐容三千号直剧场。每夕八时。必宣告客满。(28)
民国四年(1915年)农历四月二十三日，天津南市广益大街广和楼的日场演出票价为包厢一元，而夜场由于有名角孙菊仙的演出，票价卖到六元多。(29)
现今留存的戏单为我们比较名角演出的票价提供了最直接的材料，试比较两张民国九年的演出戏单所载的票价：
民国九年三月初一日礼拜一夜戏，梅兰芳王凤卿在上海天蟾舞台演出
票价：特别花楼大洋三元，特等包厢二元五角，优等包厢二元五角，特别官厅大洋二元，头等包厢大洋二元，头等正厅大洋一元，三层花楼大洋半元，三层特等四角八十，三层头等三角六十，仆票大洋三角
民国九年三月廿三礼拜二，亦舞台夜戏
价目：月楼六角，特别包厢五角，特别官厅五角，头等包厢四角，头等正厅二角，二等正厅角半，仆票一角
演出剧目：贵俊卿、张国斌、张月亭《全本三国志》
比较以上两张戏单，演出时间是同一年同一月，都在上海，天蟾舞台的最高票价是亦舞台的五倍，普通座位的票价也比亦舞台高得多。究其原因，固然有天蟾舞台的硬件要比亦舞台好，但最主要原因还是梅兰芳和王凤卿的出演保证了如此的高票价依然可以有很好的上座率。而这三元的票价相比平常的演出已经高得出奇，然而还并不是此番梅兰芳南下演出的最高票价，待到梅兰芳临别演出时，园主又根据市场行情，临时将票价增加到四元。如此高昂的票价却一点不担心上座率不满，足见园主对梅兰芳演出市场的精准把握。初步统计，梅兰芳此番南下演出四十天，天蟾舞台的收入是14万多元，盈利有7万多元，这笔收入当然是靠票价收取的。(30)
而到民国十一年(1922年)，已跻身超等角色的梅兰芳演出票价已经前所未有，试看下面两张戏单所载票价的比较：
民国十一年(壬戌)五月初六礼拜四夜戏，天蟾舞台
价目：优等花楼大洋四元，最优等官厅三元五角，特别包厢大洋三元，特别官厅大洋三元，头等正厅一元五角，二等正厅大洋一元，三层花楼大洋七角，三层特等大洋五角，三层头等大洋三角，仆票大洋三角
演出剧目：梅兰芳、姚玉芙(牡丹亭.春香闹学)(倒第三)，王凤卿《战樊城》《长亭会》(双出压轴)，杨小楼、梅兰芳《新长坂坡》(大轴)
民国十一年正月十三日礼拜四夜戏，亦舞台，
价目：月楼一元，特别官厅八角，特别包厢八角，头等正厅四角，二等正厅二角
演出剧目：白牡丹《千金一笑》(倒三)，王又宸《李陵碑》(压轴)，绿牡丹、杨瑞亭、王又宸、白牡丹等《新八腊庙》(大轴)
这两张是同一年上海两家舞台演出戏单，上面清楚地记载着演出的票价。梅兰芳在天蟾演出的最高票价是大洋四元，而亦舞台最高票价是一元，而通过演出时间的比较，我们还可以看到，亦舞台这张戏单是新年正月十三演出的戏单，通常来说，这是京剧演出的黄金时间，票价要比平常的日子贵。换言之，这是戏单所载的演出阵容所能设定的最高票价。因此，他们平时演出的票价与梅兰芳相比，差距实际上更大。
以上所载戏单的票价信息充分反映出名角出演对票价设定的影响。正是在高度商业化的演剧环境下，票价成为调节戏园承载观众数量的重要手段。超等角色的演出票价倘若与普通名角相一致，势必造成大量观众涌入戏园，这不仅超出了戏园所能承受的观众容量，也不能实现园主追求利益的最大化。从票价的设定可以看出园主对演出市场的掌控能力，同时演出票价的不同也反映出观众对京剧演出的选择倾向。票价最直接地体现出演剧市场化兴起的特征。
之所以说从茶资到票价的转变是京剧演出市场化兴起的重要标志之一，是因为在这个转变过程中市场的选择已经逐渐对演剧活动起着重要的调控作用，伴随着这个过程，京剧的演出机制发生重大变化，戏园之间的竞争日趋激烈，而票价的演变，最直接地反映出市场对京剧演出产生的影响。当市场开始成为演剧活动的主导力量时，戏园之间的竞争进入白热化阶段。自由竞争是演剧市场化兴起最典型的特征。名角演出只是戏园争夺观众赢得市场的一种手段，此外，新戏(时事新戏、古装新戏)和连台本戏都成为一时之选，京剧演出市场空前繁荣，20世纪20年代，上海的京剧演出市场蓬勃发展，到30年代，京剧艺术达到其最繁荣的时期。这不仅体现在演出市场方面，更表现在京剧艺术本体的长足发展。而京剧艺术鼎盛时期的到来，正是在竞争的市场环境下，京剧从业人员，包括名伶、文人编剧、舞台美术和灯光制作人员等后台人员以及众多戏园经营者不断尝试创新、日夜摸索，在谋生的天然秉性和追求利益最大化的商业冲动中，京剧艺术得以充分发展。
演剧市场化兴起之后，资本和市场成为影响京剧发展最重要的外在因素。资本家和戏园经营者最大程度追逐利益的本性逐渐注入到京剧发展的体制中，从而对京剧的发展产生了一定的消极影响。在这场市场化的演出大潮中，金钱的诱惑太过强大，伶人和京剧从业人员当然不能完全置身事外，资本和市场的操控通过演出的收入内化成伶人的自觉追求，从而彻底唤醒了伶人的商业意识，其中牵涉到京剧发展的方方面面，这容待专文论述。概言之，在这种市场化的竞争氛围中，有些创新和探索已经溢出了京剧艺术所能涵盖的边界，成为昙花一现的杂耍和另类艺术形式。然而，正反两方面的经验和教训都弥足珍贵，因为他们既触摸到了京剧艺术发展的边界，又扩展了京剧艺术所能承载的容量。而这些宝贵的历史财富，正是在演剧市场化兴起之后才得以取得。
注释：
①参看杨栋：《元曲研究失落的两部珍贵域外文献——对〈朴事通谚解〉与〈老乞大谚解〉的几点认识》，《山东科技大学学报》(社会科学版)，2000年第2卷第4期。
②周公旦：《鄂西之民间戏剧》，《半月戏剧》第1卷第7期，1938年。
③转引自廖奔：《中国古代剧场史》，人民文学出版社，2012年，第139页。
④顾禄：《清嘉录》卷七，傅谨主编《京剧历史文献汇编.清代卷》(八)，凤凰出版社，2011年，第63页。
⑤李兴锐：《李兴锐日记》，《京剧历史文献汇编.清代卷》(柒)，第398页。
⑥《论戏价不宜太减》，《申报》，1885年10月7日。
⑦参考廖奔：《中国古代剧场史》，人民文学出版社，2012年，第149页。
⑧王利器：《元明清三代禁毁小说戏曲史料》，上海古籍出版社，1981年，第30页。
⑨丁淑梅：《清代禁毁戏曲史料编年》，四川大学出版社，2010年，第81—82页。
⑩诗樵：《京华菊部琐记》，周剑云：《鞠部丛刊.梨园掌故》)，交通图书馆，1918年，第7页。
(11)刘菊禅：《谭鑫培全集》，上海戏报社，1940年，第14页。
(12)李相心：《天津戏园的变迁》，《中国戏曲志天津资料汇编》(第一辑)，中国戏曲志天津卷编辑部，1984年，第61页。
(13)陈墨香：《观剧生活素描》，《剧学月刊》，第2卷第4期，1933年。
(14)徐珂：《清稗类钞》(第十一册)，中华书局，1984年，第5044页。
(15)天傭：《杨小楼传》，《十日戏剧》，第1卷第22期，1938年。
(16)《请看文明戏园》，《顺天时报》，1907年3月2日第5版，《京剧历史文献汇编.清代卷》(伍)，第333页。
(17)《记改良北京市(七)》，《顺天时报》1907年9月21日第5版，《京剧历史文献汇编.清代卷》(伍)，第442页。
(18)冷眼人：《观剧难》，《正宗爱国报》第567期第5版，1909年，《京剧历史文献汇编.清代卷》(六)，第165页。
(19)董竹荪：《来函》，《正宗爱国报》第567期第4版，1908年，《京剧历史文献汇编.清代卷》(六)，第144页。
(20)《桂仙生涯陡好》，《消闲报》，1901年4月25日第350号，《京剧历史文献汇编.清代卷续编》(四)，第21页。
(21)《菊部要志.记各园生意大略》，《世界繁华报》，1901年9月29日第85号，《京剧历史文献汇编.清代卷续编》(四)，第144页。
(22)《谈剧》，《寓言报》，1901年9月29日，《京剧历史文献汇编.清代卷》(六)，第201页。
(23)《梨园杂志》，《寓言报》，1901年8月27日，《京剧历史文献汇编.清代卷》(六)，第201页。
(24)《菊部要志.记孙菊仙登台》，《世界繁华报》，1901年9月28日第175号，《京剧历史文献汇编.清代卷续编》(四)，第145页。
(25)《梨园杂录》，《寓言报》，1901年9月30日，《京剧历史文献汇编.清代卷》(六)，第201页。
(26)《梨园杂录》，《寓言报》，1901年9月30日，《京剧历史文献汇编.清代卷》(六)，第201页。
(27)剑云：《平包银议》，周剑云：《鞠部丛刊.剧学论坛》，交通图书馆，1918年，第16—17页。
(28)杨尘因：《谭叫天南来十日评》，《春雨梨花馆丛刊一集.剧评》，民权出版社部，1917年，第1—2页。
(29)李相心：《老戏单》，《中国戏曲志天津资料汇编》(第一辑)，中国戏曲志天津卷编辑部，1984年，第145页。
(30)参看春醪：《梅讯(四十二)》，《申报》，1920年5月26日；佚名：《戏剧新闻.梅兰芳来沪记》，《戏杂志》，第3号，1922年。
关注同花顺财经（ths518），获取更多机会
(function(){var obj = null;if(document.getElementById('arctTailMark')) {obj = document.getElementById('arctTailMark');}if(obj!=null){var str = '(image_address=""http://i.thsi.cn/images/article/logo.jpg"")  返回首页';var showed = 0;try{var oo = obj.previousSibling;while(oo.nodeType!=1 || oo.innerHTML.replace(/\s|\u3000/g,'').length==0){oo = oo.previousSibling;}if(oo.nodeType==1 && oo.tagName.toLowerCase()=='p') {var span = document.createElement('span');span.innerHTML =str;oo.appendChild(span);showed = 1;}}catch (e){}if(showed == 0){obj.innerHTML =str;}}})();",2020-03-11 12:53:39,同花顺
3,海南加强知识产权运用服务中小企业发展,"近日，海南省知识产权局印发《关于做好促进知识产权服务运用支持中小企业发展工作的通知》(下称《通知》)，强调进一步加强知识产权运用，服务疫情防控，重点保障企业和支持中小企业复工复产。
《通知》要求，要高度关注中小企业在复工复产、企业发展中提出的知识产权需求和困难，第一时间安排专人跟进，事中全程指导，事后全面回访；多途径促进知识产权转化运用，推动和培育疫情相关的核心专利项目，支持疫情相关专利的产业化，促进重点企业和重点产业创新成果转化；加强知识产权政策宣传，积极指导符合要求的企业申报知识产权质押融资项目；设立海南省中小企业知识产权质押登记绿色通道，主动服务、靠前服务，为企业提供更加优质高效的质押登记服务。
据了解，为助力疫情防控，海南省知识产权局优化办事流程，特事特办、快速办理海南省中小企业符合条件的专利申请和其他涉及防治新冠肺炎专利申请的优先审查审批业务请求，以最大限度缩短优先审查审批时限，切实做好知识产权运用便利化服务；积极对接银企，畅通企业融资通道，支持和协调金融机构保障质押融资信贷规模，加大知识产权业务信贷容量，提升知识产权金融服务能力。(知识产权报通讯员王忆桃)
同花顺上线「疫情地图」
点击查看：新型肺炎疫情实时动态地图>>>
关注同花顺财经（ths518），获取更多机会
(function(){var obj = null;if(document.getElementById('arctTailMark')) {obj = document.getElementById('arctTailMark');}if(obj!=null){var str = '(image_address=""http://i.thsi.cn/images/article/logo.jpg"")  返回首页';var showed = 0;try{var oo = obj.previousSibling;while(oo.nodeType!=1 || oo.innerHTML.replace(/\s|\u3000/g,'').length==0){oo = oo.previousSibling;}if(oo.nodeType==1 && oo.tagName.toLowerCase()=='p') {var span = document.createElement('span');span.innerHTML =str;oo.appendChild(span);showed = 1;}}catch (e){}if(showed == 0){obj.innerHTML =str;}}})();",2020-03-11 12:47:34,同花顺
4,北京今年将增绿20万亩 新增城市绿地700公顷,"在石景山衙门口城市森林现场，绿化工人们正在给去年种下的树揭下保湿膜，给树松松土，透透气。(北京市园林绿化局供图)
人民网北京3月11日电(尹星云)一年之计在于春。随着气温逐渐走高，北京即将进入植树造林的黄金时节。为保证全市各项造林工程顺利完成，北京市园林绿化部门一手抓疫情防控，一手抓复工复产，抢抓工程前期手续办理，推进土地流转，确保3月下旬陆续进场施工。
继续高水平推进新一轮百万亩造林
2020年是“十三五”计划的收官之年，北京市园林绿化工作将继续坚持新发展理念、推动高质量发展。据介绍，截至去年，新一轮百万亩造林绿化工程已经完成49万亩，今年全市将新增造林绿化20万亩、城市绿地700公顷，使全市森林覆盖率进一步提升到44.4%，城市绿化率达到48.5%，北京互联互通的森林湿地体系将更加健全，林地绿地的生态功能将更加健全，生物多样性也将得到提高。供市民休闲娱乐的绿色生态空间将持续扩大，更多的市民将体验到推窗见绿、出门进园的惬意生活。
城区将继续加大公园绿地的建设力度。利用疏解腾退出来的空间，新建41处城市休闲公园、13处城市森林，以及50处口袋公园和小微绿地，使公园绿地500米服务半径覆盖率进一步提高到85%，为市民带来更多的身边绿色。平原地区的绿化结构将更加完善。新机场、冬奥会、温榆河等重点区域将增绿9.23万亩，与2200公顷新增湿地共同构成大尺度的森林湿地板块。生态涵养区将加大生态保护修复力度，实施绿化面积5.92万亩，构建健康稳定、优质高效的森林生态系统。
积极应对疫情复产复工
据了解，全市各区目前正在抓紧办理造林工程前期手续，积极开展土地流转和拆迁腾退工作。据介绍，目前大兴、顺义等区13个续建项目已顺利实现复工复产，2020年新建项目也正在抢抓前期手续办理，将于3月下旬陆续进场施工。截至目前，今年新一轮百万亩造林绿化全部127个项目已有90个项目完成立项，超过七成。全市已完成流转土地7.03万亩，拆迁腾退5.63万亩。全市各区按照确定的关键时间节点，倒排工期，明确措施，加强调度，土地流转、项目招投标、苗木准备等工作有序推进。为加强疫情防控，市园林绿化局出台意见，鼓励新建项目优先选择全流程电子招投标。特别是集中入场、纳入新一轮百万亩造林绿化的重点施工项目，采用全流程电子招投标的项目数将不低于10%。
一手抓项目复工，一手抓疫情防控。全市各区绿化建设部门严格落实各项疫情防控措施，科学制定开复工计划，建立施工人员管理台账，做好返京人员隔离和健康状况监测的同时，采取有效措施积极吸纳本地农民就业。工程建设中把清洁消毒、人员防护、物资发放等防疫保障措施做细做实，在保证养护工人健康安全的前提下，有序推进全市园林绿化建设复工复产。
同花顺上线「疫情地图」
点击查看：新型肺炎疫情实时动态地图>>>
关注同花顺财经（ths518），获取更多机会
(function(){var obj = null;if(document.getElementById('arctTailMark')) {obj = document.getElementById('arctTailMark');}if(obj!=null){var str = '(image_address=""http://i.thsi.cn/images/article/logo.jpg"")  返回首页';var showed = 0;try{var oo = obj.previousSibling;while(oo.nodeType!=1 || oo.innerHTML.replace(/\s|\u3000/g,'').length==0){oo = oo.previousSibling;}if(oo.nodeType==1 && oo.tagName.toLowerCase()=='p') {var span = document.createElement('span');span.innerHTML =str;oo.appendChild(span);showed = 1;}}catch (e){}if(showed == 0){obj.innerHTML =str;}}})();",2020-03-11 12:47:16,同花顺
5,4万元优惠 30天无忧退换！广汽菲克推十大优惠政策,"日前，在广汽菲克成立10周年之际，官方推出了十大优惠政策，包含购车、金融、保养、质保等，同时官方还针对为现阶段工作在抗疫一线的医护人员推出了特殊政策。具体如下：
现金礼：国六车型至高优惠3.5万，国五车型至高优惠4.0万元；
金融礼：最低享1成首付3年0利息；
加码礼：购全新Jeep大指挥官享3年免费基础保养；
网购礼：易享宝享8.8元抵至高2000元购车补贴；
置换礼：国六车型至高抵2.5万，国五车型至高抵3.5万；
无忧礼：30天无忧退换；
节能礼：购全新Jeep大指挥官PHEV车型送百万额度及8年/12万公里超长质保；
关爱礼：质保、首保双延期。
(image_address=""http://e.thsi.cn/img/7727004d273f2ff2"")
此外，广汽菲克还针对奋战在抗疫一线的医护人员推出了一系列的特殊关怀政策，包括致敬礼：医护人员享最高5000元的购车补贴。服务礼：医护人员享基础保养免工时费，以及配件费5折优惠。
(image_address=""http://e.thsi.cn/img/eab092ff8c23e86d"")
需要注意的是，关于“30天无忧退换”，官方称是针对2019年8月1日-2019年7月31日由广汽菲克授权经销商除此销售的Jeep品牌家用汽车产品(新车)，自购车发票之日起30天内，如质量问题导致需要更滑发动机等主要零部件的，可以更换同款、同型号的车。
据悉，部分回馈礼至三月底结束，详情还需咨询当地经销商。
(image_address=""http://e.thsi.cn/img/4c9bb79eb3c78fb4"")
Jeep大指挥官
关注同花顺财经（ths518），获取更多机会
(function(){var obj = null;if(document.getElementById('arctTailMark')) {obj = document.getElementById('arctTailMark');}if(obj!=null){var str = '(image_address=""http://i.thsi.cn/images/article/logo.jpg"")  返回首页';var showed = 0;try{var oo = obj.previousSibling;while(oo.nodeType!=1 || oo.innerHTML.replace(/\s|\u3000/g,'').length==0){oo = oo.previousSibling;}if(oo.nodeType==1 && oo.tagName.toLowerCase()=='p') {var span = document.createElement('span');span.innerHTML =str;oo.appendChild(span);showed = 1;}}catch (e){}if(showed == 0){obj.innerHTML =str;}}})();",2020-03-11 12:45:00,同花顺
6,苏宁315推出“随时会员”业务,"(image_address=""//comment.10jqka.com.cn/sourcepic/12/1MbEz9DFz6KxqAtsaytsay.png"")讯记者梁东婕3月9日上午，央视经济频道官方号发出通知，确定今年的3.15晚会延迟，具体时间另行通知。与此同时，全业态零售平台苏宁却借3.15重磅推出随时会员业务，加码到家服务。
央视3.15晚会坚持致力于维护法治阳光下的市场经济秩序而受到全民关注，至今已经延续30年。近几年，关于取消3.15的呼声此起彼伏，理由是新经济形态的飞速发展的当下，传统的一年一次的3.15已经无法满足正常的维权需求，“保护消费者权益应该是常态，每天都是3.15。”有网友表示。
事实上，在“制造业强国”战略口号下，一些行业头部企业已经开始转变思路，对自身产品质量的要求从被动监督向主动提升转变。近年来致力于打造全业态智慧零售生态、引领国内零售变革的苏宁，甚至将3.15作为一次“大促”高调宣传——3月10日，苏宁对外宣布，为迎接3.15的到来，继续加码1小时服务圈内容，继启动24期免息、以旧换新、超店播后，重磅推出“随时会员”业务。
据介绍，“随时会员”主要是服务于家乐福和苏宁小店及苏宁菜场等生活场景零售业态。每月8元获取五项权益：每月2张4元无门槛券，专属会员日苏宁全业态专属折扣，家乐福、苏宁菜场的特惠商品优先购买权；苏宁帮客的保洁专属折扣和1张面额5元的天天快递寄件优惠券。
这也是继去年双十一苏宁推出“1小时生活服务圈”后，做出了又一项“服务到人”的重要举措。让人们购买从省时省力进化到省钱、省心。与此同时，线下服务的壁垒也得到大幅度提升。
此外，电器业态方面，苏宁推出V购在线接待和九重防护无接触送装服务。前者是以全店全业态直播为载体，专业导购则在线一对一接待服务，为消费者答疑解惑。直播下单的顾客，享受与门店购买同等送装服务时效。在终端送装环节，苏宁根据当前情况推出九重防护送装。措施涵盖服务的前、中、后期全程。出发前，服务工程师须进行体温检测,衣物工具车辆消毒,佩戴口罩;服务中,需佩戴口罩、手套、鞋套等全套防护工具,并主动与用户保持2米的安全距离,避免直接接触;服务后,对机器进行清洁处理,同时指导用户关注报修和故障求助,并带走作业垃圾。
实际上，这是苏宁智慧零售布局的一次“阳谋”，依靠全业态线上线下融合的平台优势，发挥智慧物流配送到家的强项，打造线下服务新壁垒，从而引领整个零售业态向上升级转变，让服务全面升级成为第三次零售革命的主色调。
关注同花顺财经（ths518），获取更多机会
(function(){var obj = null;if(document.getElementById('arctTailMark')) {obj = document.getElementById('arctTailMark');}if(obj!=null){var str = '(image_address=""http://i.thsi.cn/images/article/logo.jpg"")  返回首页';var showed = 0;try{var oo = obj.previousSibling;while(oo.nodeType!=1 || oo.innerHTML.replace(/\s|\u3000/g,'').length==0){oo = oo.previousSibling;}if(oo.nodeType==1 && oo.tagName.toLowerCase()=='p') {var span = document.createElement('span');span.innerHTML =str;oo.appendChild(span);showed = 1;}}catch (e){}if(showed == 0){obj.innerHTML =str;}}})();",2020-03-11 12:42:39,同花顺
7,德国举棋不定 欧洲经济前景黯淡 黄金期货反弹趋势有望再启,"在疫情蔓延之际，作为欧洲经济重要“火车头”的德国，在出台刺激措施上却举棋不定，这使得欧洲经济前景充满变数。黄金期货仍然在盘整区间，尽管没有重启上升趋势，但机构仍然看好其前景。
(image_address=""//comment.10jqka.com.cn/sourcepic/12/tdrSu7vGvfDNextagAtsaytsay.png"")3月11日讯在疫情蔓延之际，作为欧洲经济重要“火车头”的德国，在出台刺激措施上却举棋不定，这使得欧洲经济前景充满变数。黄金期货仍然在盘整区间，尽管没有重启上升趋势，但机构仍然看好其前景。
周三(3月11日)，黄金期货开于1649.3美元/盎司，最高上探至1660.2美元/盎司，最低触及1649.2美元/盎司，截至发稿暂报1659.0美元/盎司，跌幅0.08%。
(image_address=""http://e.thsi.cn/img/56440bc8199102e2"")
欧洲经济前景充满变数
在全球各国因疫情拖累采取经济刺激措施之际，德国仍举棋不定，因该国倾向于避险借债来刺激经济。这给欧洲经济前景带来极大的不确定性。
上周日晚上，德国执政联盟中的政客进行了长达七个小时的危机对话，他们只是朝着财政宽松迈出了很小一步，并没有采取其邻国所希望看到的刺激措施。
德国总理默克尔和同事们同意采取措施帮助公司暂时停工，并从明年开始增加投资。重点在于缓解企业遭受的冲击，而不是帮助消费者，而且这个方案甚至不包括将计划于今年晚些时候实施的所得税减税加快审议。
(image_address=""http://e.thsi.cn/img/8666f95978e4f185"")
德国是欧洲的最大经济体，也是欧盟中最重要的经济“火车头”，欧洲央行的货币政策已经没有多大空间，而德国的举棋不定让欧洲经济前景黯淡。
上述因素可能会推动资金继续流入黄金。黄金期货踟蹰不前
随着市场对各国刺激措施预期的升温，黄金期货的推动力不足，本交易日处于震荡偏弱走势。不过，长远来看，反弹趋势有望持续。
经纪商CMC Markets首席市场策略师Michael McCarthy表示，市场认为事态在转好前，恐怕还要遭遇更多窘境，这将利好黄金的走势。
经纪商IG的英国首席市场分析师Chris Beauchamp表示，黄金在未来几日内若上破1700，则投资者或有望上移近期目标位至1780水平。
目前而言，黄金期货仍然保持在较高水平，金价虽然有所回调，但回调幅度越来越小，且ETF持仓量也在继续走高。道明证券分析师指出，鉴于这样的考虑，投机者更难因为下跌行情而摆脱多头头寸。
(image_address=""http://e.thsi.cn/img/23cab33a83104c9a"")
道明证券分析指出，虽然短期内流动性方面仍然存在风险，但全球进一步降息和刺激措施为金价提供了基本面支持，表明贵金属反弹趋势有望持续。
总体而言，机构仍然看涨黄金，丰业银行指出市场需要从“追涨”转向“买入逢低”。该银行对今年金价的预测已升至每盎司1750美元，2020年的平均价格为1650美元。今日关注
① 17:30英国1月工业及制造业产出月率
② 17:30英国1月季调后商品贸易帐
③ 17:30英国1月三个月GDP月率
④ 19:30英国2020年财政预算
⑤ 20:30美国2月季调后CPI月率
⑥ 21:00EIA公布月度短期能源展望报告
⑦ 22:30美国至3月6日当周EIA原油库存
⑧ 待定欧佩克公布月度原油市场报告
同花顺上线「疫情地图」
点击查看：新型肺炎疫情实时动态地图>>>
关注同花顺财经（ths518），获取更多机会
(function(){var obj = null;if(document.getElementById('arctTailMark')) {obj = document.getElementById('arctTailMark');}if(obj!=null){var str = '(image_address=""http://i.thsi.cn/images/article/logo.jpg"")  返回首页';var showed = 0;try{var oo = obj.previousSibling;while(oo.nodeType!=1 || oo.innerHTML.replace(/\s|\u3000/g,'').length==0){oo = oo.previousSibling;}if(oo.nodeType==1 && oo.tagName.toLowerCase()=='p') {var span = document.createElement('span');span.innerHTML =str;oo.appendChild(span);showed = 1;}}catch (e){}if(showed == 0){obj.innerHTML =str;}}})();",2020-03-11 12:40:39,同花顺
8,IDC公布2019年穿戴市场报告：苹果小米三星居前三,"(image_address=""//comment.10jqka.com.cn/sourcepic/12/SVTWrrzS.png"")3月11日消息据外媒消息，国际数据公司(IDC)的研究显示，2019年全球可穿戴设备出货量达到3.365亿台。这一增长主要来自第四季度，这一季度的设备出货量创下了1.189亿台的新高，增长率高达82%。
(image_address=""//comment.10jqka.com.cn/sourcepic/12/SVTWrrzS.png"")获悉，根据出货量、市场份额和同比增长，报告确定了2019年前五大可穿戴公司。1.苹果
去年第四季度，苹果以4340万台的出货量领跑市场，这要归功于它更新的AirPods、AirPods Pro、Apple Watch以及跨越多个价位的Beats产品。
尽管苹果在可穿戴设备市场整体表现良好，但Apple Watch的发货量同比下降5.2%，原因是遭遇供应短缺。2.小米
小米出货了1280万件可穿戴设备。其中73.3%是手环，约940万条。
从2018年第四季度开始，小米可穿戴产品中手环的份额有所下降，此前手环占出货量的81.8%。3.三星
三星凭借自家产品以及旗下的多个品牌(包括JBL和Infinity)获得第三名。
Galaxy Active和Active2智能手表在很大程度上推动了其2019年第四季度的销售，该公司还将受众从多功能设备用户扩大到关注健康和健身的爱好者。4.华为
华为的可穿戴设备出货量总体增长了63.4%，其中手表在2019年第四季度的增长率最高，但手环在其可穿戴设备出货量中占绝大多数。5.Fitbit
这家以健身器材闻名的公司跻身前五名，在连续两年销量下滑后首次出现出货量回升。
该公司仍然依赖其健身追踪器来驱动销量，伴随Versa2的发布以及旧产品的折扣，其智能手表的出货量达到了600万台，创下了新的纪录。参考
82%growth in Q42019indicates growing appetite for wearables
同花顺上线「疫情地图」
点击查看：新型肺炎疫情实时动态地图>>>
关注同花顺财经（ths518），获取更多机会
(function(){var obj = null;if(document.getElementById('arctTailMark')) {obj = document.getElementById('arctTailMark');}if(obj!=null){var str = '(image_address=""http://i.thsi.cn/images/article/logo.jpg"")  返回首页';var showed = 0;try{var oo = obj.previousSibling;while(oo.nodeType!=1 || oo.innerHTML.replace(/\s|\u3000/g,'').length==0){oo = oo.previousSibling;}if(oo.nodeType==1 && oo.tagName.toLowerCase()=='p') {var span = document.createElement('span');span.innerHTML =str;oo.appendChild(span);showed = 1;}}catch (e){}if(showed == 0){obj.innerHTML =str;}}})();",2020-03-11 12:35:18,同花顺
9,内地：植棉成本呈下降趋势,"(image_address=""//comment.10jqka.com.cn/sourcepic/12/1tC5extagsPeu6jNextagAtsaytsay.png"")专讯：根据近年来的农情调查显示，从2016年开始，内地植棉面积逐年减少，农资价格也呈下降或维稳趋势。
今年春耕备播工作全面启动后，在江苏的盐城、南通等传统棉区的调查问询中，当地近年的植棉物化成本基本徘徊于700-800元/亩之间，有些因种植品种、密度、移栽与收获时间不一的则会出现成本投入的更大差异，如麦后棉，生产成本仅600元/亩。
首先是种子，近年江苏市场上销售的棉种数量及价格受种植面积影响双双下行，双抗棉的销售价格多在每80克40元以下，比前几年下跌15元左右，跌幅超过30%；地产主推良种的销售价下跌幅度甚至超过50%。此外，棉花生育进程中的主体肥料尿素，眼下含氮46%尿素售价在1900元/吨，比上年同期下降了200元/吨。信息员在棉区的一些农户家中看到了数量不菲的预储肥，问及储肥原因，多数农民认为淡季储肥是因为价格低，到了生产上大家都要购肥施用时，肥料价格行情一般会发生变化。除了种子、化肥两大投入品价格下跌，农药、农膜的现时市场售价也多处于稍降或维稳状态，而考虑抗疫形势下重农稳农调控政策的实施，大宗农资价格指数水平总体下行的宏观态势预计还将维持。
业內人士分析，受农资市场价格下调影响，棉农生产性成本投入至少减少20%，而使用家积肥、有机肥，实行轻简育苗等生产形式的农户的植棉成本减幅还会更大。初步推算，每亩用棉种的节支为20元、肥料按200斤计算，植棉亩均比前些年少花钱50元，再加上农药、药机具多年使用的折旧节余等，预计亩植棉成本投入较前三年均值减少100元左右。而且，轻简栽培方面的人工节省，每亩按减少投劳3人、每个投劳工按70元日工资计算，植棉亩用工节省工资性投入200元以上，综合下来总计每亩节省投入成本在300元左右。
据了解，江苏多地普遍上调了植棉补贴，如2018年盐城大丰的植棉补贴是500元。两项相加，农民如今植棉实际生产收入比没有补贴、农资涨价时每亩多收入700-800元。至于农资市场价格下行、提高植棉补贴对内地棉花生产是否起到止跌的效果，棉区农业科技人员评说不一。如生产和市场风险再低些、机械化程度再高些，传统产区适当增加部分优质棉面积和产量也存在可能。
关注同花顺财经（ths518），获取更多机会
(function(){var obj = null;if(document.getElementById('arctTailMark')) {obj = document.getElementById('arctTailMark');}if(obj!=null){var str = '(image_address=""http://i.thsi.cn/images/article/logo.jpg"")  返回首页';var showed = 0;try{var oo = obj.previousSibling;while(oo.nodeType!=1 || oo.innerHTML.replace(/\s|\u3000/g,'').length==0){oo = oo.previousSibling;}if(oo.nodeType==1 && oo.tagName.toLowerCase()=='p') {var span = document.createElement('span');span.innerHTML =str;oo.appendChild(span);showed = 1;}}catch (e){}if(showed == 0){obj.innerHTML =str;}}})();
责任编辑：ljh",2020-03-11 12:26:14,同花顺
10,北碚：送口罩、送服务 中小微企业复工复产底气足,"(image_address=""http://e.thsi.cn/img/ca47663087a89ed5"")
北碚区多渠道筹集，为中小微企业及个体户免费发放30万只口罩。(image_address=""//comment.10jqka.com.cn/sourcepic/12/0MK7qs34.png"")发(北碚区委宣传部供图)
(image_address=""//comment.10jqka.com.cn/sourcepic/12/0MK7qs34.png"")重庆3月11日电(李庆鹏)为确保中小微企业和个体户尽早复工复产，北碚区多渠道筹集，为中小微企业及个体户免费发放30万只口罩，及时解决他们在复工复产中的防疫难题，为稳定北碚经济社会发展提供有力支撑。
“小口罩”解决“大难题”
3月7日，北碚区市场监管局组织人员前往城南步行街、万达广场等地，为中小微企业和个体户送去5万余只口罩，助力企业复工复产。“只要符合在碚注册在碚经营的开复工有防疫物资需求困难的中小微企业及个体户，我们都发放”。北碚区市场监管局相关负责人表示。全区发放队伍共17支，每支队伍由街镇、市场监管所、村(居)委会三方组成，按照备案名单上门实名发放。
据了解，这批口罩发放数量为30万只，发放标准是每户中型企业30个，每户小微企业10个、每户个体户5个，发放工作将在3月15日前完成，发放记录将在村(居)委会公示栏中公布明细，接受社会广泛监督。
送服务开工底气足
为了帮助中小微企业和个体户更快开复工，北碚区市场监管局还按照食品生产、食品经营、餐饮服务、药品经营、广告等领域特点，制作成简易便行的目视化服务表单，有针对性地对复工复产企业和个体户开展指导服务。
“谢谢你们帮我们解决员工的就餐问题，保障我们顺利开工。”北碚区城南步行街一家文化公司的负责人说。
北碚区市场监管局相关负责人介绍，北碚区市场监管局针对未设立职工食堂的企业，积极对接企业，了解供餐需求，协调4家集体用餐单位为60余家企业提供配餐服务，日均保障1万余人次用餐。同时对未取得食品经营许可证单位，及时上门指导，开设绿色通道办理许可手续，确保合法经营，满足用餐需求。
此外，北碚区市场监管局还对市场清洁卫生、人员健康、进货查验和运输、食品生产过程规范等环节进行具体指导，帮助农贸市场、商场超市等落实进门测体温、经营场所清洗消毒等工作。
同花顺上线「疫情地图」
点击查看：新型肺炎疫情实时动态地图>>>
关注同花顺财经（ths518），获取更多机会
(function(){var obj = null;if(document.getElementById('arctTailMark')) {obj = document.getElementById('arctTailMark');}if(obj!=null){var str = '(image_address=""http://i.thsi.cn/images/article/logo.jpg"")  返回首页';var showed = 0;try{var oo = obj.previousSibling;while(oo.nodeType!=1 || oo.innerHTML.replace(/\s|\u3000/g,'').length==0){oo = oo.previousSibling;}if(oo.nodeType==1 && oo.tagName.toLowerCase()=='p') {var span = document.createElement('span');span.innerHTML =str;oo.appendChild(span);showed = 1;}}catch (e){}if(showed == 0){obj.innerHTML =str;}}})();",2020-03-11 12:23:14,同花顺
11,综述：日本专家认为信用下降导致全球金融市场震荡,"新华社东京3月11日电综述：日本专家认为信用下降导致全球金融市场震荡
新华社记者刘春燕
上周末，石油输出国组织(欧佩克)与以俄罗斯为首的非欧佩克产油国围绕“限产保价”进行的谈判宣告破裂。作为应对措施，欧佩克成员沙特宣布大幅降价并暗示增产。受此影响，国际油价9日创下自1991年海湾战争以来最大单日跌幅，牵动全球金融市场巨幅震荡。
对此，日本经济学家普遍认为，由原油市场“价格战”引发全球市场剧烈震荡的最主要原因是信用存疑。在新冠肺炎疫情蔓延、全球能源需求承压背景下，投资者担忧原油价格下降会令产油国和相关企业收入大幅减少，信用下降，这或为全球金融市场震荡的诱因。
9日东京商品交易所中东产原油期货价格暴跌，与上周末相比价格跌幅达34%，成为4年多来的低点。
东京商品交易所相关交易品种跟随国际市场显著下跌，部分原因在于在日元急剧升值背景下，以日元计价进行交易的商品显得比美元计价的商品价格更贵，因此遭到凶猛抛售。
分析人士认为，“价格战”将波及一大批企业，考验他们的信用和业绩。许多与页岩油相关的美国能源企业信用等级较低，它们发行大量低信用债券令公司债务膨胀。受近来油价暴跌影响，在美国的企业债券市场，低信用等级债券收益率急剧上升，这也成为拖累股市的原因之一。
专家认为，全球范围内长期持续的超低利率会造成一些企业和国家债务膨胀，存在泡沫破裂风险。对于这种风险，一些市场投资者虽然清楚，却选择忽视，认为只要各国央行宽松的货币政策能够持续，危险就不会降临。但是，油价暴跌让一些投资者变得警惕，这种风险在新冠肺炎疫情蔓延背景下更容易被放大。
据《日本经济新闻》网站报道，沙特阿拉伯国家石油公司(沙特阿美公司)10日正式宣布，从4月份开始，将目前约970万桶的日产量提高到1230万桶水平。原油市场“价格战”正式打响。
“价格战”对债务负担沉重的美国页岩油生产商来说无疑是雪上加霜。据业内人士分析，随着油价跌至每桶30美元的水平，美国页岩油生产商或将很难支付贷款利息，自然也不可能吸引到新的投资。
有数据显示，2015年到2019年间，美国和加拿大总共有200多家油气公司申请破产。随着能源价格持续下跌，这一数字可能还会继续增长。
同花顺上线「疫情地图」
点击查看：新型肺炎疫情实时动态地图>>>
关注同花顺财经（ths518），获取更多机会
(function(){var obj = null;if(document.getElementById('arctTailMark')) {obj = document.getElementById('arctTailMark');}if(obj!=null){var str = '(image_address=""http://i.thsi.cn/images/article/logo.jpg"")  返回首页';var showed = 0;try{var oo = obj.previousSibling;while(oo.nodeType!=1 || oo.innerHTML.replace(/\s|\u3000/g,'').length==0){oo = oo.previousSibling;}if(oo.nodeType==1 && oo.tagName.toLowerCase()=='p') {var span = document.createElement('span');span.innerHTML =str;oo.appendChild(span);showed = 1;}}catch (e){}if(showed == 0){obj.innerHTML =str;}}})();",2020-03-11 12:22:35,同花顺
12,郑州银行携手禹州市政府举行专场银企洽谈会,"3月10日，郑州银行（002936）携手禹州市人民政府，成功举办深化“四个一百”专项行动郑州银行专场银企洽谈会，为银企搭建合作平台，实现银政、银企、政企三方共赢。禹州市委副书记、市长范晓东，市产业集聚区管委会主任闫冠瑜，郑州银行许昌分行副行长王高伟等出席洽谈会。禹州市委常委、常务副市长何长成主持洽谈会。
范晓东市长在会上对本次银企合作洽谈表示祝贺。他指出，在疫情防控形势持续向好、经济社会发展加快恢复的关键时期举办本次洽谈会，是禹州市政府联合郑州银行许昌分行，落实精准暖企援企政策、积极支持企业健康发展的重要举措，对于银企携手共克疫情“寒冬”、增进交流合作、实现共赢发展，具有十分重要的意义。他希望，各银行机构、当地广大企业、相关部门能够充分联动，积极对接，持续加强多方合作，进一步推进形成银政企互动、互促的良好局面和营商环境，为禹州经济社会高质量发展作出新的更大贡献。
据悉，洽谈会上，郑州银行许昌分行与禹州市人民政府签订深化“四个一百”专项行动全面战略合作框架协议。郑州银行禹州支行分别与许昌市天源热能股份有限公司、河南康健医药药材股份有限公司等10家企业签订合作意向协议，涉及金额累计达1.43亿元。
(责任编辑：李显杰)
【免责声明】本文仅代表合作供稿方观点，不代表和讯网立场。投资者据此操作，风险请自担。
同花顺上线「疫情地图」
点击查看：新型肺炎疫情实时动态地图>>>
关注同花顺财经（ths518），获取更多机会
(function(){var obj = null;if(document.getElementById('arctTailMark')) {obj = document.getElementById('arctTailMark');}if(obj!=null){var str = '(image_address=""http://i.thsi.cn/images/article/logo.jpg"")  返回首页';var showed = 0;try{var oo = obj.previousSibling;while(oo.nodeType!=1 || oo.innerHTML.replace(/\s|\u3000/g,'').length==0){oo = oo.previousSibling;}if(oo.nodeType==1 && oo.tagName.toLowerCase()=='p') {var span = document.createElement('span');span.innerHTML =str;oo.appendChild(span);showed = 1;}}catch (e){}if(showed == 0){obj.innerHTML =str;}}})();",2020-03-11 12:19:42,同花顺
13,54亿元！东方海外订造5艘2.3万箱超大型船,"(image_address=""http://e.thsi.cn/img/7e7fd25b29d2dd7b"")
中远海运集团终于出手了！如今已经是中远海运集团旗下的东方海外在“自家”船厂下单订造5艘23000TEU超大型集装箱船，总价值7.784亿美元(约54亿元人民币)。这意味着又一家航运巨头加入23000TEU超大型船的阵营。
东方海外公布，3月10日，公司5家间接全资子公司分别与各建造商签订了建造合同，在南通中远海运川崎订造3艘23000TEU集装箱船，在大连中远海运川崎订造另外2艘，每艘新船价格约为1.557亿美元。新船将在2023年第一季度及2023年第四季度初之间交付。
这笔订单也标志着，南通中远海运川崎和大连中远海运川崎将成为继沪东中华、江南造船之后，加入23000TEU超大型集装箱船建造阵营。
东方海外目前预计将为这项交易安排银行融资，预期约为每艘船合同价格60%的融资将于短期内落实并由该公司提供融资担保，剩余合同价格则由内部资源拨付。
东方海外表示，订造23000TEU超大型集装箱船目的是为了提高东方海外向其客户所提供服务质量，董事认为拥有这类船舶可同时提高经营效益及利润。23000TEU超大型集装箱船连同现有的较小型船舶可以使船队规模更加完整，并为东方海外带来规模经济效益，这些超大型船于航线的调配业可加强东方海外的市场地位及提升成本竞争力。
在被中远海运集团收购之前，东方海外曾是运力排名世界第七的集运公司，2017年其船队规模为102艘，集装箱运输及物流业务总载货量630万TEU。凭借东方海外的加入，中远海运集团也进入全球班轮行业第一梯队，成为仅次于马士基和地中海航运的全球第三大班轮公司。
东方海外上一次订造新船要追溯到2015年，当时东方海外与韩国三星重工签署协议，订造了6艘21000TEU集装箱船。目前，这批新船已经全部交付，成为东方海外旗下船队中的最大船舶。
据了解，早在去年上半年，市场传出消息称，东方海外考虑使用出售长滩集装箱码头获得的部分收益订造23000TEU超大型集装箱船。长滩港集装箱码头在2019年10月以17.8亿美元的价格完成出售，这笔交易使东方海外获取不菲的价值收益。东方海外联席行政总裁董立均此前也表示：“这部分收益可以给我们提供更大的灵活性，不排除我们会选择适当时机扩充船队。”
值得一提的是，近年来，全球前十大班轮公司相继下单订造了23000TEU超大型集装箱船。全球第二大集运公司地中海航运于2017年9月在韩国订造了11艘23000TEU超大型船、在2019年10月又订造了5艘23000TEU超大型船，全球第四大集运公司达飞轮船于2017年在中国订造了9艘LNG动力23000TEU超大型船，运力排名第九的现代商船于2018年在韩国订造了12艘23000TEU超大型船，运力排名第七的长荣海运在2019年9月敲定了中韩船厂总计10艘23000TEU超大型船订单。
不久前，运力排名全球第五的赫伯罗特和排名第六的海洋网联船务(ONE)也传出将分别定在6艘23000TEU双燃料集装箱船的消息，这笔订单吸引了中韩两国八家船厂参与竞争。
克拉克森的数据显示，目前全球23000TEU超大型集装箱船手持订单共计36艘，其中大部分由三星重工和大宇造船建造。其中，现代商船在三星重工(5艘)和大宇造船(7艘)订造的12艘将在今年年内交付，达飞轮船在沪东中华(5艘)和江南造船(4艘)的9艘将在今明两年交付，地中海航运在大宇造船订造的5艘将在2021年交付，长荣海运在三星重工(6艘)、沪东中华(2艘)和江南造船(2艘)的10艘将在2021年至2022年交付。
关注同花顺财经（ths518），获取更多机会
(function(){var obj = null;if(document.getElementById('arctTailMark')) {obj = document.getElementById('arctTailMark');}if(obj!=null){var str = '(image_address=""http://i.thsi.cn/images/article/logo.jpg"")  返回首页';var showed = 0;try{var oo = obj.previousSibling;while(oo.nodeType!=1 || oo.innerHTML.replace(/\s|\u3000/g,'').length==0){oo = oo.previousSibling;}if(oo.nodeType==1 && oo.tagName.toLowerCase()=='p') {var span = document.createElement('span');span.innerHTML =str;oo.appendChild(span);showed = 1;}}catch (e){}if(showed == 0){obj.innerHTML =str;}}})();",2020-03-11 12:16:17,同花顺
14,专访：我对中国经济长期发展前景充满信心――访剑桥大学教授艾伦巴雷尔,"新华社伦敦3月10日电专访：我对中国经济长期发展前景充满信心——访剑桥大学教授艾伦.巴雷尔
新华社记者顾震球孙晓玲于佳欣
英国剑桥大学贾奇商学院教授艾伦.巴雷尔日前接受记者专访时表示，虽然新冠肺炎疫情给中国和世界经济带来了短期影响，但疫情在中国已基本得到控制，从长期看，“我对中国经济长期发展前景充满信心”。
巴雷尔表示，基于过去几十年他对中国的观察来判断，“中国的工业经济可以在政府支持下很快恢复。”他同时指出，现在的挑战可能是，其他国家和地区的经济如何找到方法来尽快恢复生产活动。
“中国工业经济的高效令人印象深刻，特别是集中力量充分利用资源的能力，”他说，“中国的产业结构让经济具备在疫情过后迅速反弹的能力，当然，这也需要其他国家工业活动恢复良好。”
谈及中国在抗击新冠肺炎疫情过程中所采取的措施时，巴雷尔称赞说：“中国政府采取了坚决和明智的行动。”
“中国采取协调一致的行动，以坚定的决心和勇气采取隔离措施，将控制疫情作为首要任务，这很难得，”他说，“疫情控制效果明显，种种迹象表明，中国所采取的防疫措施是合理的，其他国家应该借鉴中国经验。”
基于中国疫情防控的成功，巴雷尔对中国经济的发展前景感到乐观。他说：“从长远来看，中国经济将继续向前发展，我对中国的长期发展前景充满信心。”
巴雷尔说，过去几十年来，中国已经成为全球“技术领先者”，并在研发方面进行了大量投资，如太空旅行、人工智能、电信技术5G等，这些是“具有长期潜力的巨大优势”。
英国1月31日正式脱离欧盟，谈到“后脱欧时代”英中之间的经济合作，巴雷尔表示，两国尤其要加强“地方”层面合作。
巴雷尔认为，英中加强多层面合作大有可为，“剑桥就是很好的例子。这是一个具有强大创新能力的地区。”他解释说，剑桥地区在各方面与中国地方政府、行业、投资者之间保持密切联系与合作，让其成为英国发展最快的地区之一。
“在剑桥，华为、启迪剑桥科技（603083）园、腾讯等投资都对当地经济产生重大影响。”巴雷尔说，“投资不仅限于金钱，还包括双方的人力资源投入和信息交流。”
“通过鼓励和推广成功的英中合作模式，我们能够找到最好方法，来推进和优化英中两国资源，从而为两国人民带来最佳收益和合作成果。”巴雷尔说。
同花顺上线「疫情地图」
点击查看：新型肺炎疫情实时动态地图>>>
关注同花顺财经（ths518），获取更多机会
(function(){var obj = null;if(document.getElementById('arctTailMark')) {obj = document.getElementById('arctTailMark');}if(obj!=null){var str = '(image_address=""http://i.thsi.cn/images/article/logo.jpg"")  返回首页';var showed = 0;try{var oo = obj.previousSibling;while(oo.nodeType!=1 || oo.innerHTML.replace(/\s|\u3000/g,'').length==0){oo = oo.previousSibling;}if(oo.nodeType==1 && oo.tagName.toLowerCase()=='p') {var span = document.createElement('span');span.innerHTML =str;oo.appendChild(span);showed = 1;}}catch (e){}if(showed == 0){obj.innerHTML =str;}}})();",2020-03-11 12:15:48,同花顺
15,泰兴办理出口退税近亿元,"“太及时了！3200多万元出口退税款，大大减轻了我们复工复产后流动资金压力，让企业生产迅速步入正轨。”3月9日，江苏扬虹船舶进出口有限公司财务总监王盛嘉在接受记者采访时喜滋滋地说。
扬虹船舶进出口有限公司是泰兴市一家从事船舶出口的重点外贸企业，2019年出口额近45亿元。受新冠肺炎疫情影响，今年开春后，该公司许多返乡过年员工无法返岗，资金回笼缓滞。2月中旬复工后，泰兴税务部门积极帮助扬虹公司申请出口退税指标，指导做好网上出口退税申报工作，仅用一个工作日就将3277.88万元税款退还到扬虹公司账户上，解了企业的燃眉之急。
为支持外贸企业复工复产，泰兴税务部门对纳税人出口退(免)税申报事项简化手续，非常时期纳税人只要在网上提交有关出口的电子数据即可，待疫情结束后再补报纸质资料。泰兴税务、财政、人行等部门紧密配合，对于无疑点的实行“当日受理，当日退税”。截至目前，已累计为148户外贸重点企业办理出口退税近亿元，有力地助推企业抢抓机遇扩大产能。泰州日报
(责任编辑：季丽亚HN003)
同花顺上线「疫情地图」
点击查看：新型肺炎疫情实时动态地图>>>
关注同花顺财经（ths518），获取更多机会
(function(){var obj = null;if(document.getElementById('arctTailMark')) {obj = document.getElementById('arctTailMark');}if(obj!=null){var str = '(image_address=""http://i.thsi.cn/images/article/logo.jpg"")  返回首页';var showed = 0;try{var oo = obj.previousSibling;while(oo.nodeType!=1 || oo.innerHTML.replace(/\s|\u3000/g,'').length==0){oo = oo.previousSibling;}if(oo.nodeType==1 && oo.tagName.toLowerCase()=='p') {var span = document.createElement('span');span.innerHTML =str;oo.appendChild(span);showed = 1;}}catch (e){}if(showed == 0){obj.innerHTML =str;}}})();",2020-03-11 12:11:52,同花顺
16,利好文件有了 北京的新能源物流车还在等什么,"各大新能源物流车车企一直都垂涎北京这一个大市场,眼看北京出台了一系列的文件,新能源物流车在北京的销量似乎有了大幅上涨的趋势。
利好文件又来了
近日,北京市人民政府发布了《北京市污染防治攻坚战2020年行动计划》(以下简称“《计划》”),为新能源战略计划作出了下一步部署。
(image_address=""http://e.thsi.cn/img/faaa93d1d7c65d9e"")
图片来源：北京市人民政府办公厅
《计划》第九条,新增和更新的公交、出租、环卫、邮政、通勤、轻型物流配送等车辆基本采用电动车。年底前,力争邮政、城市快递、轻型环卫车辆(4.5吨以下)、办理货车通行证的轻型物流配送车辆(4.5吨以下)基本为电动车。
对于新能源物流车来说,这是一件利好的事情。邮政、快递、物流三个领域对物流车需求量大,一旦按要求更新为新能源物流车,将会给新能源物流车行业带来可观的销量。
为落实各项任务,《计划》对各部门的作用和责任也做了详细规划,将污染防治工作成效纳入绩效考核,对任务完成度采取严格的考核问责,就这样看来《计划》是必然会被落实的。
一方面是政府对于新能源汽车的大力支持,另一方面是绿色环保的口号,不难想象在即将举办的2022年北京冬奥会,新能源汽车又会成为其中的一大亮点。
据北京市科学技术委员会相关负责人曾表示,冬奥会举办期间所在区域将实现新能源汽车全覆盖。全覆盖最基本的要求是庞大且密集的充电网络,《计划》中提及了加快推进公共服务领域(环卫、物流和公交等)充电设施建设和城市公用充电设施建设,形成服务半径小于五公里的充电网络,而如冬奥会区域、机场和核心区等重点区域平均服务半径小于0.9公里。
根据北京日报数据显示,截至2019年12月底北京累计建成约2358处、约2.43万个社会公用充电桩,基本形成全市平原地区充电服务半径小于5公里的公用充电网络体系。
政策有了,充电方便,冬奥会也来了,就这样看来新能源物流车似乎会迎来一波爆发。
还在等什么
实际上,《计划》中的相关内容早涵盖在2018年9月北京市人民政府发布的《北京市打赢蓝天保卫战三年行动计划》中。
三年行动计划中提出为新能源物流车制定路权通行、可持续运营的鼓励性政策。
(image_address=""http://e.thsi.cn/img/d08bbb0c145086ae"")
资料来源:电车资源
然而在后续发布的相关文件中,新能源物流车并没有享受到特殊的优惠政策,三年计划中提及的“制定新能源物流车路权通行、可持续运营”的利好内容在《计划》中也没有再被提及。
其他有关于新能源物流车的利好政策中,只有《北京市新能源物流配送车辆优先通行工作实施方案》中明确提出要实现“到2020年底,除冷链运输车辆外,通过办理货车通行证方式允许日间通行五环以内道路的4.5吨以下轻型物流车中,纯电动货车比例达到相关要求”。
还规定达成行动目标,2019年四季度新能源货车比例占货车通行证比例将达到25%,2020年一季度该比例达到50%,2020年二季度达到65%,2020年三季度达到80%,2020年四季度达到90%。
现在还不清楚北京市2019年第四季度货车通行证增加和换新的情况,但据知情人士透露,北京的货车通行证的办理在2019年10月就处于接近停滞的状态。
根据其他交通限行相关规定来看,挂北京牌照的北京货车和办理了货车通行证的外地货车都受到限行规定,每天6时至23时北京五环以内的道路禁止通行,新能源物流车也在这个规定范围内,违反规定会被处以罚款及扣分。
(image_address=""http://e.thsi.cn/img/ca9ed2692f63f3ea"")
图片来源:北京市交通委员会
相比较于推广成效高的城市,缺少财政补贴是北京难以推广新能源物流车的另一个原因。如深圳在开放路权的同时,还为新能源物流车提供财政补贴。而北京在既缺少路权优势,又缺少财政补贴的情况下,消费者很难只凭借政策鼓励就选择相对高价的新能源物流车。
尽管部分优质的新能源物流车在长期运营方面可以比肩燃油物流车,但造价高昂和认可度不足还是造成了推广的难度,在这种时候政策应该发挥导向作用。但仅仅是利好文件并不能激活用户对新能源物流车的需求。
这样看来,想法不如行动,还是需要等到各项利好政策的真正落实,北京的新能源物流车市场才会有出现向好的趋势。
资料来源:
《北京市人民政府办公厅关于印发《北京市污染防治攻坚战2020年行动计划》的通知》
《北京市打赢蓝天保卫战三年行动计划》
“北京市新能源物流配送车辆优先通行政策宣贯会”
《北京市新能源物流配送车辆优先通行工作实施方案》
关注同花顺财经（ths518），获取更多机会
(function(){var obj = null;if(document.getElementById('arctTailMark')) {obj = document.getElementById('arctTailMark');}if(obj!=null){var str = '(image_address=""http://i.thsi.cn/images/article/logo.jpg"")  返回首页';var showed = 0;try{var oo = obj.previousSibling;while(oo.nodeType!=1 || oo.innerHTML.replace(/\s|\u3000/g,'').length==0){oo = oo.previousSibling;}if(oo.nodeType==1 && oo.tagName.toLowerCase()=='p') {var span = document.createElement('span');span.innerHTML =str;oo.appendChild(span);showed = 1;}}catch (e){}if(showed == 0){obj.innerHTML =str;}}})();",2020-03-11 12:09:10,同花顺
17,预计2020年阿根廷进口铝土矿将继续下滑,"据外媒的报道，2017-2019年间，阿根廷铝土矿进口逐渐放缓。预计2020年进口量将继续下滑8.73%。
2017-2019年间，阿根廷铝土矿总进口量408,789吨。
2017年，阿根廷进口铝土矿153,424吨。
2018年，阿根廷进口铝土矿129,477吨，较2017年同期减少23,947吨，同比下滑15.6%。
2019年，阿根廷进口铝土矿125,888吨，同比下滑2.77%。
2020年，预计阿根廷进口铝土矿将继续下滑至114,887吨，主要原因是本国需求下降，同时价格上涨。
阿根廷一直从巴西、中国、印度、荷兰、美国等国家进口铝土矿。
来源：有色宝编译自Alcircle 
同花顺上线「疫情地图」
点击查看：新型肺炎疫情实时动态地图>>>
关注同花顺财经（ths518），获取更多机会
(function(){var obj = null;if(document.getElementById('arctTailMark')) {obj = document.getElementById('arctTailMark');}if(obj!=null){var str = '(image_address=""http://i.thsi.cn/images/article/logo.jpg"")  返回首页';var showed = 0;try{var oo = obj.previousSibling;while(oo.nodeType!=1 || oo.innerHTML.replace(/\s|\u3000/g,'').length==0){oo = oo.previousSibling;}if(oo.nodeType==1 && oo.tagName.toLowerCase()=='p') {var span = document.createElement('span');span.innerHTML =str;oo.appendChild(span);showed = 1;}}catch (e){}if(showed == 0){obj.innerHTML =str;}}})();",2020-03-11 12:05:05,同花顺
18,凝聚金融力量“贷”动企业复工复产,"新冠肺炎疫情发生以来，市地方金融监管局把统筹做好疫情防控和金融支持企业复工复产作为当前的首要政治任务，坚持“两手抓、两不误、两促进”，主动作为，靠前服务，特事特办，急事急办，打出了一系列全方位、保重点、提质效、抓落实的金融组合拳。
疫情对企业的正常生产经营造成了重大影响，其中，中小微企业受到的冲击更加突出。市地方金融监管局党组书记、局长张华表示，疫情发生后，市地方金融监管局多措并举，用足用好央行货币政策工具、加大金融政策支持、积极搭建政银企对接平台，帮助企业渡过难关。
市地方金融监管局积极引导驻济银行机构用足用好央行货币政策工具，加大对中小微企业的信贷支持力度。明确国家3000亿元疫情防控应急贷款、争取国开行授信贷款、利用人民银行再贷款和金融机构转贷的责任主体及操作办法，开辟再贴现绿色通道，利用“票据直通车”模式最大程度满足小微企业票据融资需求。
市地方金融监管局会同工信、财政等部门制定《疫情防控期间济南市企业贷款风险补偿实施办法》，扩大规模20亿元的中小微企业贷款风险补偿资金池风险补偿范围，提高风险补偿比例；落实《金融支持民营和小微企业健康发展若干措施》，出台实施细则，提前启动政策兑现工作。
对于企业来说，资金链就是生命线。为解决企业发展资金困难，市地方金融监管局积极搭建政银企对接平台，与中央驻济金融监管部门以及各行业企业主管部门建立协同推进机制，向驻济金融机构推出了第一批1702家急需融资企业名单，成立12人工作专班帮助企业与银行逐一进行对接，仅仅利用一周的时间，就完成了第一批推介企业与银行机构的全部对接，为企业解决应急资金137亿元。近期市地方金融监管局又梳理汇总了第二批185家资金需求企业名单，将力争在最短的时间内帮助企业完成与银行对接，获取资金支持。
“在当前疫情防控的特殊时期，帮助企业渡过难关，助力企业逆势发展，金融责无旁贷。”张华说，市地方金融监管局将切实履行守土尽责的使命担当，以满足疫情防控金融需求为根本，以做好疫情防控期间金融服务保障为重点，以更果断的措施全力维护金融民生安全，为维护全市经济稳定发展大局贡献金融力量。(文/图本报记者周芳张宪政)
扫码看视频
同花顺上线「疫情地图」
点击查看：新型肺炎疫情实时动态地图>>>
关注同花顺财经（ths518），获取更多机会
(function(){var obj = null;if(document.getElementById('arctTailMark')) {obj = document.getElementById('arctTailMark');}if(obj!=null){var str = '(image_address=""http://i.thsi.cn/images/article/logo.jpg"")  返回首页';var showed = 0;try{var oo = obj.previousSibling;while(oo.nodeType!=1 || oo.innerHTML.replace(/\s|\u3000/g,'').length==0){oo = oo.previousSibling;}if(oo.nodeType==1 && oo.tagName.toLowerCase()=='p') {var span = document.createElement('span');span.innerHTML =str;oo.appendChild(span);showed = 1;}}catch (e){}if(showed == 0){obj.innerHTML =str;}}})();",2020-03-11 12:04:32,同花顺
19,原油突发情况下的我们,"正当国内疫情逐步控制之时，全球新冠疫情却形势严峻，随着全球确诊病例的增加，全球经济和资本市场面临巨大挑战，而产油国之间谈判未果又引发了原油市场空前恐慌，由此带来国内大宗商品市场的普遍悲观情绪。在宏观经济下行压力较大的背景下，甲醇及下游产业链市场又面临怎样的情况？
甲醇：北京时间3月9日，甲醇期货主力合约开盘跌停。开盘1918，较上一交易日跌101，跌幅5%。而宏观原油走势仍存不确定性，业者多数心态不佳，早间抛售氛围较浓。直至收盘依然维持跌停态势。由于突发原油时间引起的期货盘面深跌，现货市场则处于相对被动局面，且近期抵港货源相对集中，港口罐区库存相对维持高位整理，现货价格缺乏支撑情况下呈弱势运行。但3月10日，甲醇主力合约低开高走，经过前一天“崩盘”的洗礼后，市场业者抄底心态较浓，港口出货情况整体好转，现货价格亦适度回弹。
反观内地方面，虽然主力工厂库存压力多数不大，且传统春检季逐步临近，下游需求仍存在一定提升空间，业者心态或依然偏强。但港口价格低位“跌宕”还是让内地市场操作谨慎。2019年四季度，港口现货出现“倒灌”至内地的现象，虽然维持时间相对较短，但是依然对内地市场形成一定冲击。所以在宏观不确定因素影响下港口走软，警惕产生再次“倒灌”现象而进一步对内地价格形成压制。
MTO：就国内丙烯市场而言，下游需求尚处在缓慢恢复期，且国内丙烯生产企业开工率不高，对丙烯市场尚存一定支撑。齐翔腾达（002408）混烷脱氢装置2月29号起停车检修尚未恢复；阳煤恒通15万吨/年MTO装置计划3月18号起停车检修；浙江兴兴39万吨/年MTO装置停车检修。因原油暴跌再度引发石化市场在2014年油价崩盘时期的担忧，同时新冠肺炎疫情的发展也对原油需求回升造成重大负面影响。对国内丙烯产业而言，原油价格的下滑首先将从成本面上对煤制烯烃产生巨大冲击。据中宇粗略测算，截至3月7日，油制丙烯利润约900元/吨左右，PDH利润约941元/吨，MTO利润约-291元/吨。而随油价继续走低，成本差距拉大，部分MTO装置重启计划不乏延后可能。
甲烷氯化物：春节后受疫情影响，下游恢复缓慢同时交通不畅，部分企业库存持续高位，从而倒逼多数企业降负或停车。但近期随着疫情控制逐渐好转，部分企业或逐步提负。原料方面，液氯下游各地下游企业有序复苏，需求持续转暖，液氯企业出货压力减少，带动国内液氯价格上扬；甲醇方面，主产区库存压力不大，业者多心态坚挺，加之部分贸易商采买意向积极，甲醇市场走势坚挺，但本周初受原油崩盘，期货跳水等因素影响，企业心态受挫，甲醇期货探底。目前虽甲醇价格受外围影响走势偏弱，但主要上游液氯价格走势坚挺，成本面对二氯甲烷形成一定支撑。
综上，当前国内企业开工负荷逐步提高，供应面有所增加，而下游需求缓慢，接货多维持刚需为主，市场交投略显僵持，但当前上游成本偏高，或对市场形成一定支撑，业者操作谨慎，观望心态不减，(image_address=""//comment.10jqka.com.cn/sourcepic/12/1tDT7tfK0bYtsay.png"")认为，短期国内二氯甲烷市场或偏弱震荡为主。建议业者工厂装置运行情况、厂家库存状况以及下游恢复情况。
醋酸：作为靠近中部的基础化工品，本身并未与原油有直接的关系，但原油暴跌但对原料甲醇影响深远：国内绝大部分醋酸工厂均有配套的原料甲醇装置，且多为煤制甲醇。港口进口货源如形成价格洼地，则会倒流入内地，从而对国内煤制等甲醇的价格形成压制。但同时考虑到醋酸和甲醇的相关度并不高，因此成本面并不是决定醋酸走势的关键性因素。
原油暴跌对醋酸的影响最主要的是体现在心态：自2月中以来国内醋酸价格快速下行，直至3月初醋酸价格已逼近醋酸成本线。另外3月6日江苏索普（600746）3#80万吨/年的装置意外停车，以及天津渤化永利35万吨/年的醋酸装置负荷减半，塞拉尼斯和山东兖矿三月中下旬的检修计划的爆出，瞬间使得业者的度大幅提升。河南龙宇周末期间意外停车，个别厂家试探性拉涨，市场心态一度归于谨慎乐观。
然而周初油价深跌引发全球市场变动，国内大宗商品价格普遍大幅走跌，在此背景下，醋酸市场短暂的“热情” 也很快被浇灭。尤其是来自买方的采购心态更加谨慎，多不急于采购，观望为主。虽然部分醋酸工厂库存确实下降，但是行业整体供应大于需求的基本面并未有实质性变化。短线醋酸市场弱稳整理，但在整体供应充裕的背景下，仍不排除后期有下调的可能。
醋酸酯：由于此次原油大跌的内因在于原油本身的供应，那对化工品的影响更多的是成本传导。那成本传导是否顺畅需要化工品本身供需面的配合。那具体来看，醋酸乙酯及醋酸丁酯作为接近终端的精细化工产品，其与原油的相关性极低，受原油暴跌带来的负面影响颇小，甚至还不如直接上游醋酸及正丁醇带来的影响大。此外受疫情影响，目前醋酸酯产品仍处于供需博弈阶段。因此来看，此次原油暴跌更多的是影响醋酸酯从业者的心态，及对整个国际国内经济大环境的影响。
短线来看因山东兖矿仍有重启二套装置的可能，因此醋酸乙酯市场供大于求局面需要较长时间来平衡，并且期间存在继续走低的可能。不过长线来看，到4月份下游行业预计开工陆续恢复，市场实质性需求增量，而醋酸酯市场供大于求局面经过一定缓解，不排除有反弹的可能。
甲醛：国内甲醛市场弱势盘整，原料甲醇变数大，成本面支撑有限，而当前市场供量有所回升，但下游表现欠佳，成交气氛偏淡。中宇认为，短时国内甲醛市场或低迷运行，建议市场复工情况以及原料甲醇市场走势。
关注同花顺财经（ths518），获取更多机会
(function(){var obj = null;if(document.getElementById('arctTailMark')) {obj = document.getElementById('arctTailMark');}if(obj!=null){var str = '(image_address=""http://i.thsi.cn/images/article/logo.jpg"")  返回首页';var showed = 0;try{var oo = obj.previousSibling;while(oo.nodeType!=1 || oo.innerHTML.replace(/\s|\u3000/g,'').length==0){oo = oo.previousSibling;}if(oo.nodeType==1 && oo.tagName.toLowerCase()=='p') {var span = document.createElement('span');span.innerHTML =str;oo.appendChild(span);showed = 1;}}catch (e){}if(showed == 0){obj.innerHTML =str;}}})();
责任编辑：wz",2020-03-11 12:04:16,同花顺
20,疫情冲击和油价下跌对经济的影响,"2020年以来，受新型冠状病毒全面扩散和OPEC原油减产协议进展不顺，近期国际油价出现大幅下跌，截至3月10日，全年跌幅约为43%。从跌幅上看，上一次跌幅达到43%的时期为2014年7月至2015年12月间，跌幅达到65%。此次由于需求的大幅萎缩，以及供给放量的影响，国际油价出现明显下跌，考虑到原油价格为通胀之母，故以价格为出发点，对于整体经济影响做一个全面梳理。
(image_address=""http://u.thsi.cn/imgsrc/input/c9e6e153895802dfdf95d138756f0438.png"")
此次，从全球范围来看，中国新冠疫情基本得到控制，但海外国家却开始出现明显的扩散。其中，意大利已成为重灾区，3月10日新增977人。目前欧洲疫情仍以意大利最为严重，法国和德国开始出现病例加速增长的态势，英国确诊病例数增速较慢。考虑到近期这些国家已开始陆续升级防控措施，随着措施的陆续严格，未来对于控制疫情将起到较好的作用。
1.受疫情冲击，相关行业影响较大
如果按照中国控制疫情的类似经验，随着海外国家防控措施的升级，对于经济的冲击将不断加大。由于主要发达国家经济结构均以第三产业为主，故疫情将直接冲击餐饮，零售，交运等服务业。
此次疫情成为了压在脆弱经济上的又一根稻草，当前疫情已在全球蔓延，大多数国家都受到影响。首先疫情会导致企业停工停产，交通运输量同比大幅下降等。从中国情况来看，2月的生产状况不景气，高炉开工率和发电耗煤量同比都大幅回落。此外，就目前上市公司公布的数据，白云机场（600004）2月的起降架次同比下降66%。石油的主要需求来源都受到很大影响。根据目前的形势，疫情对海外国家的冲击可能和中国类似，短期内对能源(以石油为主)的需求必然会承压。
(image_address=""http://u.thsi.cn/imgsrc/input/4999606fe44d147977694194f43aa47d.png"")
其次，疫情带来的不仅仅是短期影响。短期的停工停产可能会对企业的自由现金流造成极大的伤害，一些现金流状况不佳的企业或许会因为短期的现金流不足，又无法取得贷款，而被迫倒闭，从而引起员工失业。员工失业后会减少消费，消费的减少会相应减少对应企业的收入，因此可能引起中长期的恶性循环。
以中国饭店协会3月3日发布的《新冠疫情下中国餐饮业发展现状与趋势报告》中可以发现，2020年春节期间营收同比减少80%以上的餐企占比88%，其中客流与去年同期相比下降91.5%。此外，由于受到疫情影响，许多国家为了控制病毒传播而实施旅游限制，这也将进一步给旅游服务业带来更为严峻的冲击。
(image_address=""http://u.thsi.cn/imgsrc/input/a990a3e19fe4d17f046a47e295a19abe.png"")
2.疫情冲击经济，影响原油需求
首先，从宏观经济上分析，两次时间段内，全球整体宏观经济出现明显回落。以美国为例，GDP增速由2015年一季度3.8%，下滑至2016年一季度的1.2%。中国也呈现类似特征，同期增速下滑至6.9%。故从全球主要经济体来看，经济增速均呈现一定程度的回落，这也就对能源的需求带来一定的利空影响。此次，经济情况类似，中美均面临一定的经济下行压力，美国2019年末GDP增速回落至2.3%，中国2019年末GDP增速回落至6.1%，未来随着疫情的发酵，将进一步打击原油需求。
(image_address=""http://u.thsi.cn/imgsrc/input/2f5059b8627e9ea3837ae36797ebb45d.png"")
从这两次时间段对比上分析，2014年考虑到国际能源署下调石油需求预测，叠加OPEC重申不减产，同时随着美元指数的走强(石油以美元计价，美元强，石油价格下降)，原油价格出现大幅下跌。此次，与前次背景有所类似，国际能源署预计2018-2024年原油需求走弱，同时OPEC成员国沙特大幅增产，但不同的地方在于美元指数的回落。 
(image_address=""http://u.thsi.cn/imgsrc/input/c1afdbafe0423d12aa61f707382eacd1.png"")
按照国际能源署(IEA)预测，2020年中国原油需求为每日32万桶，相比2018年每日44万桶，有所下滑，除中东和印度外的其他国家，2020年原油需求每日63万桶，相比2018年每日减少11万桶。当前叠加美元指数的走弱，未来大幅下跌的空间可能有限。
(image_address=""http://u.thsi.cn/imgsrc/input/0a99ec4f86f5b35b0b695b9451fa54da.png"")
3.原油下行，通胀结构分化
油价下跌最直接影响的经济指标就是物价。最近10年的两次油价大跌，一次是在2014Q3-2015Q4，持续时间较长，累计跌幅超过65%；另一次在2018Q4,单季度跌幅达到37%。两次都造成了CPI和PPI的对应分项环比增速大幅回落。2014年8月起，CPI中的交通工具用燃料环比连续7个月为负，且环比跌幅极大；PPI中的原料价格同样环比下跌。2018年Q4也出现了类似的情况。
本轮油价下跌，可参照前两次。首先从CPI上来分析，交通工具用燃料的占比大约在2%左右，若是油价下跌10%-15%，则会拉低CPI 0.2%-0.3%。2月由于疫情因素，CPI预计维持在5%以上，但3月起CPI的翘尾因素逐渐减弱，且随着疫情好转，食物的供应将会改善，CPI整体无太大压力。若原油价格长期维持在30美元/桶，预计CPI的回落速度将会更快。
(image_address=""http://u.thsi.cn/imgsrc/input/892c29d5d736f5893f4d751434b46949.png"")
CPI主要是居民消费，对油价的波动并不是特别敏感。PPI中，石油及相关产品所占的比重会大幅增加。在之前两次油价大跌中，PPI的同比环比均迅速恶化。2014年这次持续时间很长，曾使得PPI环比连续26个月负增长。2018年的持续时间相对较短，但也使得PPI环比连续4个月负增长。对比两次原油价格的下跌，通胀结构明显不同，2014年的组合类别为“低PPI+低CPI”，2018年的组合为“高PPI+低CPI”，2020年组合为“低PPI+高CPI”，预计未来随着PPI的转负，CPI-PPI的裂口将大概率扩大。如果PPI持续维持负增长，对于上游企业盈利水平的改善将带来承重打击。
(image_address=""http://u.thsi.cn/imgsrc/input/6d0e92d48619073b56e1eb3d0763cdb7.png"")
4.PPI走低，企业盈利环境恶化
由于PPI和工业企业的利润息息相关，因此油价下跌后，工业企业的经营状况也会受到影响。自2014年年中油价开始暴跌后，工业企业利润增速和存货增速也出现了拐点。其中利润增速直到2015年底才开始出现好转，而去库存的过程一直持续到2016年年中。当然这次好转是由于供给侧改革，若没有这次事件性的影响，调整的时间会更久。2018年三季度这次油价大跌，尽管此前已经开始了被动去库存，但这次油价下跌影响了PPI，也加速了利润和库存双下的进程。
此外，制造业PMI也受到这两次油价下跌的影响。第一次从2014年7月的51.7一直震荡回落到2016年2月的49.0，而第二次则从2018年8月的51.3，持续回落至2019年2月的49.2。这和工业企业的经营状况也得到了相互印证。
(image_address=""http://u.thsi.cn/imgsrc/input/4e44962ef484eeb46b44444bb95b0d5f.png"")
若无此次疫情和油价暴跌的影响，国内大概率会进入被动去库存或主动补库存的周期，但此次疫情导致许多大宗商品库存暴增，叠加此次油价大跌，主动去库存的进程或将进一步延长。
5.稳增长压力渐增，货币政策偏宽松
2014年7月至2015年1月间，随着国际油价的大跌，CPI和PPI出现明显走低，不仅如此，GDP增速由2014年一季度的7.5%，下滑至2015年一季度的7.1%，下滑约0.4%。故在经济下行，通缩压力渐起的背景下，央行出于稳增长的角度，首先对于存贷款基准利率做出一定调整。2014年11月22日，央行将5年起中长期贷款利率下调40BP至6.15%，而后连续五次降息(2014年11月22日至2015年10月24日间，降息6次，共下调165BP)至4.9%，降息幅度约为125BP。
(image_address=""http://u.thsi.cn/imgsrc/input/7a08c513de2434d01cc936a1dd23fd19.png"")
此后，随着油价进一步的下行，央行自2015年2月宣布降准，延续至2016年3月，降准幅度约为3%，共操作5次，其中大型金融机构存款准备金率由20.0%，下调至17.0%。货币政策由稳健转为宽松。
(image_address=""http://u.thsi.cn/imgsrc/input/9e34febe26c8dea5586d2af67bcf21d8.png"")
此次，受到新型冠状病毒影响，以及油价的持续下跌，宏观经济存在进一步下行的风险。故对于央行来说，稳增长成为短期的首要目标。当前，大型金融机构存款准备金率为12.5%，相比2016年下行4.5%。从LPR上分析，1年起贷款利率由2019年8月的4.25%，下行至当前的4.05%，五年期贷款利率由同期的4.85%，下行至当前的4.75%。故整体节奏上，与上一次经济下行期类似，货币政策偏宽松，将进一步加快经济复苏。此外，考虑到当前通胀结构的分化，CPI处于5.4%的高位，PPI处于0.1%的较低水平，未来随着大宗商品价格的下跌，未来货币政策空间将进一步加大。
同花顺上线「疫情地图」
点击查看：新型肺炎疫情实时动态地图>>>
关注同花顺财经（ths518），获取更多机会
(function(){var obj = null;if(document.getElementById('arctTailMark')) {obj = document.getElementById('arctTailMark');}if(obj!=null){var str = '(image_address=""http://i.thsi.cn/images/article/logo.jpg"")  返回首页';var showed = 0;try{var oo = obj.previousSibling;while(oo.nodeType!=1 || oo.innerHTML.replace(/\s|\u3000/g,'').length==0){oo = oo.previousSibling;}if(oo.nodeType==1 && oo.tagName.toLowerCase()=='p') {var span = document.createElement('span');span.innerHTML =str;oo.appendChild(span);showed = 1;}}catch (e){}if(showed == 0){obj.innerHTML =str;}}})();
责任编辑：yk",2020-03-11 12:02:51,同花顺
