,title,content,pub_time,src
0,70%在华美企预计供应链不到三个月就能恢复正常,"(image_address=""http://e.thsi.cn/img/627729f52686723d"")
北京时间17日消息，普华永道与北京和上海的美国商会周五联合发布的一项调查显示，大部分在华美企没有计划因疫情而将生产或采购活动转移到其他地区或国外。
近70%的受访企业表示，他们预计他们的中国供应链业务将在不到三个月内恢复正常，96%的受访者预计将在三至六个月内恢复正常。
责任编辑：于健SF069
同花顺上线「疫情地图」
点击查看：新型肺炎疫情实时动态地图>>>
关注同花顺财经（ths518），获取更多机会
(function(){var obj = null;if(document.getElementById('arctTailMark')) {obj = document.getElementById('arctTailMark');}if(obj!=null){var str = '(image_address=""http://i.thsi.cn/images/article/logo.jpg"")  返回首页';var showed = 0;try{var oo = obj.previousSibling;while(oo.nodeType!=1 || oo.innerHTML.replace(/\s|\u3000/g,'').length==0){oo = oo.previousSibling;}if(oo.nodeType==1 && oo.tagName.toLowerCase()=='p') {var span = document.createElement('span');span.innerHTML =str;oo.appendChild(span);showed = 1;}}catch (e){}if(showed == 0){obj.innerHTML =str;}}})();",2020-04-17 12:59:55,同花顺
1,疫情对中国就业的冲击究竟有多大,"目前中国失业规模到底多大？疫情对于就业的冲击会持续多久？不断加码的各类补助是否会给财政带来挑战？
2020年2月中国各行业相继复工，家住湖北省黄冈市的李光（化名）却收到公司寄来的解除劳动合同通知书。他所在的企业由于运营成本压力，在未提及补偿的情况下将他解雇。在新冠疫情的冲击下，与李光一样骤然失去工作的人不在少数。
4月17日，根据中国国家统计局公布的数据，一季度全国城镇新增就业人员229万人；3月份全国城镇调查失业率为5.9%，比2月份下降0.3个百分点。其中25-59岁群体人口调查失业率为5.4%，低于全国城镇调查失业率0.5个百分点，比上月下降0.2个百分点。31个大城市城镇调查失业率为5.7%，与上月持平。
根据此前数据，2月全国城镇调查失业率为6.2%，相较1月的5.3%提高了将近一个百分点，是自2018年使用城镇调查失业率指标取代原本城镇登记失业率以来的最高值。
可以注意到，稳就业、保障失业人员生活成了当下减少失业率上升影响的一体两面.4月10日，人社部失业保险司司长桂桢表示，国务院实施了三项新举措保障失业人员生活：一是对领取失业保险金期满仍未就业且距法定退休年龄不足一年的，将发放失业保险金至其退休；二是向领取失业保险金期满仍未就业、不符合领取失业保险金条件的参保失业人员发放6个月的失业补助金；三是在今年3月到6月，对领取失业保险金和失业补助金的人员双倍发放价格临时补贴。
3月18日，国务院办公厅印发《关于应对新冠肺炎疫情影响强化稳就业举措的实施意见》，该文件提出了不少新举措扶持企业：一是阶段性减免社保费，据人社部副部长游钧介绍，2月共为企业减免养老、失业、工伤三项单位缴费共1239亿元，预计2至6月减免额度将超过5000亿元；二是对不裁员或少裁员的中小微企业，失业保险费返还标准由原来的企业及其职工上年度缴纳的50%，提高到最高100%。
除了新增失业人员，今年高校毕业生规模亦达到874万的历史新高。上述文件便明确要求国有企事业单位、基层服务项目扩大招聘规模，加大对中小微企业招用高校毕业生的资金激励，拓展创业担保贷款政策的覆盖范围等，意欲吸纳这部分新增求职人口。
扩就业举措频频，失业人员似乎也拥有失业保险金、失业救助金、价格临时补贴等多重保障。那么，目前中国失业规模到底多大？疫情对于就业的冲击会持续多久？不断加码的各类补助是否会给财政带来挑战？
实际失业率可能更高
根据国家统计局公布的数据，2月，全国城镇调查失业率为6.2%，相较1月的5.3%提高了将近一个百分点，是自2018年使用城镇调查失业率指标取代原本城镇登记失业率以来的最高值。3月份全国城镇调查失业率有所下降，为5.9%。
关于整体失业人数的计算，中国人民大学劳动人事学院院长杨伟国向《财经》杂志记者表示，准确的计算方式是以城镇就业人口和失业人口之和乘以城镇调查失业率，所得即为整体失业人数。
按此计算，2019年年末全国城镇调查失业率为5.2%，可得出城镇就业率为94.8%，国家统计局发布的2019年国民经济和社会发展统计公报显示，2019年年末全国就业人员约7.7亿，其中城镇就业人员约4.4亿。以4.4亿城镇就业人口计，可得出2019年年底城镇就业人口和失业人口之和约为4.6亿，乘以3月的城镇调查失业率5.9%，可得知3月底全国失业人口规模约2714万。
“一般自然失业率为4%，中国以往城镇调查失业率大约都在5%左右，以这次疫情的冲击强度，这一失业规模其实并不算大。”中国社会科学院经济研究所微观经济学研究室主任王震向《财经》记者表示。然而，王震亦指出，由于城镇调查失业率未能覆盖全部就业群体，因此实际失业率可能更高。
城镇调查失业率是通过抽样调查推算所得的失业人口占全部城镇劳动力的比重。2013年，国务院总理李克强在英国《金融时报》发表署名文章，是中国首次向外公开调查失业率相关数据。2018年4月，城镇调查失业率正式成为国家统计局每月评估全国就业情况的关键指标。
然而，由于城镇调查失业率不覆盖个体工商户、小微企业、灵活就业人群，因此其并不能完全反映中国实际失业规模。“我们一整套统计制度，其实都基于标准工业化的就业方式，即正规就业，而大量的灵活就业、个体经营户并未覆盖。其中，城镇个体就业人员占全部城镇就业人员的比重约24%，除了城镇人口外，还有约2.6亿的农民工，其中1.7亿农民工外出就业，由于流动性强，这部分人群难以纳入统计，而他们的就业受此次疫情影响最大。”王震向《财经》记者分析道。
一边是失业规模扩大的潜在压力，另一边，中国今年还将新增874万的高校毕业求职人口，失业率是否还会上升？中国今年的就业形势如何？
暂不会出现大规模失业潮
从宏观规划来看，每年“两会”期间公开的政府工作报告都会提及当年的新增就业目标。由于新冠疫情影响，2020年中国“两会”时间暂未确定，但从往年的新增就业情况来看，今年政府层面在实现新增就业指标上似乎并无太大压力。
2020年是“十三五”规划的收官之年，按照规划，“十三五”期间将实现5000万的新增就业目标。根据国家统计局公开的数据计算，2016年至2019年已实现5378万新增就业的规模，这意味着结合疫情的考虑，今年在制定新增就业目标上将更具弹性。
智联招聘在4月8日发布的《2020年春季中国雇主需求与白领人才供给报告》显示，2020年春季求职期，全国人才求职竞争指数（竞争指数=收到的简历投递量/发布的职位数量）为46.3，这意味着在全国范围内平均每46.3人竞争一个岗位，竞争指数环比提高11.8。
从企业性质看，民营企业由于职位发布数同比下降46.9%，小微企业招聘需求大幅收缩，在简历投递数同比下降45.0%的情况下，竞争同比加剧。相较之下，国企职位供给相对稳定。
从产业结构看，相比农业和制造业，由于服务业的生产和消费过程同时进行，对人群的聚集有更高要求，因此服务业无疑成了此次新冠疫情冲击最直接的领域，主要集中在旅游、酒店餐饮和文体娱乐等行业，特别是中小企业、小微企业和个体经营者等抵御风险较弱的市场主体。
4月14日，国家发改委副主任宁吉喆发表署名文章指出，1月-2月，服务业生产指数同比下降13%，其中住宿和餐饮业、交通运输仓储和邮政业、批发和零售业下降幅度较大。
有学者向《财经》记者表示，尽管目前从城镇调查失业率上看，无法体现出疫情对整体就业的实际冲击力度，但由于疫情会带来产业结构变化，对整体就业的影响将在今后逐渐显现。“疫情对就业的冲击至少持续一年，而其带来的结构性变化对就业的影响是长期的。”这名学者表示。
此外，由于全球疫情蔓延导致的经济恶化，外贸领域也正面临着增长压力。4月14日，中国海关总署公布外贸进出口数据：尽管3月中国进出口回升，同比下降0.8%，降幅较1月-2月收窄8.7个百分点，但整体来看，2020年一季度中国货物贸易进出口总值6.57万亿元，比去年同期下降6.4%。
“大部分劳动密集型出口企业会受到很大影响，我曾到东部沿海调查出口企业，很多企业的利润微薄，它们的劳动力人均成本只要再上升1分钱，就会面临倒闭的境遇，疫情的冲击无疑加速了这部分企业的退出。”王震对《财经》记者说。
尽管疫情冲击带来就业增长压力，但多名学者向《财经》记者表示，一方面，国内复工复产进程加速，就业情况会逐渐好转，另一方面，政策层面可调节的余地和工具很多，中国经济存在一块很大的“腹地”，“对于农民工来说，实在不行可以回家乡务农，这是中国与其他国家情况不一样的地方。因此即使失业规模增大，也不会出现大规模的失业潮”。王震说。
企查查大数据显示，尽管2月-3月所有行业的招聘岗位数量均不及2019年同期的数量，但3月较2月新增岗位环比增长273%。复工复产提速带来了招聘需求。
杨伟国向《财经》记者表示，失业率走势应从三方面着手考虑。一是从市场机制层面上看，疫情期间存在大量维持劳动雇佣关系，但没有实质工作进展的情况，这部分人群的劳动关系维持的时间，以及疫情后的补偿性增长情况将影响失业率；二是从社会层面看，在市场条件下，以往一些基层服务型岗位往往难以得到满足，这一时期这类岗位会吸纳一部分劳动人口，降低失业率；三是国家层面通过鼓励参军、扩大研究生招生规模、专升本规模，延缓部分人的就业需求。“本身要找工作的人退出劳动市场，实际也是降低失业率。”杨伟国说。
失业救济存在“漏出”群体
目前，涉及失业救济的资金主要来自社会保险体制，即失业保险金，此外还有失业补助金、价格临时补贴和一次性生活补助等。其中，失业人员的相关支出从失业保险基金中列支，阶段性提高的价格临时补贴标准，增支的部分中央财政将按照东部地区30%，中部地区60%，西部地区80%的比例进行补助。
4月10日，在国务院联防联控机制新闻发布会上，据桂桢介绍，截至3月底，全国已经向230万名失业人员发放失业保险金93亿元，代缴医疗保险费20亿元，发放价格临时补贴6亿元，向6.7万名失业农民合同制工人发放了一次性生活补助4.1亿元。
根据人社部公布的最新数据，截至2018年底，全年失业保险基金收入1171亿元，支出915亿元，年末累计结存5817亿元，相较之下，目前失业保险基金支出并不多。
“无论是失业保险基金支出，还是救济金给财政带来的压力其实都不算大，原因在于中国整个的就业保护和社会保障系统，瞄准的都是正规就业人员，大量非正规就业的人并未覆盖，例如个体经营户、灵活就业人员等。此外，失业保险的参保率并不高，2018年底，城镇就业人员中仅约45%的失业保险参保率，一半都不到。”王震告诉《财经》记者。
大量城镇就业人员游离于正规的就业保护和社保体系之外。可以注意到，除了失业保险金，失业补助金的领取资格为不符合法定领取失业保险金条件的参保失业人员，而价格临时补贴，面向的人群为领取失业保险金和失业补助金的人群，目前的失业救济存在大量“漏出”群体。“疫情期间暴露了中国就业保护和社保体系存在漏洞和发展困境，而灵活就业显然在疫情期更为活跃，提供了不少就业机会。”王震表示。
由于疫情期间人口流动减少，民众更倾向于在省内寻找短期替代性的工作。根据美团公布的数据，1月20日至3月18日，美团新注册骑手33.6万人，这些新注册骑手半数以上为本省居民。
“零工经济意味着未来民众更多元的就业选择，但政策对其发展将会有很大影响，目前社会保障只能来源于员工跟某一家公司签的劳动合同，而这些外卖员、快递员更多是与平台形成合作关系，而非传统的雇佣劳动关系。”杨伟国向《财经》记者表示。
对此，王震建议，传统社会保障和就业保护从政府、到企业，再到员工的治理链条应该转变，变为政府、到社区，再到个人的模式。“为何此次疫情管控能具体到个人？社区发挥了很大的作用，社会保障体系治理链条可从中获得启示”。
关注同花顺财经（ths518），获取更多机会
(function(){var obj = null;if(document.getElementById('arctTailMark')) {obj = document.getElementById('arctTailMark');}if(obj!=null){var str = '(image_address=""http://i.thsi.cn/images/article/logo.jpg"")  返回首页';var showed = 0;try{var oo = obj.previousSibling;while(oo.nodeType!=1 || oo.innerHTML.replace(/\s|\u3000/g,'').length==0){oo = oo.previousSibling;}if(oo.nodeType==1 && oo.tagName.toLowerCase()=='p') {var span = document.createElement('span');span.innerHTML =str;oo.appendChild(span);showed = 1;}}catch (e){}if(showed == 0){obj.innerHTML =str;}}})();
责任编辑：cyf",2020-04-17 12:58:36,同花顺
2,2020年一季度全国主要监测城市总体地价较去年同期增长2.66%,"中证网讯（记者 王舒嫄）自然资源部中国地价信息服务平台17日发布《2020年第一季度全国主要城市地价监测报告》显示，2020年第一季度，从同比看，全国主要监测城市总体地价较去年同期增长2.66%，增速较上一季度下降1.11个百分点。分用途看，商 服、住宅、工业地价同比增速依次为1.36%、3.89%、1.72%，较上一季度分别下降1.42、1.08、0.89个百分点。其中，住宅地价同比增速连续八个季度放缓，综合、商服地价同比增速连续七个季度放缓，工业地价同比增速持续放缓。
同花顺上线「疫情地图」
点击查看：新型肺炎疫情实时动态地图>>>
关注同花顺财经（ths518），获取更多机会
(function(){var obj = null;if(document.getElementById('arctTailMark')) {obj = document.getElementById('arctTailMark');}if(obj!=null){var str = '(image_address=""http://i.thsi.cn/images/article/logo.jpg"")  返回首页';var showed = 0;try{var oo = obj.previousSibling;while(oo.nodeType!=1 || oo.innerHTML.replace(/\s|\u3000/g,'').length==0){oo = oo.previousSibling;}if(oo.nodeType==1 && oo.tagName.toLowerCase()=='p') {var span = document.createElement('span');span.innerHTML =str;oo.appendChild(span);showed = 1;}}catch (e){}if(showed == 0){obj.innerHTML =str;}}})();
责任编辑：cjh",2020-04-17 12:56:11,同花顺
3,香港首季工商铺楼宇买卖合约登记录625宗 创历史新低,"4月17日，中原地产研究部高级联席董事黄良升指出，香港2020年第一季整体工商铺楼宇买卖合约登记录625宗，打破2019年第四季771宗的历史低位，创下历史新低。肺炎疫情进一步打击香港经济，零售市况首当其冲，拖累工商铺数字再创新低。
金额方面，2020年首季录71.09亿港元，由于缺乏大额成交，以致金额继2009年第一季66.74亿港元后，创金融海啸后按季新低。肺炎疫情仍然持续，相信第二季数字继续低位徘徊。
单计3月，其录得217宗，连续7个月低于300宗低水平。当中2019年9月至12月期间，每月登记平均约260宗，近3个月登记进一步降至平均约210宗水平，金额亦连续3个月徘徊于23亿港元低水平附近。
写字楼方面，3月份录35宗，与2月份33宗的历史低位相若。自2019年8月开始，宗数长期低于100宗水平，当中2019年8月至12月期间，平均每月约50宗登记。而2020年1月开始，肺炎疫情扩散，近3个月登记进一步下跌，平均每个月仅35宗水平，持续于历史低位徘徊。金额则录3.52亿港元，与2月份的2.86亿元相若。
而2020年首季录106宗及11.46亿港元，按季跌26.9%及94.5%。2020年首季金额急跌，主要是2019年第四季尖沙咀金巴利道28号录得一宗逾40亿的成交推高基数所致。宗数连跌三季，由2019年第二季的381宗连跌至2020年首季的106宗，兼打破2016年第一季141宗的历史低位，创下历史新低。
同花顺上线「疫情地图」
点击查看：新型肺炎疫情实时动态地图>>>
关注同花顺财经（ths518），获取更多机会
(function(){var obj = null;if(document.getElementById('arctTailMark')) {obj = document.getElementById('arctTailMark');}if(obj!=null){var str = '(image_address=""http://i.thsi.cn/images/article/logo.jpg"")  返回首页';var showed = 0;try{var oo = obj.previousSibling;while(oo.nodeType!=1 || oo.innerHTML.replace(/\s|\u3000/g,'').length==0){oo = oo.previousSibling;}if(oo.nodeType==1 && oo.tagName.toLowerCase()=='p') {var span = document.createElement('span');span.innerHTML =str;oo.appendChild(span);showed = 1;}}catch (e){}if(showed == 0){obj.innerHTML =str;}}})();
责任编辑：cjh",2020-04-17 12:55:55,同花顺
4,魏江：应对疫情需发挥多元治理主体作用,"“中国在社会治理主体、治理机制、治理手段、治理制度等方面都仍需进一步提升治理能力，尤其是要发挥多元治理主体作用，形成功能互补、互联互通的治理系统。”
(image_address=""http://e.thsi.cn/img/c882857a4215aa"")
文 |《财经》记者 焦建
作为一场看不见硝烟的“战争”，对新型冠状病毒肺炎疫情的防控与应对，已涉及中国从社会治理到企业经营等方方面面。
在各方不断将相关工作抓实抓细的过程中，也不断反映出一系列有待完善的做法。例如，在一段时间内，一些地区采用封门堵路等方式限制人员流动、限制企业复产；再例如，有的地区企业想复工的话，曾一度需要填15个表格、2份承诺书，制定1个应急预案、1个复工方案、1套食堂防护措施和1套宿舍防护措施，共计21份材料。
在平衡防疫和经济社会发展需求之间，如何扭转这种“一刀切”方式，让治理效果不断提升，正是中国相关研究界人士的热点话题。“究其原因，社会治理是一个非常复杂的系统，单纯依靠政府的行政治理力量是不够的，而是需要从个体到社群、社区到经济主体再到政府的多元主体，形成多层次协同治理体系。发挥一系列社会治理主体的作用。”浙江大学管理学院院长、教育部长江学者特聘教授魏江在近日接受《财经》记者专访时提醒称。
“下一步，中国在社会治理主体、治理机制、治理手段、治理制度等四个方面都仍然需要进一步提升治理能力，尤其是要发挥多元治理主体作用，形成功能互补、互联互通的治理系统。要不断探索市场机制发挥作用的可能性，为企业和社会组织参与社会治理拓展空间。”魏江称。
协同多元主体提升社会治理
《财经》：从“非典”到“新冠”，中国社会各界对疫病防控体系等方面的认识不断清晰且深入。对于避免下一次疫情来说，这种变化有无意义？
魏江：很多专家学者将新冠病毒的传播定性为“黑天鹅事件”，我则认为是“灰犀牛”事件，因为这是病毒变异的结果，而病毒变异则是大概率事件，到来后的破坏性很大，所以必须进行涉及方方面面的防控准备。
这次疫情发生后，在城市与城市之间、城市与村庄之间、村庄与村庄之间，以及整个网络化社会被分割为“孤岛”后，暴露出来了一系列的社会治理问题，比如“吹哨人”被训诫、传谣与真相传播问题、物资分配问题、部分流动人口无处可归问题……等等。从根本上来看，导致这一系列原因是源于行政力量无法顾及到方方面面所导致的。比如疫情防控前期，部分流动人口无处可归，有人则在高速公路上进退两难，面临“山阴不管、会稽不收”的尴尬境地，有些社区隔离措施“一刀切”产生了新的无处可去的流动人口。
整体来说：新冠疫情防控凸显出中国集中力量办大事的制度优势，同时也暴露出公共卫生综合治理方面的若干短板。对未来可能出现的类似事件如何应对提出了新的社会治理及公共管理命题。
《财经》：新命题的核心是什么？如何解答？
魏江：首先，我们必须明确，“灰犀牛”事件是可以控制的，是可以采取相关政策进行应对的。比如在对这次疫情的响应过程中，浙江的反应速度之所以相对较快，是因为浙江经常面临与此类似的台风事件，已经形成了较完善的预警机制和响应机制。
具体而言，浙江建立起了“五色图”――县域疫情风险地图体系――把90个县（市、区）的疫情风险等级评为5个等级，在地图上相应由红、橙、黄、蓝、绿五色表示。其中，一码是指“健康码”，依靠大数据有助于尽量避免防疫盲区；一指数是指“疫情管控力指数评价”，自行前往确诊的比例是与疫情管控力成反比的重要衡量指标。通过该指数发现疫情管控力的短板，落实责任。浙江省实行全面的智控，既为科学精准有效防控提供依据，也将为全省复工复产提供有效宏观引导，缓解疏导群众紧张情绪。
其次，我们也必须清晰地认识到：在应对一系列事件当中，多元化的社会治理主体其实可以贡献很大的力量，如果不团结调动这些社会力量，就容易产生因为政府顾及不到而导致“孤岛”现象等一系列问题。
在多元化主体中有一支重要的社会力量，就是企业。社会治理涉及巨大的成本，像物资配送、医院管理、人口流动、信息维护等都需要考虑很多经济因素。谈及经济问题，企业是最有效也是最灵敏的。为了让企业在疫情中发挥应有的作用，就要发挥市场的协调作用，让市场与政府这两只看不见的手和看得见的手建立起有效互动。社会治理的主要手段是行政和法律，而随着中国社会治理制度的不断完善，企业和社会组织参与治理的可能性越来越高。
《财经》：应如何建立这种有效互动关系？
魏江：首先，要明确好治理主体的问题。除了党和政府，在网络化时代，还应该发挥专业社团、社区社群、企业组织、民间个人等多元社会治理主体的协同作用，形成功能互补、互联互通的治理系统，消除信息孤岛，实现有效治理。具体来说，可以分为以下几类：一、医学专业社团的治理功能，是发挥其专业之所专长，以其资格和资质背书，来普及传播科学知识，通过真理的声音来对冲谣言的“惑众”；二、社区社群的治理功能，是发挥社群的人情关怀作用，解决疫情中发生的非人性化行为，如简单粗暴地把疫区回来的人拒绝在外，导致不少人无家可归；三、企业组织的治理功能，是发挥其通过市场化机制解决人们生产和生活的物资供应、物流响应和服务保障；四、民间个人的治理功能，是发挥专业人士或者社会人员的作用，比如，在心理疏导、生活关怀等方面可以发挥独特作用。
在欧美国家，社会组织和企业较为深入地参与公共卫生综合治理，充分发挥其快速高效的反应机制的优势，也能充分体现出社会治理中较强的成本意识。我们在进行相关制度设计的时候，不应仅仅根据参与者是政府组织、社会组织或者市场组织的身份不同，而把有的组织和个体排斥在治理主体之外。
其次，要解决好治理机制问题，这次疫情说明封闭式治理机制是行不通的。政府应急部门要针对各类治理主体，设计好具体的治理制度和手段，突发事件发生后，能迅速动员起各类治理主体，发挥紧密协同作用，快速应对疫情风险。比如，专业团体要有遴选制度、工作准则、责任规矩等办法；再比如，对于社区社群，则要有责任人、防控硬件条件、生活保障条件等方面的应对办法。
第三，要解决好信息互动机制。信息互动是有效的治理手段，网络化社会的最大优点是互联互通，信息传播快，如果没有快速协调手段，就没有办法实现资源的最优化配置。这次疫情中发生的捐款不到位、物资分配不合理、城市之间人员信息不共享，就说明不同部门之间存在严重的“孤岛效应”。
第四，要解决好治理责任制问题。责任制是治理制度中的保证体系。中国要通过立法和条例等制度形式，来规范不同治理主体的责任。而最近召开的中央全面依法治国委员会第三次会议也提出，要“全面提高依法防控依法治理能力，为疫情防控提供有力法治保障”。
避免纾困政策“拳头打在棉花上”
《财经》：随着武汉解除封城，全国的经济社会生活逐渐加速恢复常态，保经济的重要性日益凸显。疫情将给中国经济带来哪些影响？
魏江：新冠病毒更具隐蔽性和传染性，感染人数要远远超过2003年的非典时期，所以此次疫情的冲击和后果会较非典时期更为严重，但总体可控。
首先，从总量上看，这次疫情短期直接冲击的是第三产业，特别是对消费产业的影响。影响情况可用几个基本数据来估算：一是根据2019年全年三产贡献率为59.4%计算，今年，因消费业冲击对经济增长的影响估计是2003的1.6倍，按照2019年中国GDP达到百万亿测算，短期内一季度增速会下降到3%-4%，那对全年经济增长的影响在1%左右，总损失会在1万亿以上。二季度目前看来还会明显受影响，形势不太乐观，如果继续维持3%-4%的增速，那全年的GDP冲击就大了。所以，国家正在通过要素市场改革来启动新的增长点。
其次，对于三产和消费行业来说，压力会集中在一季度。短期影响最大的行业是餐饮、旅游、文化娱乐、交运、教育培训等，损失主要来自疫情期间不能开展正常经营。目前，这些产业正在逐步恢复经营，但总体估计，要今年下半年才有可能回复正常；对于制造业企业来说，由于需求和生产骤降，投资、消费、出口均受明显冲击。而制造业受到的影响具有延后期，再加上疫情全球严重蔓延，整个出口型产品制造业的影响会延续全年。
《财经》：为降低疫情冲击，从中央到地方纷纷出台各类政策，目前来看效果如何？
魏江：企业生存问题，最重要的就是3个关键因素：有人干活、钱不掉链、带动消费。疫情出现之后，各地政府相继出台了一系列旨在帮助企业纾困的15条、17条、21条......政策。但整体来看，虽然其出发点是好的，出台速度也挺快，但不少企业还是纷纷反映其“效果有限”，有点像是“把拳头打在了棉花上”。
《财经》：要提升政策的正面效果的话，应该怎么办？
魏江：分析上述这些现象出现的原因，应该把政策分进行分类。我们要清晰的一点是：疫情对产业的影响，第一波是劳动密集的消费类产业，主要是旅游业、餐饮业、商贸业、文化娱乐业、教育等；第二波是劳动密集型生产企业，以制造业为代表；第三波则是后续受延续影响的产业，如国际贸易、出口制造业。因此，应根据产业直接受影响的时间跨度不同，把产业分为短期（第一波季度性影响产业）、中长期（第二、第三波半年后仍受影响产业）两类，分别精准施策。
站在消费业的角度去看，关键在于其没有完全弄清楚消费业的内在规律。要让消费业“活下来”并尽快复苏，关键是要找准痛点：消费行业是生产和消费同时发生的，属于短产业链。从消费行业的需求侧看，可分为刚性和弹性两类需求。比如食品、教育、网上游戏等属于刚性需求，不管疫情有没有，都会消费，所以刺激政策的效果有限。而旅游、餐饮、电影等则属于弹性需求，疫情期间的消费几乎是零，但疫情过后是可以刺激复苏的。属于弹性需求的行业，应成为政府政策的焦点。疫情期间，“活着才是王道”，要想方设法保它们的现金流，这类企业一旦现金流断掉，也就关门了；疫情后，要尽快帮助解决其劳动力问题，尽快出台消费券等政策刺激需求复苏。
站在制造业的角度去看，疫情对制造业的影响既全方位又持续时间长，具体表现为：对交货的影响，对供应链的影响，以及对现金流的影响。而企业在复工时也出现了一系列的问题：其一，不少地区，企业负责人可以复工，管理层少量复工，生产一线员工复不了工；其二，有些地区，当地员工可以复工复产，外地员工不能回来复工；其三，许多地区，生产企业复工复产的多，服务部门复工复产的少；其四，有些地区，口号喊得多，责任担得少。因此，建议从中央到地方，从省到市、县，要按照“四先四后”的产业链逻辑来布置复工复产，真心诚意为企业着想，为尽快恢复经济做出更多贡献。
总体来看：包括财政政策、税收政策、金融政策、产业政策和用工政策等，最要紧的是“救急”，让中小企业能活下来，先“活着”才能“活好”。短期最有效的手段是财政政策，响应快、针对性强；此外还应该针对员工工资、社保成本、租金成本等影响现金流的因素精准施策。比如在租金减免方面，对国有用地、用房租金建议直接减免，对非国有用地用房租金给予财政补贴；在人工成本方面，政府与企业联合解决非正常开工期间的员工工资支出，可以由政府补助兜底；在财政贴息方面，对于因疫期延长贷款的，给予疫期贴息；还可辅以金融手段，发挥国家政策性银行作用，设立疫情防控专项紧急融资，发放专项项目贷款。从中长期看，要发挥税收政策和产业政策作用，应尽快出台全年的减税政策，包括增值税、土地税、房产税等，让企业对减税降费有实实在在的获得感；在产业政策上，应加快发展网上经济，推动产业转型升级。
同花顺上线「疫情地图」
点击查看：新型肺炎疫情实时动态地图>>>
关注同花顺财经（ths518），获取更多机会
(function(){var obj = null;if(document.getElementById('arctTailMark')) {obj = document.getElementById('arctTailMark');}if(obj!=null){var str = '(image_address=""http://i.thsi.cn/images/article/logo.jpg"")  返回首页';var showed = 0;try{var oo = obj.previousSibling;while(oo.nodeType!=1 || oo.innerHTML.replace(/\s|\u3000/g,'').length==0){oo = oo.previousSibling;}if(oo.nodeType==1 && oo.tagName.toLowerCase()=='p') {var span = document.createElement('span');span.innerHTML =str;oo.appendChild(span);showed = 1;}}catch (e){}if(showed == 0){obj.innerHTML =str;}}})();
责任编辑：cyf",2020-04-17 12:55:41,同花顺
5,四川省：招商引资如何寻找新机遇,"投资者观望心态加重
招商引资如何寻找新机遇？
机遇在哪
国家、省上出台涵盖财税、金融、物流等方面的支持政策，货币政策趋于宽松
成渝地区双城经济圈建设、“一带一路”和西部陆海新通道建设等带来更多发展空间
生命健康、生物医药等领域将形成新增长点
怎样突围
首先要解决招引方式问题，打好组合拳，构建立体化招商体系
其次是解决招引网络问题，川渝联动是关键
第三是招引重点，争取更多带动力强的企业来川设立区域性总部
□记者 唐泽文
4月14日，省促进招商引资工作电视电话会上通报了一组数据――今年截至目前，四川省各地通过400多场网上招商活动，吸引投资总额超3000亿元。1-2月实际到位外资11.7亿美元，实现逆势增长。
“但后续招商工作压力很大。”省经济合作局相关负责人说。受疫情影响，全球投资领域持观望姿态的企业在增多，“要更谨慎”成为投资者的普遍情绪。
疫情影响之下，四川招商引资工作怎么做？
态势
利用政策红利，抢抓新兴机遇
“前2个月实际到位外资逆势增长，但国内省外的资金引进一季度有所下跌。”省经济合作局相关负责人介绍，国内省外资金目前各市州的统计还未齐全，但下跌的趋势可以预计。“外资增长是因为年初有大项目落地。今年后三个季度的外资招引仍存在压力。”
招引任务更重、招引难度更大是四川省投资促进工作面临的双重压力。
前者主要是传统投资促进活动因疫情受到影响。比如占四川省全年招引目标任务60%以上的西博会，按照国家要求将延期举办。后者则更多取决于客商。由于多国下调经济增长预期，投资市场的观望态度在提升；同时，发达国家实施制造业回归计划，全球产业布局的调整，将让资本市场的争夺更激烈。
挑战的另一面是机遇。为缓解疫情影响，国家、省上出台涵盖财税、金融、物流等方面的支持政策。加之近期货币政策趋于宽松，资本市场资金面总体宽裕，为企业加大投资提供了机遇。
成渝地区双城经济圈建设、“一带一路”和西部陆海新通道建设等也将带来更多发展空间。“我们要把握国家和省级出台政策的新红利，盯紧疫情催生出的新招商领域和投资空间，努力完成全年招商引资目标任务。”省经济合作局相关负责人说。
针对这些新契机，一些地方已开始提前谋划。位于广安的川渝合作高滩园区里，四川瑞创汽车科技有限公司主要从事汽车新产品研发设计工作。“网联汽车是我们的研发重点，这跟成渝两地的产业合作方向契合。今年将加大研发投入，开拓成渝两地市场，趁着双城经济圈建设时机把企业做强做大。”该公司相关负责人说。
“氢燃料动力商用车是今年跟四川的合作重点之一。我们将在纯电动轻卡的开发经验基础上，开发氢燃料动力商用车。预计2021年完成氢燃料产品生产准入并实现量产。”现代商用汽车（中国）有限公司副总经理郑明采说。
此外，商贸零售、酒店餐饮、旅游文娱等被压抑的需求也将逐步释放。疫情之后，生命健康、生物医药等领域将形成新增长点。5G网络、数字经济、智能制造等新兴产业将形成创新优势。这些趋势性变化，会催生更多投资空间。
突围
使出“三板斧”，力争完成目标
当前形势下，四川省招商引资具体怎么突围？
“首先要解决招引方式问题。”省经济合作局相关负责人介绍，四川省将综合运用专题招商、小团组招商、行业对口招商、园区抱团招商等手段，打好组合拳，构建立体化招商体系。同时将继续用好“云招商”这一新手段。
上海医药（601607）集团副总裁刘大伟就参与了四川的一场“云招商”。“效率很高，50多分钟就开完会，这种方式能省去很多人力和时间成本。”
“前期全省‘云招商’带来的3000亿元投资只是开始，我们会继续推进。”省经济合作局相关负责人说。
其次是解决招引网络的问题。“川渝联动是关键。”该负责人介绍，4月10日，川渝两地签署产业协同招商战略合作协议书。根据协议，双方将在优势产业招商上协同互补，围绕汽车、摩托车、智能制造、电子信息、金融等重点产业加强合作。
“此前双方同质化竞争比较严重。今后我们将在招商上利用各自细分优势，进行互补性联动招商，形成更大合力。”成都市政府相关负责人说。
此外，招商工作还要进一步借力驻外机构、国际友城、知名商协会等资源穿针引线。省政府驻广州办事处相关负责人表示：“今年计划引入优质企业对四川省特色农产品进行品牌打造，提升农业产业附加值。”
第三是招引重点。从产业角度看，四川省将聚焦“5 + 1”现代工业体系、“10+3”现代农业体系、“4+6”现代服务业体系。从来源地看，四川省将聚焦欧美日韩新、长三角、珠三角、京津冀、粤港澳大湾区等产业基础和技术实力优势突出的区域。从招引主体看，四川省将聚焦“三类500强”、央企、跨国公司、上市公司、行业龙头企业等，争取更多带动力强的企业来川设立区域性总部。
下一步，四川省还将强化政策支持，梳理形成招商引资政策包，提炼推出企业关心的政策干货，协调解决企业投资运营面临的要素保障等问题，保障全面招商目标完成。
同花顺上线「疫情地图」
点击查看：新型肺炎疫情实时动态地图>>>
关注同花顺财经（ths518），获取更多机会
(function(){var obj = null;if(document.getElementById('arctTailMark')) {obj = document.getElementById('arctTailMark');}if(obj!=null){var str = '(image_address=""http://i.thsi.cn/images/article/logo.jpg"")  返回首页';var showed = 0;try{var oo = obj.previousSibling;while(oo.nodeType!=1 || oo.innerHTML.replace(/\s|\u3000/g,'').length==0){oo = oo.previousSibling;}if(oo.nodeType==1 && oo.tagName.toLowerCase()=='p') {var span = document.createElement('span');span.innerHTML =str;oo.appendChild(span);showed = 1;}}catch (e){}if(showed == 0){obj.innerHTML =str;}}})();
责任编辑：cjh",2020-04-17 12:55:24,同花顺
6,奇瑞集团将与芜湖市政府合作建设智能网联汽车创新园,"4月15日上午，在皖江江北、江南新兴产业集中区揭牌签约仪式暨安徽省第四批贯彻“六稳”重大项目集中开工现场，奇瑞控股集团与芜湖市政府签订战略合作协议。芜湖市政府将支持奇瑞在皖江江北新兴产业集中区建设智能网联汽车创新园，抢抓“新基建”机遇，加快布局新能源、智能网联、移动出行等“新增长点”，努力打造世界一流品牌。
(image_address=""http://e.thsi.cn/img/2a3b92181649abfc"")
图为签约仪式现场
根据协议，奇瑞智能网联汽车创新园项目将规划建设创新研发中心、汽车智造综合区、智能网联示范区、高端装备创新区、海陆空立体物流枢纽、总部办公集群、商务金融中心、SOD社区等。项目以数字化、网络化、智能化为引领，实施智能制造、绿色制造和创新制造工程，以促进奇瑞汽车产业链向深度和广度延伸。
仪式现场，奇瑞集团展示了旗下奇瑞汽车、奇瑞商用车、奇瑞捷豹路虎的全新系列产品，以及瑞弗救护车、房车等特种车型，覆盖传统动力和电动、混动、氢能源等领域。在前瞻技术室内展区，奇瑞最新一代轻混系统、航空发动机、混动变速箱、平台与整车架构技术、前瞻技术部件等集中亮相，全方位展示了奇瑞在网联化、智能化、动总&电动化、共享化领域的最新成果。
(image_address=""http://e.thsi.cn/img/ac188090f74a0023"")
图为奇瑞集团展区展示的部分新产品
皖江江北新兴产业集中区是“聚合”长江经济带建设、长三角一体化发展、推动中部地区崛起三个国家层面战略的产业新城，也是安徽省深入实施“制造强省”战略、加快长三角一体化发展的强力引擎。
据奇瑞集团董事长尹同跃介绍，奇瑞智能网联汽车创新园项目落户皖江江北集中区，不仅能获得集中区在政策、交通、体制、配套、环境等方面的叠加优势，高水平规划布局新兴产业，还能利用江海联运优势开拓国际市场业务，按下高质量发展的“快进键”。同时，奇瑞还能发挥龙头企业的带动作用，带动上下游关键配套企业合作伙伴等共赢发展。
多年来，奇瑞在新产业、新技术领域率先布局并取得成果。作为国内最早开展新能源领域研发的整车厂之一，奇瑞制订了“457”技术发展规划，包括四大新能源产品平台、五个通用子系统和七大核心技术，涵盖纯电动、混动、增程、燃料电池等技术。在纯电动、插电式混合动力、燃料电池汽车和48V轻混领域全面布局，已掌握VCU、DCH、电机、电池和燃料电池等核心技术。
(image_address=""http://e.thsi.cn/img/1cc500d076a47aa2"")
图为奇瑞集团展区的部分新能源产品
在智能网联领域，奇瑞是行业内最早开发智能网联主机厂之一，并在2018年推出了“奇瑞雄狮CHERYLION”智能化品牌。其中，“雄狮智云”智能网联系统拥有增强智能语音交互、AI人脸识别、AI智云管家等人工智能技术，已全面应用于奇瑞产品。
展示区的艾瑞泽5e自动驾驶汽车，展示了奇瑞自主研发的“雄狮智驾低速L4级自动驾驶技术解决方案”。该方案创新性地融入了5G+V2X技术，完成了室内室外协同高精度的定位技术研发。其定位精度小于15厘米的偏差水平，解决了无人驾驶车辆进入地下停车场、隧道等卫星信号弱的环境下的路径跟踪难题，完成了定位信号的全区域覆盖，可实现“远程召唤-智能泊车”的无人驾驶功能。
(image_address=""http://e.thsi.cn/img/e204f90c71be8886"")
图为奇瑞现场展示的自动驾驶技术
据了解，在奇瑞制定的2025战略中，计划在现有汽车业务规模的基础上，围绕新能源、智能互联、共享出行、海外业务，打造“新能源奇瑞”“智能互联奇瑞”“移动出行奇瑞”以及“海外奇瑞”。这些新业务、新增长点将是奇瑞进一步深化和延伸产业链、提升业务水平和品牌价值的重要路径。
关注同花顺财经（ths518），获取更多机会
(function(){var obj = null;if(document.getElementById('arctTailMark')) {obj = document.getElementById('arctTailMark');}if(obj!=null){var str = '(image_address=""http://i.thsi.cn/images/article/logo.jpg"")  返回首页';var showed = 0;try{var oo = obj.previousSibling;while(oo.nodeType!=1 || oo.innerHTML.replace(/\s|\u3000/g,'').length==0){oo = oo.previousSibling;}if(oo.nodeType==1 && oo.tagName.toLowerCase()=='p') {var span = document.createElement('span');span.innerHTML =str;oo.appendChild(span);showed = 1;}}catch (e){}if(showed == 0){obj.innerHTML =str;}}})();",2020-04-17 12:55:15,同花顺
7,上汽通用五菱发放10亿购车补贴提振汽车消费,"4月10日起，上汽通用五菱将发放10亿元购车补贴，这是企业今年第二次为提振汽车消费补贴消费者。五菱宝骏经销商将为全国消费者提供最高10000元的购车补贴。4月10日起消费者登录指定线上渠道，支付9.9元定金即可获得1000元保险消费券，并有机会抽取48888元购车基金。同时，在线预约保养低至8折起。2月25日至3月31日间，上汽通用五菱推出了“上班通勤安全出行，五菱宝骏10亿”活动，对所有购买五菱宝骏的个人进行购车补贴，综合优惠高达11000元。根据上汽通用五菱提供的数据，补贴消费者提振销量取得了显著成效， 3月份终端零售突破13万辆，一季度整车及KD件累计出口突破20752台/套，同比增长254%。目前，上汽通用五菱各生产基地及供应链体系已经全面复工，全国终端经销商门店开业率达98%以上。
同花顺上线「疫情地图」
点击查看：新型肺炎疫情实时动态地图>>>
关注同花顺财经（ths518），获取更多机会
(function(){var obj = null;if(document.getElementById('arctTailMark')) {obj = document.getElementById('arctTailMark');}if(obj!=null){var str = '(image_address=""http://i.thsi.cn/images/article/logo.jpg"")  返回首页';var showed = 0;try{var oo = obj.previousSibling;while(oo.nodeType!=1 || oo.innerHTML.replace(/\s|\u3000/g,'').length==0){oo = oo.previousSibling;}if(oo.nodeType==1 && oo.tagName.toLowerCase()=='p') {var span = document.createElement('span');span.innerHTML =str;oo.appendChild(span);showed = 1;}}catch (e){}if(showed == 0){obj.innerHTML =str;}}})();
责任编辑：cjh",2020-04-17 12:54:01,同花顺
8,一季度全国网上零售额22169亿元,"经济日报－中国经济网北京4月17日讯 国家统计局17日发布一季度中国经济数据。1―3月份，全国网上零售额22169亿元，同比下降0.8%，降幅比1―2月份收窄2.2个百分点。其中，实物商品网上零售额18536亿元，增长5.9%，占社会消费品零售总额的比重为23.6%；在实物商品网上零售额中，吃类和用类商品分别增长32.7%和10.0%，穿类商品下降15.1%。
（责任编辑：单晓冰）
同花顺上线「疫情地图」
点击查看：新型肺炎疫情实时动态地图>>>
关注同花顺财经（ths518），获取更多机会
(function(){var obj = null;if(document.getElementById('arctTailMark')) {obj = document.getElementById('arctTailMark');}if(obj!=null){var str = '(image_address=""http://i.thsi.cn/images/article/logo.jpg"")  返回首页';var showed = 0;try{var oo = obj.previousSibling;while(oo.nodeType!=1 || oo.innerHTML.replace(/\s|\u3000/g,'').length==0){oo = oo.previousSibling;}if(oo.nodeType==1 && oo.tagName.toLowerCase()=='p') {var span = document.createElement('span');span.innerHTML =str;oo.appendChild(span);showed = 1;}}catch (e){}if(showed == 0){obj.innerHTML =str;}}})();
责任编辑：cjh",2020-04-17 12:52:59,同花顺
9,新疆维吾尔自治区高标准农田建设见闻：天山南北整地忙,"3月28日，在新疆维吾尔自治区阿克苏地区新和县玉奇喀特乡尤勒滚协海尔村、团结新村、兰帕村等几个村的农田里，挖掘机正在翻土，平地机正在平土。听着“轰隆隆”的声音，团结新村村民玉素甫.喀斯木对眼前的土地寄予了新希望：“我要像我亲戚阿依努尔.阿巴家那样，借助高标准农田整理项目，一年多赚个四五万元。”
又是一年春耕时，新疆维吾尔自治区高标准农田建设复工复产协奏曲在天山南北奏响。近年来，新疆严守耕地红线，持续推进高标准农田建设，通过做好“加、减、乘”法，不断在“高”字上做文章，从“高”字里要效益，建一片、成一片，确保高标准农田建得好、用得上、有效益、管长远。
集中连片中的“加法”
地平整、田成方、路成网、林成行、沟相通、渠相连……高标准农田建设，要适应现代农业发展需求、助力乡村振兴，土地平整、集中连片是其首要条件、基础工程。
4月初的新疆昌吉回族自治州呼图壁县，沃野上机声隆隆。在二十里店镇东滩村，一台450匹马力的拖拉机正在近3000亩的大片农田里开展整地作业。大型农机驰骋田间，让东滩村第七村民小组党支部书记吴志明信心满满：“因为地块大，从播种到收割，大型农机都能发挥作用。”
吴志明介绍，此前，这片近3000亩的农田由116个农户种植，各家购置农机耕种，自装滴灌设施。由于滴灌设施安装方式和配置不一样，灌溉效率低，往往辛苦劳作一整年却收入微薄，有时还赔钱。2018年，依托高标准农田建设，116户的耕地实现了连片种植，耕作便利了，承包价也上来了，最终以每亩600元的价格流转出去，实现了稳定增收。
土地集中连片“1+1>2”的做法，在呼图壁县较为普遍。该县县委书记丁彦明说：“今年，我们将继续推进高标准农田建设，嵌入一些智能元素，真正让农民在‘智慧农业’中得到实惠、鼓起腰包。”
设施配套中的“减法”
农田配套基础设施薄弱、中低产田比重过大等，是新疆高标准农田建设面临的突出问题。在土壤沙化相对严重的南疆四地州，大力推进高标准农田建设，做好高效节水等设施配套中的“减法”，对农业节水增效、加强生态环境保护意义重大。
“去年，我按照高效节水模式种植棉花，节约水费约5万元，这还没算节约的化肥钱。”3月26日，正忙于平地的阿克苏地区阿瓦提县乌鲁却勒镇种棉大户艾买尔.尼亚孜告诉记者，他承包的270亩土地，原来种棉花都是大水漫灌，交水费时直心疼。高标准农田建设，让农田周围有了供排水、输变电等设施，艾买尔在高效节水种植的基础上，今年还要采用更精准、更节水的膜下种植。
阿瓦提县是棉花种植大县。今年，该县5个乡镇、2个农场、37个行政村将新建高效节水农田12.03万亩，通过节水节肥降低农业成本，助农增收。整个阿克苏地区今年将在全地区推广沙雅县50万亩高效节水试点项目经营模式，重点抓好高标准农田和高效节水灌溉工程建设，进一步提高农业灌溉保证率，减少灌溉用水总量。
3月28日，在奇台县五马场哈萨克族乡阿哈什胡拉克村、半截泉村、鸿鑫村，高标准农田整理项目工程同时开工。这3个村的高标准农田整理项目总投资1600多万元，项目建设规模为1.7万余亩，通过修建高标准田间道路、建设农田防护林、安装高效节水等配套设施，将让1600户农牧民受益。
奇台县是全国产粮大县，近年来在抓好高标准农田建设和管理，实施藏粮于地、藏粮于技战略中，已累计建设高效节水农田120万余亩，整治土地30万余亩，改良土壤60万余亩。今年起，将用1~2年的时间完成20万亩高标准农田建设任务。
脱贫攻坚中的“乘法”
稳定粮食生产，确保重要农产品有效供给，夯实现代农业发展基础，促进农民脱贫增收，提升农田排灌能力、土壤培肥能力、农机作业能力，推动种植示范基地和农产品品牌建设，改善农村生态环境，高标准农田建设在“三农”工作中释放出的乘数效应，促使新疆对高标准农田建设规划、设计要求更高，新型经营主体、涉农企业、广大农民群众等的参与积极性空前高涨。
“村里高标准农田整理项目实施之前，我家年收入约4万元。去年进行土地流转后，我既有土地租金收入，又有在县城务工的工资，年收入达到7.7万元。”喀什地区岳普湖县巴依阿瓦提乡巴依阿瓦提村村民阿依古丽.阿布来提说。
提到高标准农田建设带来的益处，阿依古丽的邻居麦麦提艾力.亚森如数家珍。他说，以前自家的土地较分散且高低不平，自己又缺乏种植技术，种植管理跟不上难以增收，加之沙尘暴、冰雹等自然灾害导致歉收。今年，他把土地流转出去了，跟着种植大户干活，既多了一份收入，还能学到现代化种植技术。
“土地流转出去后，村民有了保底收入。通过新技术推广，棉花单产由过去的不足200公斤，提高至目前的450~500公斤。我们村去年人均收入达到2.5万元，这都得益于高标准农田建设。”巴依阿瓦提村村委会主任买买提.吾斯曼说。
今年，玉奇喀特乡计划平整土地3.2万亩。新和县政府相关负责人介绍，实施高标准农田整理项目，就是要打通耕地壁垒，实现集约化生产，推行现代化耕作模式，降低土地耕作成本，保障农户增产增收。
同花顺上线「疫情地图」
点击查看：新型肺炎疫情实时动态地图>>>
关注同花顺财经（ths518），获取更多机会
(function(){var obj = null;if(document.getElementById('arctTailMark')) {obj = document.getElementById('arctTailMark');}if(obj!=null){var str = '(image_address=""http://i.thsi.cn/images/article/logo.jpg"")  返回首页';var showed = 0;try{var oo = obj.previousSibling;while(oo.nodeType!=1 || oo.innerHTML.replace(/\s|\u3000/g,'').length==0){oo = oo.previousSibling;}if(oo.nodeType==1 && oo.tagName.toLowerCase()=='p') {var span = document.createElement('span');span.innerHTML =str;oo.appendChild(span);showed = 1;}}catch (e){}if(showed == 0){obj.innerHTML =str;}}})();",2020-04-17 12:52:57,同花顺
10,国家能源局：3月份全社会用电量同比下降4.2%,"中证网讯（记者 刘杨）国家能源局官网4月17日消息，国家能源局发布3月份全社会用电量等数据。
3月份，全社会用电量5493亿千瓦时，同比下降4.2%。分产业看，第一产业用电量52亿千瓦时，同比增长4%；第二产业用电量3750亿千瓦时，同比下降3.1%；第三产业用电量702亿千瓦时，同比下降19.8%；城乡居民生活用电量988亿千瓦时，同比增长5.3%。
1-3月，全社会用电量累计15698亿千瓦时，同比下降6.5%。分产业看，第一产业用电量167亿千瓦时，同比增长4%；第二产业用电量9971亿千瓦时，同比下降8.8%；第三产业用电量2628亿千瓦时，同比下降8.3%；城乡居民生活用电量2932亿千瓦时，同比增长3.5%。
同花顺上线「疫情地图」
点击查看：新型肺炎疫情实时动态地图>>>
关注同花顺财经（ths518），获取更多机会
(function(){var obj = null;if(document.getElementById('arctTailMark')) {obj = document.getElementById('arctTailMark');}if(obj!=null){var str = '(image_address=""http://i.thsi.cn/images/article/logo.jpg"")  返回首页';var showed = 0;try{var oo = obj.previousSibling;while(oo.nodeType!=1 || oo.innerHTML.replace(/\s|\u3000/g,'').length==0){oo = oo.previousSibling;}if(oo.nodeType==1 && oo.tagName.toLowerCase()=='p') {var span = document.createElement('span');span.innerHTML =str;oo.appendChild(span);showed = 1;}}catch (e){}if(showed == 0){obj.innerHTML =str;}}})();
责任编辑：cjh",2020-04-17 12:52:52,同花顺
11,盘锦市大洼区市场监管局拟吊销61户企业营业执照,"(image_address=""//comment.10jqka.com.cn/sourcepic/12/1tC5extagtbKwb/Qws7Fzfgtsay.png"")讯 据盘锦市市场监督管理局网站2020年4月15日发布的《大洼区市场监督管理局行政处罚听证告知书公告》，大洼区市场监督管理局拟决定：依法吊销“盘锦大洼宏顺源机械工程队” 等61户企业的营业执照。
以下为全文：
大洼区市场监督管理局行政处罚听证告知书公告
大市监听告字[2020] 6-66号
由本局立案调查的“盘锦大洼宏顺源机械工程队” 等61户企业成立后无正当理由连续超过六个月以上自行停业和不按规定办理注销登记行为案，本局已依法调查终结，根据《中华人民共和国行政处罚法》第三十二条、第四十二条和《市场监督管理行政处罚程序暂行规定》第七十四条规定，本局将拟做出行政处罚的事实、理由依据及处罚内容告知如下:
你（们）61户企业于2017年度、2018年度未公示企业年报公告，企业至今未依法报送年度报告。我局结合“2019年度全省市场监管系统登记事项和公示信息类检查事项抽查”的抽查检查结果，现已确认你（们）61家企业目前已无法联系并处于自行停业状态，已严重扰乱当地市场经济秩序。以上事实有以下证据在卷佐证：1、现场笔录。2、辽宁省市场监督管理一体化系统网站下载的未按时年报的截图证明。3、原国家工商总局和税务总局关于清理长期停业未经营企业工作有关问题的通知。4、盘锦市市场监督管理局门户网站2020年1月6日连续两年为年报企业公告。
因此，我局认为以上企业属企业成立后无正当理由超过六个月没开业的，或者开业后自行停业连续六个月以上的，可以由企业登记机关吊销营业执照的规定行为，根据《中华人民共和国公司法》第二百一十一条和《公司登记管理条例》第六十八条的规定，本局拟决定：依法吊销以上企业的营业执照。
根据《中华人民共和国行政处罚法》第三十二条、第四十二条和《市场监督管理行政处罚程序暂行规定》第七十四条规定，对上述作出的行政处罚，以上企业有陈述、申辩和要求举行听证的权利，如有陈述、申辩意见，以上企业应当在本公告发布之日起15日内，向本局提出，如果要求举行听证，可以在本公告发布之日起60日内，提出举行听证要求，预期未提出的，视为放弃此权利，特此公告。
本局联系人：高爽 王春刚 联系电话：0427 3466026
大洼区市场监督管理局
2020年4月15日
附件:
企业名称：
盘锦大洼宏顺源机械工程队
辽宁国正新材料科技有限公司
盘锦德胜米业有限公司
盘锦智翔天地通用航空科技有限公司
盘锦彩生活物业管理有限公司
盘锦沙丁鱼文化传媒有限公司
盘锦隆盈电子信息服务有限公司
盘锦搏农农资连锁有限公司
盘锦和润劳务服务有限公司
盘锦柔雅商贸有限公司
盘锦瓒美商贸有限公司
盘锦钟秀商贸有限公司
盘锦诺润科技有限公司
盘锦泓耀商贸有限公司
盘锦久富商贸有限公司
盘锦维嘉商贸有限公司
盘锦沐泰贸易有限公司
盘锦众宜远信息咨询服务有限公司
盘锦万亚宠物用品有限公司
盘锦腾瑞米业有限公司
盘锦建乔建安工程有限公司
辽宁国贸万通消防工程有限公司盘锦分公司
盘锦筑景一线混凝土有限公司
盘锦鼎宇科贸有限公司
大洼县鱼源水产养殖有限公司
盘锦赛腾健康产业有限公司
盘锦广博翰通石油化工有限公司
盘锦晓东速达物流有限公司
盘锦舍友商贸有限责任公司
盘锦海恺商贸有限公司
盘锦凯丰胜物流有限公司
盘锦满万成日用品有限公司
盘锦锦凡安商贸有限公司
盘锦冀达管理咨询有限公司
盘锦聚嘉物业管理有限公司
盘锦绿农生态农业发展有限公司
大洼县金源泉淡水鱼养殖场（两年未报）
盘锦品珍农业科技有限公司
盘锦万丞盛石油化工有限公司
大洼县旭哥家政服务中心
大洼区二鹏吕家传冷敷贴销售店
盘锦市大洼区轩裕养鸡场
盘锦达强广告传媒有限公司
盘锦学民电子科技有限公司
盘锦伟翔商贸有限公司
盘锦芷薇幽鸾文化传媒有限公司
盘锦碧澜歌装修材料有限公司
盘锦义浩贸易有限公司
盘锦宏煦奕商贸有限公司
盘锦鲸莹商贸有限公司
重庆庞大叮叮科技有限公司盘锦分公司
盘锦百耀科技有限公司
盘锦华哒妃迩科技有限公司
盘锦润贵春机电设备安装工程有限公司
盘锦指南针文化传媒有限公司
盘锦伍柒玖网络科技传媒有限公司
盘锦中大实业发展有限公司
辽宁集优商网络科技有限公司
盘锦中意融资担保有限公司
盘锦市大洼区博雅爱心托老院
盘锦金瑞孚商贸有限公司
同花顺上线「疫情地图」
点击查看：新型肺炎疫情实时动态地图>>>
关注同花顺财经（ths518），获取更多机会
(function(){var obj = null;if(document.getElementById('arctTailMark')) {obj = document.getElementById('arctTailMark');}if(obj!=null){var str = '(image_address=""http://i.thsi.cn/images/article/logo.jpg"")  返回首页';var showed = 0;try{var oo = obj.previousSibling;while(oo.nodeType!=1 || oo.innerHTML.replace(/\s|\u3000/g,'').length==0){oo = oo.previousSibling;}if(oo.nodeType==1 && oo.tagName.toLowerCase()=='p') {var span = document.createElement('span');span.innerHTML =str;oo.appendChild(span);showed = 1;}}catch (e){}if(showed == 0){obj.innerHTML =str;}}})();
责任编辑：cyf",2020-04-17 12:52:09,同花顺
12,统计局：随着复工复产加快统筹推进 二季度表现会更好,"本报记者 苏诗钰
4月17日，国新办召开新闻发布会，国家统计局国民经济综合统计司司长、新闻发言人毛盛勇介绍2020年一季度国民经济运行情况，他表示，最近，国际货币基金组织根据当前国际疫情蔓延的态势以及当前全球经济的表现，对全球经济增长预期进行大幅度下调，预计全球经济今年下降3%，中国增长1.2%，中国是全球主要经济体里少数预计为正增长的国家之一。同时还注意到，国际货币基金组织预计2021年中国经济增长速度是9.2%。我的理解是，今年和明年如果平均起来，应该在5%以上，或者可以理解为，中国经济因为疫情影响带来一些损失，一些经济活动被压抑，可能会在明年更好地释放出来。
关于二季度是否会成为拐点，毛盛勇表示，从目前经济运行情况来看，3月份比1月份至2月份明显改善，这是一个基本判断。3月份这种改善的势头应该是能够延续下去，特别是随着复工复产加快统筹推进，更大力度的政策不断出台，二季度表现会更好，所以二季度会明显好于一季度，这是一个基本趋势。如果全球疫情控制比较好，下半年应该会比上半年更好。我们的目标就是力促全年经济平稳运行和社会大局稳定。
毛盛勇表示，具体到年度经济增长目标，按照惯例，每年主要经济社会发展目标都是在两会期间的政府工作报告中向社会公布的。今年，为了有效防控疫情，两会进行了推迟，目前我们还不掌握具体情况。
同花顺上线「疫情地图」
点击查看：新型肺炎疫情实时动态地图>>>
关注同花顺财经（ths518），获取更多机会
(function(){var obj = null;if(document.getElementById('arctTailMark')) {obj = document.getElementById('arctTailMark');}if(obj!=null){var str = '(image_address=""http://i.thsi.cn/images/article/logo.jpg"")  返回首页';var showed = 0;try{var oo = obj.previousSibling;while(oo.nodeType!=1 || oo.innerHTML.replace(/\s|\u3000/g,'').length==0){oo = oo.previousSibling;}if(oo.nodeType==1 && oo.tagName.toLowerCase()=='p') {var span = document.createElement('span');span.innerHTML =str;oo.appendChild(span);showed = 1;}}catch (e){}if(showed == 0){obj.innerHTML =str;}}})();
责任编辑：cjh",2020-04-17 12:50:40,同花顺
13,新疆和田地区税务局：同心去贫困 共筑致富梦,"“穷家难当，以前我们村集体经济单一，村‘两委’班子威信不高，凝聚力也不强。现在，工作队为我们村引来了‘金凤凰’，带领大家踏上了发展特色产业和就业的致富路！”新疆和田市吉亚乡巴什吐格曼村老党员巴拉提.麦麦提高兴地说。巴拉提.麦麦提口中的“金凤凰”，就是和田地区税务局驻村工作队和村“两委”班子为壮大村集体经济、带领村民脱贫致富在村里成立的和田市昆和种鸽养殖农民专业合作社。
集思广益定方案
巴什吐格曼村有建档立卡贫困户146户679人，是深度贫困村。面对沉甸甸的脱贫任务，和田地区税务局驻村工作队自我加压，自觉把驻村当事业干，把奉献当本分看，以村集体产业带动互助发展为先锋，以实施劳动力转移就业为依托，积极探索巴什吐格曼村的大扶贫路径。
工作队和村“两委”班子认为：巴什吐格曼村紧邻和田市这个主消费市场，技术要求相对较低、拥有历史传统的鸽养殖产业可以成为全村的主导产业。并且，构建养殖合作社，结合多重农户生计发展模式，就可以做到可持续发展。
经过广泛调研和深入讨论，工作队与村“两委”班子依托脱贫攻坚“五个一”全覆盖包联工作体系，通过和田市帮扶领导牵线搭桥，成立了和田市昆和种鸽养殖农民专业合作社。
群策群力抢落实
选定目标、说干就干，合作社在2018年年底建成。总占地面积100亩，建成6个标准化养殖鸽舍和2个种鸽散养棚。合作社的日常经营采取“集中饲养，统一管理”的模式，即和田昆和鸽业有限公司提供技术保障以及后期技术指导，合作社按照公司的标准养殖。统一种鸽供应，统一养殖流程，统一疾病防治，规模化养殖逐渐走向正轨。
合作社运行起来后，工作队和村“两委”班子与员工一起制定了合作社的工作标准和考勤纪律，使饲养员顺利完成了从农民到工人的身份转变。为了拓展销路，第一书记赵彦龙成为了合作社鸽产品的“代言人”，走红网络，昆和种鸽养殖农民专业合作社的名头也越来越响。
“鸽子非常爱干净，卫生不达标会影响它们的繁殖速度和品质。”说起养鸽心得，贫困户社员茹则妮萨.麦提托合提讲得头头是道。“昆和种鸽养殖合作社不仅解决了我的稳定就业问题，还把我培养成为了技术和管理骨干，每个月底薪加上提成能达到3000多元。”已经开上小汽车的合作社员工如则麦麦提.伊米尔哈孜自豪地说。
稳健经营见效益
经过一年多的精心管理，出栏的乳鸽和产出的鸽蛋品质很高、供不应求，累计销售收入170余万元，向200户入股贫困户累计分红8万元，解决18户贫困家庭就业。合作社还计划继续扩大规模，把握市场规律，供给乳鸽、鸽蛋、种鸽等产品，争取达到累计收入300万元的目标，成为产业龙头，带动更多的村民脱贫致富。
“来到村里，我们就是带领村民特别是贫困户摘掉贫困的帽子。下一步，我们会继续坚持实业带动和精益管理，扩大养殖规模、把控产品质量，对鸽产品进行深加工提高附加值，把我们的合作社建设成为产业就业促脱贫的示范基地！”谈到合作社的发展规划，第一书记、工作队队长赵彦龙信心满怀。(罗崇辉)
同花顺上线「疫情地图」
点击查看：新型肺炎疫情实时动态地图>>>
关注同花顺财经（ths518），获取更多机会
(function(){var obj = null;if(document.getElementById('arctTailMark')) {obj = document.getElementById('arctTailMark');}if(obj!=null){var str = '(image_address=""http://i.thsi.cn/images/article/logo.jpg"")  返回首页';var showed = 0;try{var oo = obj.previousSibling;while(oo.nodeType!=1 || oo.innerHTML.replace(/\s|\u3000/g,'').length==0){oo = oo.previousSibling;}if(oo.nodeType==1 && oo.tagName.toLowerCase()=='p') {var span = document.createElement('span');span.innerHTML =str;oo.appendChild(span);showed = 1;}}catch (e){}if(showed == 0){obj.innerHTML =str;}}})();",2020-04-17 12:49:56,同花顺
14,嘉楠发布智能门禁机：设备端识别人脸无需上云,"(image_address=""//comment.10jqka.com.cn/sourcepic/12/zfjS17/GvLwtsay.png"")讯4月17日消息，近日，嘉楠canaan发布自主研发的智能门禁机。
据了解，产品支持人脸识别、人脸检测、活体检测和口罩检测等算法模型，人脸识别准确率99%。
(image_address=""http://e.thsi.cn/img/f2790381bd85826"")
据悉，核心配置方面，门禁机搭载红外摄像头和AI芯片勘智K210，可离线存储1万条人脸特征值和10万条人脸识别记录。产品尺寸灵巧，可适配社区管理、办公园区考勤等身份验证场景的部署。
责任编辑：刘菲_NBJS10390
关注同花顺财经（ths518），获取更多机会
(function(){var obj = null;if(document.getElementById('arctTailMark')) {obj = document.getElementById('arctTailMark');}if(obj!=null){var str = '(image_address=""http://i.thsi.cn/images/article/logo.jpg"")  返回首页';var showed = 0;try{var oo = obj.previousSibling;while(oo.nodeType!=1 || oo.innerHTML.replace(/\s|\u3000/g,'').length==0){oo = oo.previousSibling;}if(oo.nodeType==1 && oo.tagName.toLowerCase()=='p') {var span = document.createElement('span');span.innerHTML =str;oo.appendChild(span);showed = 1;}}catch (e){}if(showed == 0){obj.innerHTML =str;}}})();",2020-04-17 12:49:54,同花顺
15,营造法治化营商环境 支持民营企业健康发展,"4月16日，南充市营造法治化营商环境保护民营企业发展工作推进会以电视电话会议形式召开。市委常委、市委政法委书记单木真，市政府副市长朱华参加会议。
会议通报了《省委依法治省办关于对南充市开展营造法治化营商环境保护民营企业发展专项督察的反馈意见》，并就全面整改专项督察反馈问题有关工作作出安排部署。
单木真指出，法治化营商环境是经济高质量发展的根本前提、是推动我市高质量发展的必然要求、是我市加快推进民营经济发展的迫切需要，各级相关部门务必增强营造法治化营商环境、支持民营企业健康发展的责任感和紧迫感。
单木真强调，务必坚持问题导向，认真查找当前存在的问题，针对薄弱环节及时补齐短板、加固底板。务必聚焦整改落实，建立问题清单，做好整改落实文章，严格依法行政、公正文明执法，保证司法公正、维护司法权威。务必强化责任担当，压实工作责任，健全制度机制，搞好舆论造势。切实把整改工作抓细抓实，确保反馈问题不折不扣整改到位，为南充加快建设成渝第二城、奋力争创全省经济副中心贡献法治力量。
同花顺上线「疫情地图」
点击查看：新型肺炎疫情实时动态地图>>>
关注同花顺财经（ths518），获取更多机会
(function(){var obj = null;if(document.getElementById('arctTailMark')) {obj = document.getElementById('arctTailMark');}if(obj!=null){var str = '(image_address=""http://i.thsi.cn/images/article/logo.jpg"")  返回首页';var showed = 0;try{var oo = obj.previousSibling;while(oo.nodeType!=1 || oo.innerHTML.replace(/\s|\u3000/g,'').length==0){oo = oo.previousSibling;}if(oo.nodeType==1 && oo.tagName.toLowerCase()=='p') {var span = document.createElement('span');span.innerHTML =str;oo.appendChild(span);showed = 1;}}catch (e){}if(showed == 0){obj.innerHTML =str;}}})();
责任编辑：cjh",2020-04-17 12:49:51,同花顺
16,贵州省首张网络货运平台代开发票正式开出,"4月16日，贵州省首张网络货运代开发票在铜仁市万山区税务局正式开出，标志着铜仁网络货运管理服务平台税务流程已全线打通，网络货运线上数字产业园正式投入运营并进入加速发展新阶段。这是铜仁抢抓全省大数据应用创新发展试点机遇、打造全国大数据应用创新示范市的又一重大突破。
贵州省梵云大数据集团副总经理、梵运网络科技董事长龙长友向笔者介绍，铜仁市网络货运首笔业务，是由河南省郑州市发往山东省聊城的长途运输业务。货主通过贵州梵运网络科技有限公司发布货运信息，车主在网络平台上接单，运输业务完成后由铜仁市万山区税务局向客户开具发票。这次税务流程的打通，得益于省税务局、省交通运输厅、省大数据局、省通信管理局等省直部门的大力关心指导，得益于市委、市政府高度重视和强力推进，是铜仁网络货运线上数字产业园建设重要的里程碑事件，必将为网络货运快速发展带来新机遇。
据悉，铜仁网络货运线上数字产业园项目是贵州省交通强国试点项目，是铜仁市委、市政府重点支持发展的标志性项目。2020年1月1日，交通运输部、国家税务总局联合印发的《网络平台道路货物运输经营管理暂行办法》开始执行，对网络货运经营者的法律定位、行为规范及管理部门的监管责任等进行了明确规定。铜仁市抢抓战略机遇，超前谋划布局，真诚爱商、安商、富商，让素有“黔东门户”“武陵之都”之称的铜仁市，在传统物流行业转型升级方面“成功抢跑”，跨步进入了互联网时代“铜仁大数据物流+全国”提速发展期。
铜仁将举全市之力推动网络货运发展，持续优化营商环境，竭力为入驻企业提供最有力的扶持、最高效的服务、最优越的环境；铜仁网络货运线上数字产业园将持续进行制度创新和技术创新，致力发展成为全国网络货运产业发展聚集区、创业创新首选地及政策创新先行区。（陈凯）
同花顺上线「疫情地图」
点击查看：新型肺炎疫情实时动态地图>>>
关注同花顺财经（ths518），获取更多机会
(function(){var obj = null;if(document.getElementById('arctTailMark')) {obj = document.getElementById('arctTailMark');}if(obj!=null){var str = '(image_address=""http://i.thsi.cn/images/article/logo.jpg"")  返回首页';var showed = 0;try{var oo = obj.previousSibling;while(oo.nodeType!=1 || oo.innerHTML.replace(/\s|\u3000/g,'').length==0){oo = oo.previousSibling;}if(oo.nodeType==1 && oo.tagName.toLowerCase()=='p') {var span = document.createElement('span');span.innerHTML =str;oo.appendChild(span);showed = 1;}}catch (e){}if(showed == 0){obj.innerHTML =str;}}})();
责任编辑：cjh",2020-04-17 12:49:46,同花顺
17,冰火两重天！受疫情冲击的电池产业链将加速洗牌,"近日，今年一季度新能源汽车产销、动力电池装机量数据陆续公布，产销、装机量下降“毫无意外”，而产业链上的各家企业，业绩也随之“变脸”。
一场突如其来的新冠肺炎疫情，打乱了多个产业的一季度发展预期，原本发展势头如火如荼的新能源汽车及动力电池产业也未能幸免。近日，今年一季度新能源汽车产销、动力电池装机量数据陆续公布，产销、装机量下降“毫无意外”，而产业链上的各家企业，业绩也随之“变脸”。
日前，中汽协发布数据显示，今年一季度我国新能源汽车产销分别完成10.5万辆、11.4万辆，同比分别下降60.2%和56.4%。动力电池应用分会数据显示，今年一季度我国新能源汽车动力电池装机量为5.68GWh，较2019年同期的12.31GWh，同比减少53.84%。
复工延期、订单明显下滑、物流运输受阻、供应链衔接不畅……新冠肺炎疫情对于企业生产经营造成的困难不一而足，并最终导致企业整体利润下滑。近日，多家动力电池产业链上市公司陆续发布一季度业绩报告，多数企业业绩出现下滑，部分企业甚至出现巨亏，即便一些企业仍保持正向增长，但也远未达预期。
(image_address=""http://e.thsi.cn/img/d2b4158874c5a150"")
数据来源：动力电池应用分会（单位：MWh）
据(image_address=""//comment.10jqka.com.cn/sourcepic/12/teez2NbQufrNextagAtsaytsay.png"")了解，今年一季度共有49家电池生产企业有动力电池配套新能源汽车，较去年同期的53家，数量进一步减少。值得注意的是，今年一季度49家企业中，装机量同比增长的仅有8家；装机量前10名中，同比增长的仅LG化学和塔菲尔2家，其余都大幅下滑。
在小编看来，新冠肺炎疫情的“黑天鹅”影响远超人们预期，今年一季度情况非常特殊，不能按照正常情形进行分析。不过，疫情对于产业的影响也是非常明显的：将加速产业洗牌。
一方面，受新冠肺炎疫情影响，短期内下游汽车市场需求难以有大的改观，将会抑制动力电池的需求，今年全年动力电池装机量能否增长还是未知数，对于一些中小电池企业来说，如果长期订单不足或偏少，经营压力会加大。
另一方面，新冠疫情导致企业营收大幅减少，企业运营成本会变相增加，资金压力较大的企业可能会面临市场调整的风险。
疫情影响对企业冲击有多大？我们通过上市公司的财报也可以大致了解。近日，电池产业链陆续发布了一季度财报，净利下降成主基调。
电池企业：宁德时代仍是最赚钱的 欣旺达巨亏
近日，宁德时代（300750）表示，2020 年第一季度受新冠肺炎疫情和市场影响，新能源汽车装机量大幅下降。据悉，今年一季度宁德时代动力电池装机量为2.80GWh，同比减少46.92%。受一季度动力电池销售收入下滑影响，公司一季度净利润预计在7.33亿元-8.38亿元之间，同比下滑20% -30%。尽管如此，宁德时代仍然是最赚钱的电池生产企业。
由于一季度开工率较低，原材料采购、产成品运输延迟，以及公司防控疫情及复工招聘方面支出较高等因素，欣旺达（300207）预计一季度亏损1.07亿元-1.02亿元，而去年同期公司净利润为1.34亿元。值得注意的是，欣旺达一季度动力电池装机量实现了正增长。动力电池应用分会数据显示，今年一季度欣旺达动力电池装机量达到23.15MWh，较去年同期增长136.56%。
电池生产上市公司中，一季度净利润没有下滑，反而增长的，目前只有亿纬锂能（300014）。据亿纬锂能介绍，公司一季度净利润预计在2.40亿元-2.60亿元之间，同比增长20%-30%。据悉，新冠肺炎疫情期间，亿纬锂能惠州基地复工复产进度良好，生产销售各项工作有序推进，新产品带来销售、利润大幅增长。不过，公司荆门基地停工超过 40 天，也影响了公司整体业绩预期。
鹏辉能源（300438）预计今年一季度净利润在1850万元-2600万元区间，同比下降43%-59%，而下降原因主要是受新冠肺炎疫情影响，公司复工延迟，产线产能恢复延缓，且固定支出增加所致。
上游资源：钴锂冰火两重天
锂资源方面，国内两巨头一季度净利润同样大幅下滑。其中，赣锋锂业（002460）预计，今年一季度公司实现净利润700万元-1000万元，而去年同期为2.53亿元，同比预计大幅下降96-97%；天齐锂业（002466）预计，今年一季度公司亏损4.5亿元-5.1亿元，而去年同期公司盈利1.11亿元。
两家锂资源巨头一季度日子都不好过，原因也大同小异，除了新冠肺炎疫情的主要影响外，在“小异”方面，赣锋锂业因持有的金融资产股票价格下跌，导致本期公允价值变动产生损失进而影响公司利润；天齐锂业澳元兑美元汇率下降幅度较大，导致本期财务费用汇兑损失金额较上年同期大幅增加。
另一家电池资源巨头华友钴业（603799）日子则相对舒坦。随着钴产品价格相对企稳，钴产品毛利率开始上升，华友钴业预计2020 年一季度净利润1.84亿元，同比增长1385.10%。
电池材料：下降仍是主基调 新宙邦受益防疫
一季度新冠肺炎影响主要冲击市场在国内，国外生产仍正常进行。新宙邦（300037）表示，由于一季度公司锂电池化学品国际客户订单增长，以及防疫需求的有机氟化学品海内外市场含氟医药、农药中间体产品及环保型含氟表面活性剂销量大幅增长，公司一季度净利润预计在 8692.80 万元-9934.62 万元，较上年同期增长40%-60%。
正极材料方面，当升科技（300073）、湘潭电化（002125）等企业均表示，受新型冠状病毒肺炎疫情影响，锂电正极材料业务销量及收入均出现下降，导致利润下降。其中，当升科技预计今年一季度净利润同比下滑53.19% - 45.39%，净利润在3000万元- 3500万元区间；湘潭电化预计将较上年同期下降63.97%-72.29%，净利润在500万元-650万元区间。
隔膜方面，星源材质（300568）和恩捷股份（002812）都表示，因疫情影响导致下游客户需求减少，销量未达预期，净利润将大幅下滑。其中，星源材质预计今年一季度净利润同比下降80.31%-67.19%，在1500 万元-2500 万元区间；恩捷股份预计今年一季度净利润较去年同期下滑38.00%-25.00%，在1.32亿元-1.60亿元。
锂电设备：赢合科技口罩机业务形成新增量
锂电设备方面，赢合科技（300457）今年一季度新签锂电订单超过10亿元，此外积极响应政府号召，助力抗疫防控工作，推出口罩机自动化生产线以及口罩代工业务，形成业务增量，公司预计一季度净利润在1.5亿元-1.7亿元，同比大增112.12%-140.41%。
据先导智能（300450）透露，公司今年一季度延续了去年以来的高强度研发投入，研发费用占营业总收入的比例较上年同期大幅增加，且一季度新签订单属毛利较低的订单，导致毛利率较上年同期下滑，公司预计一季度净利润将同比下降35%―55%，盈利在8725.34 万元-12603.26万元区间。
随着国内新冠肺炎疫情防控取得良好成效，各产业生产复工正逐步恢复。3月份数据显示，当月我国新能源汽车产销分别为5万辆、5.3万辆，环比分别大增381.6%、301.3%；动力电池方面，当月动力电池装机量达到2.77GWh，环比也大增363.8%，新能源汽车及动力电池产业正逐步复苏，预计接下来整个产业链会陆续恢复正常，相关数据也会逐步恢复到正常水平。
关注同花顺财经（ths518），获取更多机会
(function(){var obj = null;if(document.getElementById('arctTailMark')) {obj = document.getElementById('arctTailMark');}if(obj!=null){var str = '(image_address=""http://i.thsi.cn/images/article/logo.jpg"")  返回首页';var showed = 0;try{var oo = obj.previousSibling;while(oo.nodeType!=1 || oo.innerHTML.replace(/\s|\u3000/g,'').length==0){oo = oo.previousSibling;}if(oo.nodeType==1 && oo.tagName.toLowerCase()=='p') {var span = document.createElement('span');span.innerHTML =str;oo.appendChild(span);showed = 1;}}catch (e){}if(showed == 0){obj.innerHTML =str;}}})();
责任编辑：cjh",2020-04-17 12:49:36,同花顺
18,PSA与雷诺寻求尽快复产,"原标题：PSA与雷诺寻求尽快复产
PSA和雷诺的工会表示，两家公司计划采取新的安全防护措施，进而在法国政府于5月中旬解除封锁前，在部分工厂内实现复产。
盖世汽车讯据外媒报道，PSA和雷诺的工会表示，在法国各大工业集团的推动下，两家公司计划采取新的安全防护措施，进而在法国政府于5月中旬解除封锁前，在部分工厂内实现复产。
在法国，车企与工会之间的谈判十分艰难。PSA和雷诺对媒体透露，已经开始为重启生产做准备，但是尚未正式确定复产日期。3月份，PSA位于瓦朗谢讷的变速箱工厂率先提出了复产计划，但是这一计划遭到了工会的拒绝，工厂管理层与工人代表将于4月17日重新谈判。
工会成员透露，汽车制造商们将会制定新的安全防护措施。包括佩戴口罩、发放单独的烟灰缸，让抽烟的工人无需聚集在一个区域，以及让工厂的门保持开放状态，让工人无需接触门把手。此外工厂还将每隔60分钟对生产工具和工作台进行消毒，并将接送工人的巴士数量提升一倍。
今年法国经济预计将收缩8%，考虑到经济遭受了严重的打击，法国政府此前已经鼓励企业恢复生产。4月15日，丰田成为了首家与法国工厂工会达成协议的汽车制造商，该公司位于法国北部的工厂将从4月21日起复产，丰田在该工厂生产雅力士车型。
4月16日，法国劳动部长Muriel Penicaud以丰田举例说到：“这并不是在恢复生产和员工健康之间进行二选一，两者是可以同时进行的。”
4月13日，雷诺位于葡萄牙和俄罗斯的工厂已经开始复工。不过，法国极左翼工会CGT认为，车企在4月底或5月初复产依然为时过早。该工会表示，工厂内的工人可能无法获得足够的口罩，因为口罩当前依然是优先供给医护工作者。
(责任编辑：DF515)
同花顺上线「疫情地图」
点击查看：新型肺炎疫情实时动态地图>>>
关注同花顺财经（ths518），获取更多机会
(function(){var obj = null;if(document.getElementById('arctTailMark')) {obj = document.getElementById('arctTailMark');}if(obj!=null){var str = '(image_address=""http://i.thsi.cn/images/article/logo.jpg"")  返回首页';var showed = 0;try{var oo = obj.previousSibling;while(oo.nodeType!=1 || oo.innerHTML.replace(/\s|\u3000/g,'').length==0){oo = oo.previousSibling;}if(oo.nodeType==1 && oo.tagName.toLowerCase()=='p') {var span = document.createElement('span');span.innerHTML =str;oo.appendChild(span);showed = 1;}}catch (e){}if(showed == 0){obj.innerHTML =str;}}})();",2020-04-17 12:48:57,同花顺
19,加快商贸物流业发展 大力推动转型升级,"4月15日，市委常委、市委宣传部部长王忠臣深入西充县“鹭岛·财富天街”商业综合体项目、四川全网运通物流科技有限公司、惠康购物广场有限公司配送中心、川东北农产品精深加工产业园等地调研。他要求，加快商贸物流产业发展，大力推动转型升级。
市政府副市长欧阳梅参加调研。
在“鹭岛·财富天街”商业综合体，王忠臣详细了解项目发展情况，现场调研超市保供情况。王忠臣说，要各方联动，靠前服务，鼓励商家开展各具特色、丰富多彩的促销活动。要推动商业综合体品质化、精细化、差异化发展，优化购物环境，提升消费体验，充分发挥消费集聚示范作用。
在四川全网运通物流科技有限公司、惠康购物广场有限公司配送中心，王忠臣强调，要善于利用互联网平台和大数据，优化配置运力、资金、场地等资源，实现线上线下物流资源整合、高效运行，促进物流行业降本增效，延伸产业链，推动物流行业向现代物流演进。
在川东北农产品精深加工产业园，王忠臣详细了解园区建设情况。他指出，要提高农产品附加值，走精深加工路子；要打响品牌，延伸产业链，形成南充农产品独有的竞争优势，实现从农业大市向农业强市的跨越。
欧阳梅前往嘉陵区考察物流仓储项目、中农联·中国有机农产品电商产业小镇，并前往西充县大全镇慰问困难群众，现场督导芦溪河河长制工作。
同花顺上线「疫情地图」
点击查看：新型肺炎疫情实时动态地图>>>
关注同花顺财经（ths518），获取更多机会
(function(){var obj = null;if(document.getElementById('arctTailMark')) {obj = document.getElementById('arctTailMark');}if(obj!=null){var str = '(image_address=""http://i.thsi.cn/images/article/logo.jpg"")  返回首页';var showed = 0;try{var oo = obj.previousSibling;while(oo.nodeType!=1 || oo.innerHTML.replace(/\s|\u3000/g,'').length==0){oo = oo.previousSibling;}if(oo.nodeType==1 && oo.tagName.toLowerCase()=='p') {var span = document.createElement('span');span.innerHTML =str;oo.appendChild(span);showed = 1;}}catch (e){}if(showed == 0){obj.innerHTML =str;}}})();
责任编辑：cjh",2020-04-17 12:47:28,同花顺
20,“长安银科”全国首笔保理公司美元融资业务成功落地,"在国家外汇管理局陕西省分局的持续推动下，2020年3月，长安银科商业保理有限公司（以下简称“长安银科”）自获得美元融资业务资格以来的首笔业务成功落地，标志着陕西省纾解企业融资难、融资贵问题开辟了一条崭新的途径。
业务背景
在国家外汇管理局陕西省分局的积极争取和努力推动下，长安银科商业保理有限公司（以下简称“长安银科”）于2019年8月获得国家外汇管理局批准办理美元融资业务，该项业务在全国2万余家商业保理公司中尚属首次，填补了外汇管理资本项目商业保理业务政策的空白，是全国自贸区金融创新工作的一项重要突破。
长安银科国际保理美元融资业务，是指长安银科接受出口企业的以美元计价的应收账款，并据此从银行获取外汇贷款，并向出口企业提供美元融资的业务。由于该业务所涉资金出口企业可结汇使用，长安银科为出口企业办理该业务后，出口企业可提前获得资金，既可对外直接支付外汇，也可结汇后境内采购或生产经营使用，极大加快了企业资金周转，缓解了企业资金紧缺和周转不灵的困难。
首笔业务成功落地
该业务获批后，国家外汇管理局陕西省分局多次组织现场调研、银企对接等多种方式积极推动该项业务落地。2020年3月，长安银科从国家开发银行陕西省分行获得400万美元外汇贷款后，向西安长银保国际贸易有限公司、浙江耐乐铜业有限公司等两家企业投放了共计295万美元的外币融资。其中投放给西安长银保国际贸易有限公司的214万美元保理融资款结汇后，用于向全国67家中小微供应商支付货款，平均每户供应商的货款金额为23万元人民币。
重要意义
长安银科开展国际保理项下美元融资业务，切实满足了出口企业的美元融资需求，解决了中小型出口企业的融资难题，有利于促进企业在新冠肺炎疫情期间复工复产，同时还帮助出口企业和保理公司有效规避了汇率风险。长安银科首笔美元融资业务的成功落地，是国家外汇管理局陕西省分局积极服务实体经济发展的务实举措，是陕西金融系统大力开展“四扩大两可控”跨境金融创新专项行动的重要成果。下一步，国家外汇管理局陕西省分局将持续推动该项业务继续做大、做深、做强，通过扩大保理公司外币融资规模，为缓解中小企业融资难融资贵问题探索新的渠道与模式，切实支持陕西涉外经济更好更快发展。
同花顺上线「疫情地图」
点击查看：新型肺炎疫情实时动态地图>>>
关注同花顺财经（ths518），获取更多机会
(function(){var obj = null;if(document.getElementById('arctTailMark')) {obj = document.getElementById('arctTailMark');}if(obj!=null){var str = '(image_address=""http://i.thsi.cn/images/article/logo.jpg"")  返回首页';var showed = 0;try{var oo = obj.previousSibling;while(oo.nodeType!=1 || oo.innerHTML.replace(/\s|\u3000/g,'').length==0){oo = oo.previousSibling;}if(oo.nodeType==1 && oo.tagName.toLowerCase()=='p') {var span = document.createElement('span');span.innerHTML =str;oo.appendChild(span);showed = 1;}}catch (e){}if(showed == 0){obj.innerHTML =str;}}})();
责任编辑：cjh",2020-04-17 12:46:43,同花顺
21,中欧班列点亮世界抗疫信心与希望,"4月12日，中欧班列(渝新欧)“中国邮政号”抵达立陶宛首都维尔纽斯，为疏运新冠疫情期间积压的国际邮件开辟了新通道，对保障全球物流通道畅通、凝聚全球抗疫最大合力、彰显负责任大国的担当起着至关重要作用。
2020年以来，由于新冠肺炎疫情影响，我国外贸行业发展受到冲击，不仅造成商品堆积，还导致众多国际邮件积压，对许多有着跨国业务的企业造成了损失。同时，为抵抗疫情，各企业不得不采取停工停产的方式来防止疫情扩散，按下了经济发展的暂停键。在党中央的正确领导下，全国疫情防控已取得阶段性胜利，受疫情影响的企业多已复工复产，多地中欧班列的恢复运行，正是国内国际双向市场刺激的结果。2020年一季度，中欧班列开行近两千列，累积发送17.4万个标准集装箱，外贸产业链、供应链恢复畅通，社会经济回暖，体现了中国经济的强大活力。
截止到14日19时34分，全球累计确诊人数已达1888809人，全球疫情发展态势严峻。口罩、防护服、呼吸机等防疫物品，是世界各国千金不换，最为贵重的物资，之前还曾报道出德国截下瑞士24万只口罩的新闻，由此可见欧洲各国防疫物资的短缺程度。世界各国市面上的防疫物资绝大多数都来自中国，随着国内疫情好转，中国国内企业已经复工复产，防疫物资供应已恢复正常，中国作为全球性负责任大国，协助全球抗疫固然责无旁贷。其中，中欧班列因为其时效快、全天候、分段运输等独特优势，必然是抗疫运输中的主要载体。4月3日，全国首趟中欧班列(渝新欧)“中国邮政号专列”从重庆首发前往立陶宛，历时10天到达立陶宛首都维尔纽斯，44个集装箱内装满了国际邮件和救援物资，为欧洲各国送去了必需的物资和设备，坚定了全球抗疫信心，为各国抗疫吃下了一枚“定心丸“。中欧班列在中国和欧洲之间打通了一条新的供给线，对全球抗疫起到了积极作用，展现大国担当。
在抗击疫情方面，中国同世界各国唇齿相依，绝非一家之责，只有共同携手抗疫、守望相助，才能获得最后的胜利。中欧班列将继续发挥其“生命线”作用，源源不断的为各国送去各种物资援助，点亮抗疫的信心与希望，为抗疫胜利的明天贡献自己的一份力量。(王傲冉)
(责任编辑：佟明彪)
同花顺上线「疫情地图」
点击查看：新型肺炎疫情实时动态地图>>>
关注同花顺财经（ths518），获取更多机会
(function(){var obj = null;if(document.getElementById('arctTailMark')) {obj = document.getElementById('arctTailMark');}if(obj!=null){var str = '(image_address=""http://i.thsi.cn/images/article/logo.jpg"")  返回首页';var showed = 0;try{var oo = obj.previousSibling;while(oo.nodeType!=1 || oo.innerHTML.replace(/\s|\u3000/g,'').length==0){oo = oo.previousSibling;}if(oo.nodeType==1 && oo.tagName.toLowerCase()=='p') {var span = document.createElement('span');span.innerHTML =str;oo.appendChild(span);showed = 1;}}catch (e){}if(showed == 0){obj.innerHTML =str;}}})();",2020-04-17 12:45:10,同花顺
22,新基建观察之A：解密上海这个AI数据“MALL”,"编者按：充分发挥5G、数据中心、工业互联网等新型基础设施的头雁效应，新基建，正在为中国经济发展注入新的动能。4月17日起，新华社新媒体中心将连续播发“新基建观察”系列，从A（人工智能 AI）B（区块链 Blockchain）C（云计算 Cloud Computing）D（大数据 Big Data）E（新能源充电桩 New Energy Charging Pile）等“新引擎”，以上海为窗口，观察中国经济的韧性和空间。
新华社上海4月17日电（记者龚雯、周琳）近日，总投资超150亿元的腾讯长三角人工智能超算中心及产业基地落户上海西南门户松江区。这个“MALL”里装了什么“魔法棒”，能为上海新型基础设施建设注入哪些新动力？记者近日进行了探访。
据悉，该项目计划用地约236亩，计划建成2.5万个以上7千瓦等效机柜（腾讯R18微模块模式），并形成百家企业规模的人工智能产业园，预计在年内开工建设。
“双方从接触沟通到熟悉了解，再到落地签约，短短不到一年里，始终保持高效联动。”腾讯云华东区总经理李潇说，选择上海松江是看好这片土壤上逐步形成并不断延伸的生态圈。
松江区政协副主席、科委主任赵宏卫表示，该超算中心竣工后有望成为长三角最大、全国前三的AI超算中心，成为助推上海战略性新兴产业发展和智慧城市建设的重大战略性基础设施，将对上海乃至长三角地区带来巨大的科技助力和发展机遇。
该超算中心将承担各种大规模AI算法计算、机器学习、图像处理、科学计算和工程计算任务，并以强大的数据处理和存储能力为上海科技影都、正泰启迪智电港、恒大新能源汽车等一批重大项目提供云计算服务，加快实现“数字产业化”。
此外，腾讯还将在松江落户“科恩”安全实验室，引入百家云计算、大数据、人工智能等高科技公司，逐步构建起智能计算和人工智能产业生态圈，形成“超算生态”，促进新技术与传统产业的深度融合，加快推动“产业数字化”。
赵宏卫表示，伴随腾讯WeCity未来城市解决方案的落地，松江还将统筹推进各行业部门的“城市大脑”建设项目，加快行业信息系统升级改造，实施“神经末梢”“神经元”空白点建设。通过汇聚“数联”一片湖、推进“智联”一朵云、探索“智慧”一块屏，解决难点、痛点、堵点、热点问题，让百姓切实享受到智慧城市带来的便利。
新基建的“新”不仅仅在于新兴产业的“新”，更是指发掘出基建领域新的增长点。上海正在全力打造具有全球影响力的科创中心，尤需“新基建”为科技创新赋能，为经济增长注入新动能。
最新发布的《上海市促进在线新经济发展行动方案（2020-2022年）》提出，上海将集聚“100+”创新型企业，推出“100+”应用场景，打造“100+”品牌产品，突破“100+”关键技术。无人工厂、工业互联网、远程办公、在线金融、在线展览展示、生鲜电商零售、“无接触”配送、在线教育等12个领域被明确为发展重点。
上海市经济和信息化委员会主任吴金城表示，作为一个特大型城市，上海产业门类齐全、企业创新踊跃、应用场景丰富，具备新经济新业态率先萌发和成长的“肥沃土壤”。只要多给一些“阳光雨露”，将有助于新经济的加速发展，有利于创新企业和创新产品的茁壮成长。
同花顺上线「疫情地图」
点击查看：新型肺炎疫情实时动态地图>>>
关注同花顺财经（ths518），获取更多机会
(function(){var obj = null;if(document.getElementById('arctTailMark')) {obj = document.getElementById('arctTailMark');}if(obj!=null){var str = '(image_address=""http://i.thsi.cn/images/article/logo.jpg"")  返回首页';var showed = 0;try{var oo = obj.previousSibling;while(oo.nodeType!=1 || oo.innerHTML.replace(/\s|\u3000/g,'').length==0){oo = oo.previousSibling;}if(oo.nodeType==1 && oo.tagName.toLowerCase()=='p') {var span = document.createElement('span');span.innerHTML =str;oo.appendChild(span);showed = 1;}}catch (e){}if(showed == 0){obj.innerHTML =str;}}})();
责任编辑：cjh",2020-04-17 12:44:24,同花顺
23,农发行酉阳支行投放贷款2亿元 助力打通交通扶贫“最后一公里”,"核心提示：近日，农发行酉阳县支行连续投放两笔扶贫过桥贷款，共计2亿元，用于贫困乡镇农村公路改扩建，全力支持贫困村提升工程建设。
近日，农发行酉阳县支行连续投放两笔扶贫过桥贷款，共计2亿元，用于贫困乡镇农村公路改扩建，全力支持贫困村提升工程建设。
“养儿不用教，酉秀黔彭走一遭”是酉阳土家族苗族自治县贫穷落后的真实写照。酉阳县，地处武陵山集中连片特困地区，是重庆市幅员面积最大、少数民族人口最多、中西部169个深度贫困县之一的国定贫困县，贫困发生率曾高达17.4%。
农发行酉阳县支行认真贯彻落实重庆市分行党委关于决战决胜脱贫攻坚各项工作部署，把服务脱贫攻坚作为履职第一要务，积极发挥金融扶贫先锋主力模范作用。尤其是疫情放生以来，该行坚持一手抓疫情防控，一手抓金融扶贫工作，主动对接政府相关职能部门、涉农企业，积极宣介农发行信贷政策、产品，精准掌握疫情防控、脱贫攻坚融资需求。
获悉酉阳县贫困村提升工程项目资金需求紧急，该行快速行动，主动提供融资融智服务，积极参与扶贫项目规划，加强扶贫政策、项目的对接力度，获批贫困村提升工程扶贫过桥贷款2亿元，并实现全额投放。
该项目主要对酉阳县36个贫困乡镇997公里的四级农村公路进行全面改造升级。项目建成后，将惠及项目区域内建档立卡贫困人口2.1万户、9万余人，以交通扶贫打通沿线脱贫攻坚路，大力推动全县经济社会发展。(陈彦儒)
同花顺上线「疫情地图」
点击查看：新型肺炎疫情实时动态地图>>>
关注同花顺财经（ths518），获取更多机会
(function(){var obj = null;if(document.getElementById('arctTailMark')) {obj = document.getElementById('arctTailMark');}if(obj!=null){var str = '(image_address=""http://i.thsi.cn/images/article/logo.jpg"")  返回首页';var showed = 0;try{var oo = obj.previousSibling;while(oo.nodeType!=1 || oo.innerHTML.replace(/\s|\u3000/g,'').length==0){oo = oo.previousSibling;}if(oo.nodeType==1 && oo.tagName.toLowerCase()=='p') {var span = document.createElement('span');span.innerHTML =str;oo.appendChild(span);showed = 1;}}catch (e){}if(showed == 0){obj.innerHTML =str;}}})();",2020-04-17 12:43:18,同花顺
24,农发行秀山支行贷款4.9亿元支持企业复工复产,"核心提示：近日，农发行秀山支行通过复工复产绿色通道，获批贷款4.9亿元，首笔投放1.57亿元，加快推进国定贫困县秀山县边城三省风情街工程项目建设，积极支持企业复工复产。
近日，农发行秀山支行通过复工复产绿色通道，获批贷款4.9亿元，首笔投放1.57亿元，加快推进国定贫困县秀山县边城三省风情街工程项目建设，积极支持企业复工复产。
该项目主要包括风情街区域内绿化带、公厕、街道等配套基础设施及商业设施建设，通过改善人居环境，进一步推动边城景区旅游综合开发，实现以产业兴旺带动脱贫攻坚。
疫情发生以来，农发行秀山支行积极发挥政策性银行“当先导、补短板、逆周期”作用，坚持疫情防控与金融服务“两手抓、两手硬、两不误”，主动对接防疫保供、复工复产等融资需求，用好信贷业务管理应急通道和复工复产绿色通道，累计投放贷款近3亿元，为秀山县城乡一体化建设、旅游扶贫、农村人居环境改善等重点领域提供有力支持。(付维秀)
同花顺上线「疫情地图」
点击查看：新型肺炎疫情实时动态地图>>>
关注同花顺财经（ths518），获取更多机会
(function(){var obj = null;if(document.getElementById('arctTailMark')) {obj = document.getElementById('arctTailMark');}if(obj!=null){var str = '(image_address=""http://i.thsi.cn/images/article/logo.jpg"")  返回首页';var showed = 0;try{var oo = obj.previousSibling;while(oo.nodeType!=1 || oo.innerHTML.replace(/\s|\u3000/g,'').length==0){oo = oo.previousSibling;}if(oo.nodeType==1 && oo.tagName.toLowerCase()=='p') {var span = document.createElement('span');span.innerHTML =str;oo.appendChild(span);showed = 1;}}catch (e){}if(showed == 0){obj.innerHTML =str;}}})();",2020-04-17 12:43:15,同花顺
25,打造“滨富特别合作区”放心消费新环境,"导报记者 于倩 通讯员 李高建/文
杭州高新区（滨江）富阳特别合作区位于富阳区灵桥镇行政区划范围内，该特别合作区的成立旨在通过发挥杭州高新开发区（滨江）产业优势和富阳区空间优势，以合作共赢、优势互补、权责清晰、创新机制为原则，合力建设新型区域合作发展示范区、自主创新拓展区、产业有序转移承载区。
为进一步规范 “滨富特别合作区”市场经营秩序，确保消费环境安全，近日，杭州市富阳区市场监管局会同该区灵桥镇城乡建设管理办公室和大源镇城管执法中队，就滨富特别合作区部分道路沿线个体户无照无证经营、占道经营、乱堆乱放等乱象，开展联合执法行动。
检查发现，共有11家个体经营户存在经营地址与注册地址不一致，无照无证经营的情况。其中，对符合法定办证办照条件，但还未办照或变更经营场所的经营户，检查人员在下达责令整改的基础上，积极督促、引导其依法办理相应证照。富阳区市场监管局相关负责人表示，下一步，富阳市场监管局将继续加强无证无照整治力度，打造“滨富特别合作区”放心消费新环境。
同花顺上线「疫情地图」
点击查看：新型肺炎疫情实时动态地图>>>
关注同花顺财经（ths518），获取更多机会
(function(){var obj = null;if(document.getElementById('arctTailMark')) {obj = document.getElementById('arctTailMark');}if(obj!=null){var str = '(image_address=""http://i.thsi.cn/images/article/logo.jpg"")  返回首页';var showed = 0;try{var oo = obj.previousSibling;while(oo.nodeType!=1 || oo.innerHTML.replace(/\s|\u3000/g,'').length==0){oo = oo.previousSibling;}if(oo.nodeType==1 && oo.tagName.toLowerCase()=='p') {var span = document.createElement('span');span.innerHTML =str;oo.appendChild(span);showed = 1;}}catch (e){}if(showed == 0){obj.innerHTML =str;}}})();
责任编辑：cyf",2020-04-17 12:42:27,同花顺
26,动力电池行业需求回暖 塔菲尔跻身Q1装机量TOP10榜单,"近日，起点研究院（SPIR）公布了国内2020年第一季度动力电池装机量排行榜，榜单显示，一季度共有49家动力电池企业实现装机，较去年同期减少6家，前10的动力电池装机量市占率达95.38%。对照去年同期，日韩巨头松下与LG化学两家外资厂商闯进前三、前四，以及塔菲尔以97.72MWh位列前八的情况引起各方关注。
据悉，得益于特斯拉的强势进军中国，松下与LG化学快速切入动力电池市场分得一杯羹，俨然已是实力强劲的竞争者。而此前市场鲜有耳闻的塔菲尔异军突起，则感觉像是增添了一抹别样的色彩。
资料显示，塔菲尔自2017年新成立以来，凭借良好的自主研发及制造能力快速崛起，表现出了强劲的发展势头，公司装机量维持高增长的态势，并在2019年5月首次成功闯入行业前十，尤其是2020年一季度，公司装机量排名仍在持续攀升。未来市场份额和行业排名有望进一步攀升。
事实上，在原材料上涨、补贴退坡的影响下，动力电池企业所面临的市场竞争环境较以往更加激烈，市场格局经历残酷洗牌，没有核心竞争力，则随时可能掉队。
一位沪上动力电池行业资深研究员向记者表示，国家对新能源汽车技术创新的大力支持以及补贴政策的延长，给了二三线动力电池企业和新入局者弯道超车的机会，塔菲尔就是新入局者经典案例之一。
此外，值得注意的是，塔菲尔近日也陷入了一起与动力电池龙头宁德时代（300750）专利纠纷。一位行业协会专家表示，专利战背后其实是残酷的市场竞争，同时也存在商业利益的纠葛。作为被称为国内动力电池领域首个专利战的事件，或将引发行业内对专利技术保护和良性市场竞争的讨论。据悉，第一季度涉及装机的动力电池企业共计51家，其中31家企业动力电池装机量与去年同期相比出现负增长，仅三家保持正增长。日韩豪强环伺的背景下，中国动力（600482）电池企业将面临新的挑战，任重道远。
(image_address=""http://e.thsi.cn/img/f759ab04a96f4c32"")
关注同花顺财经（ths518），获取更多机会
(function(){var obj = null;if(document.getElementById('arctTailMark')) {obj = document.getElementById('arctTailMark');}if(obj!=null){var str = '(image_address=""http://i.thsi.cn/images/article/logo.jpg"")  返回首页';var showed = 0;try{var oo = obj.previousSibling;while(oo.nodeType!=1 || oo.innerHTML.replace(/\s|\u3000/g,'').length==0){oo = oo.previousSibling;}if(oo.nodeType==1 && oo.tagName.toLowerCase()=='p') {var span = document.createElement('span');span.innerHTML =str;oo.appendChild(span);showed = 1;}}catch (e){}if(showed == 0){obj.innerHTML =str;}}})();
责任编辑：cjh",2020-04-17 12:42:22,同花顺
27,农发行巫山支行投放贷款9000万元支持贫困地区城乡一体化建设,"核心提示：近日，农发行巫山支行投放贷款9000万元，用于支持市级重大建设项目郑万铁路巫山站广场及配套设施项目建设。
近日，农发行巫山支行投放贷款9000万元，用于支持市级重大建设项目郑万铁路巫山站广场及配套设施项目建设。
该项目总投资逾3.4亿元，建设内容包括场地平整、公共交通枢纽、高铁站前广场及其配套设施工程等。项目的实施，将进一步完善巫山县交通网络，加速沿线产业转型升级与新型城镇化进程，带动当地老百姓增收，为发展区域外向型经济创造条件。
疫情发生以来，该行全力做好支持疫情防控、企业复工复产等金融服务工作，主动加强与政府相关职能部门、企业沟通对接，为脱贫攻坚、复工复产等重点领域民生项目量身制定融资方案，确保应贷快贷、应贷尽贷，加快推进地方经济社会发展。(范龙赵红云)
同花顺上线「疫情地图」
点击查看：新型肺炎疫情实时动态地图>>>
关注同花顺财经（ths518），获取更多机会
(function(){var obj = null;if(document.getElementById('arctTailMark')) {obj = document.getElementById('arctTailMark');}if(obj!=null){var str = '(image_address=""http://i.thsi.cn/images/article/logo.jpg"")  返回首页';var showed = 0;try{var oo = obj.previousSibling;while(oo.nodeType!=1 || oo.innerHTML.replace(/\s|\u3000/g,'').length==0){oo = oo.previousSibling;}if(oo.nodeType==1 && oo.tagName.toLowerCase()=='p') {var span = document.createElement('span');span.innerHTML =str;oo.appendChild(span);showed = 1;}}catch (e){}if(showed == 0){obj.innerHTML =str;}}})();",2020-04-17 12:42:19,同花顺
28,国家统计局：一季度贸易顺差983亿元 贸易结构继续优化,"国务院新闻办公室4月17日上午举行新闻发布会，国家统计局国民经济综合统计司司长、新闻发言人毛盛勇介绍2020年一季度国民经济运行情况，并答记者问。
国家统计局国民经济综合统计司司长、新闻发言人毛盛勇介绍，一季度，货物进出口总额65742亿元，同比下降6.4%。其中，3月份进出口总额24459亿元，同比下降0.8%，降幅比1-2月份收窄8.7个百分点。出口12927亿元，下降3.5%；进口11532亿元，增长2.4%，其中一般贸易进口增长4.0%。一季度，出口33363亿元，下降11.4%；进口32380亿元，下降0.7%。进出口相抵，贸易顺差983亿元。贸易结构继续优化。一般贸易进出口占进出口总额的比重为60.0%，比上年同期提高0.4个百分点。一季度，全国规模以上工业企业实现出口交货值24082亿元，同比下降10.3%，降幅比1-2月份收窄8.8个百分点。3月份，全国规模以上工业企业实现出口交货值10307亿元，增长3.1%。
同花顺上线「疫情地图」
点击查看：新型肺炎疫情实时动态地图>>>
关注同花顺财经（ths518），获取更多机会
(function(){var obj = null;if(document.getElementById('arctTailMark')) {obj = document.getElementById('arctTailMark');}if(obj!=null){var str = '(image_address=""http://i.thsi.cn/images/article/logo.jpg"")  返回首页';var showed = 0;try{var oo = obj.previousSibling;while(oo.nodeType!=1 || oo.innerHTML.replace(/\s|\u3000/g,'').length==0){oo = oo.previousSibling;}if(oo.nodeType==1 && oo.tagName.toLowerCase()=='p') {var span = document.createElement('span');span.innerHTML =str;oo.appendChild(span);showed = 1;}}catch (e){}if(showed == 0){obj.innerHTML =str;}}})();
责任编辑：cjh",2020-04-17 12:41:35,同花顺
29,3月工业产出规模接近去年同期水平,"国家统计局新闻发言人毛盛勇17日说，3月份规模以上工业增加值同比下降1.1%，降幅较 1至2月份收窄12.4个百分点；环比增长32.13%。3月份，高技术制造业同比增长8.9%，其中计算机、通信和其他电子设备制造业增长9.9%。工业机器人和发电机组产量分别增长12.9%和20.0%。（记者安蓓、陈炜伟）
同花顺上线「疫情地图」
点击查看：新型肺炎疫情实时动态地图>>>
关注同花顺财经（ths518），获取更多机会
(function(){var obj = null;if(document.getElementById('arctTailMark')) {obj = document.getElementById('arctTailMark');}if(obj!=null){var str = '(image_address=""http://i.thsi.cn/images/article/logo.jpg"")  返回首页';var showed = 0;try{var oo = obj.previousSibling;while(oo.nodeType!=1 || oo.innerHTML.replace(/\s|\u3000/g,'').length==0){oo = oo.previousSibling;}if(oo.nodeType==1 && oo.tagName.toLowerCase()=='p') {var span = document.createElement('span');span.innerHTML =str;oo.appendChild(span);showed = 1;}}catch (e){}if(showed == 0){obj.innerHTML =str;}}})();
责任编辑：cjh",2020-04-17 12:41:20,同花顺
30,做实做强属地中央单位全链条预算监管加速推进监管局职能转型,"开展属地中央预算单位预算监管是中央编办批准监管局的一项主要职责，是监管局融入预算管理一体化工作的重要途径，对于加快建立现代财政制度、全面实施预算绩效管理、推进监管局职能转型具有十分重要的意义。自更名设立以来，辽宁监管局积极探索和主动转变管理方式，以规范管理为目标，坚持管理和服务并重，寓监督于管理之中，对属地中央预算单位预算编制、执行、决算和银行账户等实施全方位全过程监管，有力推动全面嵌入财政主体业务，取得了比较显著的成效。
一、立足全面实施预算绩效管理，扎实开展预算编制审核
监管局更名设立之初，我局就组织省内171家中央预算单位和军工科研机构召开了驻辽中央预算单位预算监管工作会议，全面总结回顾了近年来预算监管工作开展情况以及取得的成效，梳理分析了主要问题及成因，并要求各单位自查自纠。特别是围绕党中央、国务院全面实施预算绩效管理的重大战略部署，要求各预算单位切实履行预算绩效管理主体责任，尽快建立预算编制、预算执行和决算全过程预算绩效管理链条。在开展预算审核工作中，我局从全面实施预算绩效管理和政府部门要“过紧日子”的总体部署出发，严格按照政部进一步加强和规范部门预算管理的工作要求，注重提高审核工作的质量和水平，切实做到“四个紧盯”：一是紧盯项目绩效目标的合理性、项目支出的必要性和效益性及实施方案的可行性；二是紧盯人员编制、实有人数的真实性、准确性以及财政补助事业单位编制内新增在职人员的合理性；三是紧盯二级、三级和四级单位人数和津贴补贴标准；四是紧盯新增资产配置计划的合规性、合理性。通过严格审核把关，有效地促进了部门预算编制科学精准，确保了预算编制准确反映部门职能和实际需求。
二、适应常态化疫情防控形势，加速预算执行监控提质增效
第一，增强做好预算执行监控的主动性。局领导专门召开会议，组织各处处长和经办同志深入学习领会财政部关于做好预算执行监控相关文件的要求。通过认真学习研讨，大家普遍认识到，抓好预算执行动态监控工作，既是落实刘昆部长和部党组决策部署的重要举措，又是加速推进监管局职能转型和提升预算监管水平的重要抓手，更是疫情防控常态化下履行预算监管职能的重要途径。大家纷纷表示，要从思想和行动上高度重视预算执行监控工作，切实增强做好监控工作的主动性和自觉性，加强学习，提升本领，以强烈的责任感和使命感，把预算执行监控作为一项重要的常态化工作狠抓落实，努力抓实抓细抓出成效。第二，扎实开展预算执行动态监控工作。为尽快适应常态化疫情防控的新形势，各处充分利用预算执行动态监控平台，从五个方面强化监控工作。一是确定监控重点，各处每周选择一个预算单位并对其所有支出进行全覆盖监控。二是落实“过紧日子”要求，密切监测预算单位的项目支出、公用经费支出和津补贴发放等情况。三是结合单位全年预算安排开展监控，分析预算执行和序时进度情况。四是结合预算单位职能特点开展监控，确保监控的针对性和有效性。五是及时跟踪监控发现问题的整改情况，促进提高单位预算管理总体水平。为了进一步提升预算执行监控的效果，我局自我加压，将部分属地中央预算单位的基本账户纳入动态监控范围。第三，积极践行寓服务于管理之中的理念。受新冠肺炎疫情的影响，沈阳海关和辽宁出入境边防检查总站等中央预算单位已成为辽宁省严防疫情输入的主力军。为贯彻落实财政部关于疫情期间加强疫情防控经费保障和财政资金监管的有关要求，我局除了做好这两个单位的预算执行动态监控工作外，还专门调研防疫经费的筹集和使用情况。调研发现两个单位存在疫情防控经费没有专门来源、疫情防控支出较大和机构运转受到影响等三个亟待解决的问题。为积极帮助预算单位解决防疫经费的问题，我局主动向财政部相关司进行了反映，这种做法得到两个单位的称赞。
三、严把决算审核关口，提升审核成果利用效能
今年中央预算单位决算审核工作是监管局更名设立之后的首次，为了展示监管局更名后的新作风，我局高度重视今年的决算审核工作，专题召开会议进行精心布置，要求各处下功夫、强措施，努力擦亮决算审核的“品牌”。一是深研政策法规，各处认真组织学习研究相关法律法规和财政部有关政策文件，掌握规定要求，把准审核方向。二是对照预算批复情况，深入分析预算执行数据，检验预算执行的效果，关注中央政策落实情况。三是充分运用预算执行动态监控成果，将动态监控中发现的典型性、普遍性问题作为审核重点，增强审核工作的精准性和有效性。四是结合审核开展调研，注重研究预算单位项目、经费、资产和财务等管理情况，为今后全面深入开展预算监管工作提供支撑。我局在做好决算审核工作中十分注重审核成果的有效利用。一方面将审核发现的问题及时反馈给被审核单位，不仅督促他们及时调整账目和决算数据，而且要求他们整改会计核算薄弱、资金支出低效等问题。另一方面将决算审核中发现的重要问题专题向部内相关司和部领导报告。例如我局在审核中发现部分中央驻辽预算单位接受地方政府补助的突出问题，为避免影响中央预算单位在属地履行职责的公正性和独立性，减轻地方财政负担，我局以信息专报的形式向财政部进行反映，被部办公厅《每日要情》采纳，为部领导研究决策提供了重要参考。
同花顺上线「疫情地图」
点击查看：新型肺炎疫情实时动态地图>>>
关注同花顺财经（ths518），获取更多机会
(function(){var obj = null;if(document.getElementById('arctTailMark')) {obj = document.getElementById('arctTailMark');}if(obj!=null){var str = '(image_address=""http://i.thsi.cn/images/article/logo.jpg"")  返回首页';var showed = 0;try{var oo = obj.previousSibling;while(oo.nodeType!=1 || oo.innerHTML.replace(/\s|\u3000/g,'').length==0){oo = oo.previousSibling;}if(oo.nodeType==1 && oo.tagName.toLowerCase()=='p') {var span = document.createElement('span');span.innerHTML =str;oo.appendChild(span);showed = 1;}}catch (e){}if(showed == 0){obj.innerHTML =str;}}})();
责任编辑：cyf",2020-04-17 12:38:50,同花顺
31,江西省供销集团有限公司揭牌成立,"4月17日上午，江西省供销集团有限公司在南昌举行揭牌成立仪式。
新组建的江西省供销集团有限公司将整合全省供销系统内外资源，着力构建农业生产服务平台、城乡物流服务平台、金融服务平台、供产销一体化运营服务平台，将打造成为助推江西现代农业发展和乡村振兴的大型为农服务产业集团。
该公司将聚焦发展冷链物流、“第四方物流”、中医药产业的主攻方向，着力打造新型经营业态。经主营业务主要包括城乡冷链物流、农产品交易市场建设、金融服务、电子商务等方面。目前该公司已与萍乡市国有资产经营有限责任公司、国家开发银行、农业银行、招商银行、江西银行、江西博能集团等多家单位开展了战略合作；先期与芦溪、湘东、定南、于都、信丰、全南、共青城、临川、铜鼓等9个县市区政府签订冷库建设项目，总投资37.24亿元；着手组建了江西省冷链物流投资发展有限公司。
江西省供销社党组书记、主任李晓刚说，新组建的江西省供销集团有限公司旨在加快转型升级、壮大主导产业，打造供销社参与乡村振兴、助推“三农”发展的企业平台和重要抓手。江西省供销集团有限公司将紧紧围绕“守正创新、务实奉献、产业强社、振兴乡村”的企业核心价值，通过3-5年的努力，培育新型主导产业，重塑供销产业体系，发展成为省内乃至全国有影响的百亿级企业、千亿级平台，成为党和政府服务“三农”的中坚力量。（刘行宾）
同花顺上线「疫情地图」
点击查看：新型肺炎疫情实时动态地图>>>
关注同花顺财经（ths518），获取更多机会
(function(){var obj = null;if(document.getElementById('arctTailMark')) {obj = document.getElementById('arctTailMark');}if(obj!=null){var str = '(image_address=""http://i.thsi.cn/images/article/logo.jpg"")  返回首页';var showed = 0;try{var oo = obj.previousSibling;while(oo.nodeType!=1 || oo.innerHTML.replace(/\s|\u3000/g,'').length==0){oo = oo.previousSibling;}if(oo.nodeType==1 && oo.tagName.toLowerCase()=='p') {var span = document.createElement('span');span.innerHTML =str;oo.appendChild(span);showed = 1;}}catch (e){}if(showed == 0){obj.innerHTML =str;}}})();
责任编辑：cyf",2020-04-17 12:38:29,同花顺
32,全国人大代表章锋：帮扶民营企业 稳定群众就业,"民营企业在吸纳和稳定就业、增加农村群众收入等方面发挥了重要作用。不断优化营商环境，支持民营企业健康发展，将有力推动脱贫攻坚工作。当前，受疫情影响，一些民营企业发展面临困难。建议：一是要加快推进全产业链复工复产，特别是服务业复工复产，让低收入群众保住饭碗、增加收入。二是通过减税降费等一系列扶持措施，对受疫情影响较大的中小微企业给予支持，特别是对劳动密集型企业给予更多优惠政策。三是鼓励企业与劳动者同舟共济共克时艰，通过调解、协商等多种方式解决因疫情导致的劳资纠纷，既依法维护劳动者合法权益，又着眼解决企业发展的实际困难。脱贫攻坚进入决战决胜阶段，容不得半点松劲懈怠，要用更实更细的举措为民营企业发展添动力，让民营企业在脱贫攻坚中发挥更大作用。
同花顺上线「疫情地图」
点击查看：新型肺炎疫情实时动态地图>>>
关注同花顺财经（ths518），获取更多机会
(function(){var obj = null;if(document.getElementById('arctTailMark')) {obj = document.getElementById('arctTailMark');}if(obj!=null){var str = '(image_address=""http://i.thsi.cn/images/article/logo.jpg"")  返回首页';var showed = 0;try{var oo = obj.previousSibling;while(oo.nodeType!=1 || oo.innerHTML.replace(/\s|\u3000/g,'').length==0){oo = oo.previousSibling;}if(oo.nodeType==1 && oo.tagName.toLowerCase()=='p') {var span = document.createElement('span');span.innerHTML =str;oo.appendChild(span);showed = 1;}}catch (e){}if(showed == 0){obj.innerHTML =str;}}})();
责任编辑：cyf",2020-04-17 12:32:34,同花顺
33,非洲将展开百万例新冠病毒检测,"非洲疾病预防与控制中心主任约翰.恩肯加松16日说，下周起非洲将展开超过100万例新冠病毒检测。截至16日，非洲已有超过1.7万人确诊感染新冠病毒。恩肯加松推测，由于先前缺乏检测试剂盒，实际感染人数远不止于此。在检测力度最大的非洲国家南非，目前共计完成8万例检测；今后3个月，全非洲或许需要完成1500万例检测。非洲有13亿人口，但整体医疗体系薄弱。
(新华国际)
同花顺上线「疫情地图」
点击查看：新型肺炎疫情实时动态地图>>>
关注同花顺财经（ths518），获取更多机会
(function(){var obj = null;if(document.getElementById('arctTailMark')) {obj = document.getElementById('arctTailMark');}if(obj!=null){var str = '(image_address=""http://i.thsi.cn/images/article/logo.jpg"")  返回首页';var showed = 0;try{var oo = obj.previousSibling;while(oo.nodeType!=1 || oo.innerHTML.replace(/\s|\u3000/g,'').length==0){oo = oo.previousSibling;}if(oo.nodeType==1 && oo.tagName.toLowerCase()=='p') {var span = document.createElement('span');span.innerHTML =str;oo.appendChild(span);showed = 1;}}catch (e){}if(showed == 0){obj.innerHTML =str;}}})();",2020-04-17 12:31:45,同花顺
34,EnergyTrend：海外市场速查：印度、巴西受疫情影响超预期,"通过近期海外各国光伏政策和光伏项目推进状况，集邦咨询旗下新能源研究仲辛(image_address=""//comment.10jqka.com.cn/sourcepic/12/vKextagw7tDCxNzUtM34.png"")EnergyTrend发现，2020年初至今，在逾40个国际和地区已启动的光伏政策规划中，各国对外光伏贸易处于相对宽松的状况，在疫情影响下，各国市场光伏项目推进的差异持续放大，多个市场光伏电站并网时间相继延期，海外光伏项目开发的进度一再推迟。
细分市场不断变化考验企业布局
虽然疫情影响让德国放宽了光伏并网期限，但在德国市场上网电价持续调降的前景下，近期光伏项目招投标价格连连报出新低，屋顶项目成为光伏项目并网主力军，推动该国2020年1-2月新增光伏装机730MW。
相比之下，印度市场推进却差强人意，不但招投标项目频频延期，装机进度同样堪忧。虽然印度新能源和可再生能源部(MNRE)近期宣布，公用事业规模的光伏电站将提供基本保障服务，但屋顶光伏活动依然受限，在疫情影响下将遭受更大冲击。伍德麦肯兹称，2020Q1印度市场装机可能降至1.2GW，同比降幅达60%。
(image_address=""http://e.thsi.cn/img/12ddded3b561f3d2"")
图：海外GW级市场政策动态
而包括罗马尼亚、瑞士、乍得等一些较冷门的光伏市场，2020年纷纷推进了针对光伏的装机规划、减税、市场交易等政策，刺激当地光伏领域的快速发展，这无疑给了中国企业进一步扩大光伏出口的贸易机会。
(image_address=""http://e.thsi.cn/img/f14b271aa87d322a"")
图：2020年各国市场政策最新动态
光伏项目抢装、并购趋势不减
对比2019-2020年海外市场招标情况，海外光伏招标价格不断创造新低。从欧洲地区来看，由于成交招标价格不断下滑，以及当地电力市场价格使开发商对持续看低未来项目收益，从某种程度上也加速了当地市场抢装的。
美洲地区的巴西市场作为近年来海外新兴市场的主力军，市场需求放量下引来各路企业持续拓展当地业务。据悉，比亚迪（002594）年初计划大幅扩建当地电池组件工厂产能，目标2020年将公司在巴西市场占有率提升到35%。然而在此次疫情下，由于巴西抗风险能力明显低于德国、日本等发达国家，汇率、政治风险等不确定因素间接加剧了开发当地市场的难度。
(image_address=""http://e.thsi.cn/img/286cb8cb53d2d489"")
图：近期海外市场招投标信息
光伏项目投融资和并购方面，Mercom数据显示，2020Q1全球市场光伏企业融资总额达19亿美元，较去年同比降低了31%，而全球光伏项目并购基本上未受疫情影响，仅中国地区已达成55个大型光伏项目。
(image_address=""http://e.thsi.cn/img/910c596d0702d76a"")
图：2020年一季度全球光伏项目投资并购情况
数据来源：Mercom 
与此同时，伴随着产业内隆基、阳光、锦浪等龙头民营企业相继以产品输出和技术服务扎根海外，黄河水电、中环、中电建等国营企业纷纷通过投资并购、项目承建等方式不断加快出海步伐，在不远的将来，以国企雄厚稳健的资本运营搭配民企灵活的渠道优势，海外市场或将出现一股“国民”共进的新势力。
同花顺上线「疫情地图」
点击查看：新型肺炎疫情实时动态地图>>>
关注同花顺财经（ths518），获取更多机会
(function(){var obj = null;if(document.getElementById('arctTailMark')) {obj = document.getElementById('arctTailMark');}if(obj!=null){var str = '(image_address=""http://i.thsi.cn/images/article/logo.jpg"")  返回首页';var showed = 0;try{var oo = obj.previousSibling;while(oo.nodeType!=1 || oo.innerHTML.replace(/\s|\u3000/g,'').length==0){oo = oo.previousSibling;}if(oo.nodeType==1 && oo.tagName.toLowerCase()=='p') {var span = document.createElement('span');span.innerHTML =str;oo.appendChild(span);showed = 1;}}catch (e){}if(showed == 0){obj.innerHTML =str;}}})();",2020-04-17 12:26:35,同花顺
35,Vistra宣布扩建电池储能设施,"近日，Vistra宣布，公司正在扩大位于奥克兰发电厂的电池储能项目的规模。该电池现在将拥有36.25兆瓦/145兆瓦时的容量，而不是之前宣布的20兆瓦/80兆瓦时的容量。据Vistra预计，该电池储能项目将于2022年1月投入商业运营。
该项目已经获得了东湾社区能源(EBCE)、以及太平洋天然气和电力公司(PG&E)的批准。其中，EBCE是一家社区选择能源供应商。EBCE批准了一份修改后的合同，从该项目获得更大的资源充足能力，而PG&E批准了一份新的地区可靠性服务协议，作为奥克兰清洁能源计划的一部分，以确保电网的可靠性。PG&E正在等待加州公共事业委员会(CPUC)的批准。
Vistra总裁兼首席执行官Curt Morgan说:“我们很高兴能在与东湾社区能源公司和PG&E的原有合作关系上更进一步。”“我们相信，电池储能将在电力系统的可靠性方面发挥越来越关键的作用，而这个项目就是一个鲜明的例子。”Vistra很荣幸能够为奥克兰的居民提供清洁能源，同时帮助城市实现可持续发展的目标。”
该电池系统将部分替代老化的165兆瓦喷气燃料发电厂，该发电厂目前与加州独立系统运营商(CAISO)签署了一份的可靠性合同。该公司计划未来将实现淘汰奥克兰电厂的现有机组，并开发更多的储能项目。
东湾社区能源公司首席执行官Nick Chaset说:“在奥克兰市中心额外增加16.25兆瓦的电池存储容量，对EBCE、我们的客户、电网的可靠性和当地的空气质量来说是互利共赢的。我们很高兴能参与清洁能源的发展，让我们可以充分履行义务，同时为我们服务的社区创造当地利益。”
关注同花顺财经（ths518），获取更多机会
(function(){var obj = null;if(document.getElementById('arctTailMark')) {obj = document.getElementById('arctTailMark');}if(obj!=null){var str = '(image_address=""http://i.thsi.cn/images/article/logo.jpg"")  返回首页';var showed = 0;try{var oo = obj.previousSibling;while(oo.nodeType!=1 || oo.innerHTML.replace(/\s|\u3000/g,'').length==0){oo = oo.previousSibling;}if(oo.nodeType==1 && oo.tagName.toLowerCase()=='p') {var span = document.createElement('span');span.innerHTML =str;oo.appendChild(span);showed = 1;}}catch (e){}if(showed == 0){obj.innerHTML =str;}}})();",2020-04-17 12:26:23,同花顺
36,发挥三个作用，重庆上新了,"即可申领/查询你的“健
同花顺上线「疫情地图」
点击查看：新型肺炎疫情实时动态地图>>>
关注同花顺财经（ths518），获取更多机会
(function(){var obj = null;if(document.getElementById('arctTailMark')) {obj = document.getElementById('arctTailMark');}if(obj!=null){var str = '(image_address=""http://i.thsi.cn/images/article/logo.jpg"")  返回首页';var showed = 0;try{var oo = obj.previousSibling;while(oo.nodeType!=1 || oo.innerHTML.replace(/\s|\u3000/g,'').length==0){oo = oo.previousSibling;}if(oo.nodeType==1 && oo.tagName.toLowerCase()=='p') {var span = document.createElement('span');span.innerHTML =str;oo.appendChild(span);showed = 1;}}catch (e){}if(showed == 0){obj.innerHTML =str;}}})();",2020-04-17 12:24:48,同花顺
37,国家统计局：新型消费会表现更加强劲,"(image_address=""//comment.10jqka.com.cn/sourcepic/12/0MK7qs34.png"")北京4月17日电 国家统计局今日发布2020年一季度国民经济运行情况。数据显示，一季度，社会消费品零售总额78580亿元，同比下降19.0%。其中，实物商品网上零售额18536亿元，增长5.9%，比1-2月份加快2.9个百分点。在回答直播带货是否对消费有所影响的问题时，国家统计局国民经济综合统计司司长、新闻发言人毛盛勇表示，前期被压抑的消费，后期会不断释放出来，得到一定程度的回补，新型消费会表现更加强劲。
毛盛勇介绍，从下一步来看，要推动中国经济平稳运行，一定要更好地推动内需增长。在稳定外贸外资基本盘的同时，努力扩大国内需求。在扩大内需方面，一方面要努力增加有效投资，另一方面要释放消费潜力。
中国的消费潜力较大，只不过这段时间由于疫情的原因，大家的外出活动有所减少。据毛盛勇判断，下一阶段，消费潜力会逐步释放出来，比如新型消费形态增长更快，互联网消费形势增长更好。整体来说，前期被压抑的消费，后期会不断释放出来，会得到一定程度的回补，新型消费会表现更加强劲。
同花顺上线「疫情地图」
点击查看：新型肺炎疫情实时动态地图>>>
关注同花顺财经（ths518），获取更多机会
(function(){var obj = null;if(document.getElementById('arctTailMark')) {obj = document.getElementById('arctTailMark');}if(obj!=null){var str = '(image_address=""http://i.thsi.cn/images/article/logo.jpg"")  返回首页';var showed = 0;try{var oo = obj.previousSibling;while(oo.nodeType!=1 || oo.innerHTML.replace(/\s|\u3000/g,'').length==0){oo = oo.previousSibling;}if(oo.nodeType==1 && oo.tagName.toLowerCase()=='p') {var span = document.createElement('span');span.innerHTML =str;oo.appendChild(span);showed = 1;}}catch (e){}if(showed == 0){obj.innerHTML =str;}}})();
责任编辑：cyf",2020-04-17 12:24:10,同花顺
38,继瑞士之后，美国一家贵金属造币厂宣布停产！14国要求运回黄金,"近期，受到疫情影响，全球避险情绪高涨。而在这个关键时刻，美国却还宣布“无限印钞”以转移该国的危机，令人们对美元的信任下降，因此纷纷涌入金银等贵金属市场避险。然而，继3月23日瑞士3家黄金精炼厂宣布停产之后，美国近期也正式跟进其行动——叫停了该国位于纽约的贵金属造币厂的生产……
(image_address=""http://e.thsi.cn/img/2867cf57c14eddbe"")
据外媒近期报道，在散户投资者对持有金币的呼声高涨之际，当地时间周三(4月15日)美国铸币厂却宣布，由于担忧其员工受到感染，该国纽约西点造币厂将暂时停止生产。报道指出，该造币厂主要生产黄金、白银、铂金和钯金等贵金属硬币。
这是继瑞士3家黄金精炼厂停产之后，又一家被要求停产的黄金造币厂。要知道，瑞士黄金精炼厂停产之后，欧美地区的金币和金条供应已经开始出现短缺。美国造币厂3月份就曾表示，美国鹰牌硬币已经售罄，3月份出售的金币也以3年多来最快的速度被抢购一空。
(image_address=""http://e.thsi.cn/img/a9494a47c5694e50"")
如今，美国也关闭了贵金属造币厂，这无疑将加剧市场供应短缺的问题。美国佛罗里达州盖恩斯维尔硬币公司(Gainesville Coins)贵金属专家Everett Millman就表示，关闭造币厂的时机很糟糕，因为当需求飙升时，此举将加剧金币市场的供应短缺。
(image_address=""http://e.thsi.cn/img/c5f0a7e3a8b4692d"")
事实上，除了散户投资者之外，近些年由于美国频频滥用美元霸权，导致美元信用被持续透支，因此近些年来越来越多的国家提出，要求从美英等国运回其黄金。目前至少有德国、土耳其等14国要求运回黄金。而在美国宣布“无限印钞”之后，未来可能还将有更多国家加入这一行动之中。
同花顺上线「疫情地图」
点击查看：新型肺炎疫情实时动态地图>>>
关注同花顺财经（ths518），获取更多机会
(function(){var obj = null;if(document.getElementById('arctTailMark')) {obj = document.getElementById('arctTailMark');}if(obj!=null){var str = '(image_address=""http://i.thsi.cn/images/article/logo.jpg"")  返回首页';var showed = 0;try{var oo = obj.previousSibling;while(oo.nodeType!=1 || oo.innerHTML.replace(/\s|\u3000/g,'').length==0){oo = oo.previousSibling;}if(oo.nodeType==1 && oo.tagName.toLowerCase()=='p') {var span = document.createElement('span');span.innerHTML =str;oo.appendChild(span);showed = 1;}}catch (e){}if(showed == 0){obj.innerHTML =str;}}})();",2020-04-17 12:22:43,同花顺
39,数字货币试点内测：银行将直面抢客战 上市公司加速布局,"经济日报-中国经济网编者按：多家媒体报道称，央行数字货币（DC/EP）目前已在部分银行进行内部测试，首批试点地区包括苏州、雄安、成都和深圳等地。
中信证券对此表示，央行数字货币推进再提速，反映了数字经济的需求，银行有望借数字钱包加快布局支付业务；第三方支付机构分化加速，分发机构与多元持牌机构受益。国信证券认为，当银行、银联甚至其他机构运营新式数字货币后，会形成复杂的竞争关系。
实际上，央行对数字货币进展的口径一直是“稳妥推进”。4月16日，中国人民银行办公厅课题研究小组在《中国金融》发表题为《建设现代中央银行制度》的文章称，推进我国DC/EP法定数字货币研发。4月3日，央行2020年全国货币金银和安全保卫工作电视电话会议要求“稳妥开展法定数字货币研发工作”。
央行数字货币研究所所长穆长春此前指出，DC/EP是对M0的替代，所以对于现钞是不计付利息的，不会引发金融脱媒，也不会对现有的实体经济产生大的冲击。
央行数字货币内部场景测试
据21世纪经济报道，4月16日，数位银行业内人士表示，数字货币由央行牵头进行，各家银行内部正在就落地场景等进行测试，有的已经在内部员工中用于缴纳党费等支付场景。
多位业内人士指出，央行数字货币仍在内部研发阶段，央行一直在高度保密的情况下推进研发和场景测试，各大行内部研发一般由总行网络金融部门负责，具体推出没有时间表。
中国银行在一项名为“321工程”的项目中确定了数个试点数字货币的内部场景，经过前期的多次测试和准备工作，内部试点条件基本成熟，目前已在该行深圳等地内部App试点部分内部场景支付。该场景为中行内部应用场景，尚未开发专门的电子钱包App，而是内嵌到已有的App中，用户交易流程与目前已有的支付工具没有明显差异：用户绑定银行卡后，可使用银行卡充值DC/EP电子钱包，通过电子钱包完成支付。
据悉，央行数字货币（DC/EP）的试点地区苏州相城区，各区级机关和企事业单位工资通过工农中建四大国有银行代发的工作人员，将在4月份完成央行数字货币数字钱包的安装工作。5月，其工资中的交通补贴的50%将以数字货币的形式发放。
去年12月，央行数字货币（DC/EP）试点计划分为两阶段：2019年年底小范围场景封闭试点，2020年在深圳大范围推广。试点的机构包括工、农、中、建四大国有商业银行和移动、电信、联通三大运营商。试点的场景包括交通、教育、医疗、消费等。
实际上，央行对数字货币进展的口径一直是“稳妥推进”。
4月16日，中国人民银行办公厅课题研究小组在《中国金融》发表题为《建设现代中央银行制度》的文章称，推进我国DC/EP法定数字货币研发。4月3日，央行2020年全国货币金银和安全保卫工作电视电话会议要求“稳妥开展法定数字货币研发工作”。会议指出，2020年的第一项工作是加强顶层设计，坚定不移推进法定数字货币研发工作，系统推进现金发行和回笼体系改革，加快推进钞票处理业务、发行库守卫和发行基金押运转型。
“DC/EP是对M0的替代，所以对于现钞是不计付利息的，不会引发金融脱媒，也不会对现有的实体经济产生大的冲击。” 央行数字货币研究所所长穆长春此前指出，已经实现电子化、数字化的M1、M2，M0（纸钞和硬币）容易匿名伪造，存在用于洗钱、恐怖融资等的风险。电子支付工具（移动支付平台）不能完全满足公众对匿名支付的需求，无法完全替代M0。
银行将直面“抢客战”
据中国证券报，央行数字货币研究所所长穆长春介绍，中国版数字货币项目称之为“DC/EP”，即数字货币和电子支付工具。
数字货币与我们日常用的货币有何区别？“央行数字货币最简单的理解就是电子现金，把法定货币的载体由纸质形式变为电子形式。而我们在日常生活中常用的货币多是纸币或硬币。”欧科云链集团研究员李炼炫说。
李炼炫表示，从民众的体验角度看，其实DC/EP和支付宝/微信等第三方支付工具在使用方式上并没什么太大的不同。不过DC/EP在一定程度上可以打破支付行业的壁垒，比如支付宝和微信之间是不能相互转账的，但DC/EP既可以存入银行，也可以放入支付宝和微信的钱包。
对于商业银行的影响而言，国信证券认为，央行只负责制定数字货币、数字钱包的行业标准，运营任务还是要交给市场微观主体，即运营方，可能包括银行、中国银联等，以便于让市场自由竞争，提升服务。因此，银行会按照央行数字货币、数字钱包的标准，抓紧研发、推出数字钱包服务。
而当银行、银联甚至其他机构运营新式数字货币后，会形成复杂的竞争关系。一方面，结算存款是银行最为宝贵的负债资源，优质的数字钱包服务，除了抢夺其他银行的客户外，也可能会分流本行的存款；其次，与纸币、硬币不同的是，居民持有纸币、硬币时便与银行完全无关了，但居民在使用本行数字钱包时，虽然不再贡献存款，甚至不明显贡献收入，但依然是本行的客户，依然有一定的黏性，银行依然有多种营销渠道，推介本行的其他产品与服务。
上市公司加速布局数字货币领域
据证券时报，中信证券对此表示，央行数字货币推进再提速，反映了数字经济的需求，银行有望借数字钱包加快布局支付业务；第三方支付机构分化加速，分发机构与多元持牌机构受益。
数字货币指数昨日大涨6.9%，位居题材指数涨幅榜之首。概念板块内16股涨停，最先封住涨停板的是众应互联（002464），汇金股份（300368）封涨停时间紧随其后。
我国法定数字货币的研发在几年前起步。中国人民银行研究局兼货币金银局局长王信曾在公开场合表示，为了推动央行数字货币的研发，专门成立了央行数字货币研究所，在深圳和其他地区与当地密切合作，进行系统的开发。业内人士表示，中国创造出了世界上最多的数字资产，在这种情况下，中国发行法定数字货币具有优势，也需要在该领域有所作为，而法定数字货币的研发进程也值得密切关注。
近年来，随着数字货币研发在国内加速推进，上市公司也在快快布局相关产业。
广电运通（002152）近日在接受机构调研时表示，公司研究院开展DC/EP应用研发工作，主要是在ATM（自动提款机）上支持数字货币与银行账户货币互换的模块。
新国都（300130）在年报中提到，公司坚持在区块链技术、AI识别技术等新领域进行战略性投入，对数字货币相关应用技术和服务场景进行持续优化。
四方精创（300468）表示，公司已具备从区块链底层平台到应用解决方案的全方位研发与交付能力，具备区块链、通证经济融合创新应用的能力。
飞天诚信（300386）目前已推出数字货币硬件钱包，该产品仅是数字货币的安全存储设备，但销售收入很小。
华力创通（300045）去年10月底和中南金融学院、东湖金融研究院签署《战略合作协议》，将在金融仿真、数字征信、数字货币和互联网金融等15个领域开展项目合作。
（责任编辑：关婧）
同花顺上线「疫情地图」
点击查看：新型肺炎疫情实时动态地图>>>
关注同花顺财经（ths518），获取更多机会
(function(){var obj = null;if(document.getElementById('arctTailMark')) {obj = document.getElementById('arctTailMark');}if(obj!=null){var str = '(image_address=""http://i.thsi.cn/images/article/logo.jpg"")  返回首页';var showed = 0;try{var oo = obj.previousSibling;while(oo.nodeType!=1 || oo.innerHTML.replace(/\s|\u3000/g,'').length==0){oo = oo.previousSibling;}if(oo.nodeType==1 && oo.tagName.toLowerCase()=='p') {var span = document.createElement('span');span.innerHTML =str;oo.appendChild(span);showed = 1;}}catch (e){}if(showed == 0){obj.innerHTML =str;}}})();
责任编辑：cyf",2020-04-17 12:21:08,同花顺
40,华尔街日报：美国零售额暴跌8.7% 社会各界对经济发展丧失信心,"华盛顿周三发布的新冠疫情经济损失报道中称：3月美国零售支出较前一个月下降了8.7%，创下自1992年以来的最大月度跌幅。
消费者支出是美国经济的主要驱动力，占经济产出的三分之二以上，零售业的萎靡无疑将对美国经济造成极为严重的影响。
3月，众多零售类别受到重创，餐馆酒吧的营业额较2月下降26.5%、服装销售下降50.5%、机动车销售下降25.6%。彭尼、百思买等多家公司均已表明目前零售商处境十分艰难。
(image_address=""http://e.thsi.cn/img/e612e05ff1fc2de"")
3月零售额情况
虽然家庭办公设备、生活必需品和线上销量有所激增，但有迹象表明，由于超市购买限制，消费者变得越来越谨慎，一些因囤积而激增的商品销售已经渐渐冷却下来。因此，社会各界众多学者对美国经济前途纷纷表示担忧。
Grant Thornton首席经济学家黛安.斯旺克称：“我们处于极度冻结状态，结果将令人不寒而栗。”；零售咨询合作伙伴公司总裁克雷格.约翰逊也表示，3月的下跌是史无前例的。但4月毫无疑问将是美国最残酷的月份。”
同花顺上线「疫情地图」
点击查看：新型肺炎疫情实时动态地图>>>
关注同花顺财经（ths518），获取更多机会
(function(){var obj = null;if(document.getElementById('arctTailMark')) {obj = document.getElementById('arctTailMark');}if(obj!=null){var str = '(image_address=""http://i.thsi.cn/images/article/logo.jpg"")  返回首页';var showed = 0;try{var oo = obj.previousSibling;while(oo.nodeType!=1 || oo.innerHTML.replace(/\s|\u3000/g,'').length==0){oo = oo.previousSibling;}if(oo.nodeType==1 && oo.tagName.toLowerCase()=='p') {var span = document.createElement('span');span.innerHTML =str;oo.appendChild(span);showed = 1;}}catch (e){}if(showed == 0){obj.innerHTML =str;}}})();",2020-04-17 12:18:46,同花顺
41,大南城崛起！龙湖天琅建造繁华,"作为一线房企争相进驻的南中央别墅区，伫立于该区域低密度核心区的首开龙湖天琅，以最适宜南城居住的新中式别墅，及龙湖一贯的苛刻标准，精选十全老人乾隆的“乾隆花园”精髓为样板进行规划打造，从宏观规划到中轴地脉的一脉相承，从皇家建筑规制到细节景点的营造，打造南城别墅样板。
(image_address=""http://e.thsi.cn/img/f42519106d0aed20"")
南海子公园实景拍摄
天琅紧邻全北京最大的湿地公园南海子公园，面积是奥森的2倍，这也是众多大开发商争相进驻的原因。天琅周边配有6条高速、快速路，被地铁8号线及S6号线贯穿连接，而基础设施的建设是促进区域升值的重要保证。地铁的开通和高速的建成都会加快区域价值的提升。
别墅的精髓在于空间格局的划分，在建筑内部，找到每个家人的专属空间，让每个人的兴趣得以安放。此次天琅项目，在空间营造上，考虑到每个家庭成员，如双拼户型在二层专为老人打造的专属空间，超尺度空间，接驳独立露台。双首层设计，地下空间地上化，整个地下一层延伸在室外。此次，天琅，产品力更加超越，整个地下挑空做到了6.9米。诸多产品设计点于巅峰之上再超越，给南城别墅一次样板。
(image_address=""http://e.thsi.cn/img/b9c3a5f806cc3f4d"")
龙湖携手首开地产两大地产品牌，携手打造的首开龙湖天琅更是占据了区域内得天独厚的资源，双规地铁交汇在即，京台、京开、京沪三大高速路网贯穿，便捷程度，非一般区域可以想象。除此之外，在整体项目产品的营造上，龙湖在打造千万别墅的同时，更打造了拥有50年产权、同享别墅多元空间的墅质新作。
(image_address=""http://e.thsi.cn/img/72d478b5c69a974b"")
首开龙湖天琅，南五环，南海子公园畔，城市楼王双拼，270°采光，双首层，南城顶级别墅业态，邀您共品鉴。咨询热线：010-18910251231
同花顺上线「疫情地图」
点击查看：新型肺炎疫情实时动态地图>>>
关注同花顺财经（ths518），获取更多机会
(function(){var obj = null;if(document.getElementById('arctTailMark')) {obj = document.getElementById('arctTailMark');}if(obj!=null){var str = '(image_address=""http://i.thsi.cn/images/article/logo.jpg"")  返回首页';var showed = 0;try{var oo = obj.previousSibling;while(oo.nodeType!=1 || oo.innerHTML.replace(/\s|\u3000/g,'').length==0){oo = oo.previousSibling;}if(oo.nodeType==1 && oo.tagName.toLowerCase()=='p') {var span = document.createElement('span');span.innerHTML =str;oo.appendChild(span);showed = 1;}}catch (e){}if(showed == 0){obj.innerHTML =str;}}})();",2020-04-17 12:16:42,同花顺
42,本溪平山法院疫情期间为18名受害者 追回赃款20余万元,"4月7日，平山区人民法院刑事审判庭审理了一起被害人数众多的集资诈骗案，该起案件中被害人全部为老年人，他们中年龄最小的74岁，最大的94岁。在疫情防控的特殊时期，经平山区法院多方努力，最终成功为18名被害老人追缴回了全部被骗赃款，使该案得以圆满审结。
经平山法院审理查明，被告人王某某，1956年生人，系黑龙江省大兴安岭地区某林业局退休职工。2017年9月间，王某某在本溪市平山区三江大厦内租用了两个房间，作为办公地点，注册成立了本溪孝德旅游文化有限公司。然后，他对外谎称该公司在湖南省醴陵镇有公墓及矿泉水投资项目，需要筹集资金进行投资，骗取被害人付某某、马某等18位老年人信任，与其签订了借款合同，涉案总额为20余万元。案发后，王某某潜逃，后经公安机关侦查，被告人王某某在北京被抓获归案。被告人王某某实施诈骗的目标以老年人为主，被骗的老年人普遍缺乏相关投资知识，没有足够的能力识破骗局中的漏洞以及明显违反常识的异常情况。
该案于2020年1月移送至平山区法院后，承办法官孙家强在案件办理过程中发现，本案中的受害老人们经济条件并非十分富裕，当初被骗投资也是为了赚取额外收入添补家用。虽然受新冠肺炎疫情影响，开庭前孙家强法官无法从看守所提审被告人，面对面地了解赃款去向和被告人的返赃意愿，并且，被告人家属也远在黑龙江无法进行面对面沟通，但是，为了尽快帮助受害老人追回赃款，切实维护老人们的合法权益，孙家强法官多次“线上”办公，采取微信视频的方式与被告人家属及其律师“隔空”对话，在线沟通，积极向被告人家属释法明理，使得被告人家属最终放下思想包袱，通过其在辽宁的亲属将诈骗的赃款总计20余万元全部退缴到法院。
4月7日上午10:30，法院公开开庭审理了此案，并进行了网上庭审直播。经审理，法院认为，被告人王某某以非法占有为目的，使用诈骗方法非法集资,数额较大，其行为已构成集资诈骗罪。被告人王某某归案后如实供述犯罪事实，自愿认罪认罚，主动退赔全部集资诈骗赃款并履行罚金刑，可从轻处罚。综合被告人的具体犯罪事实、性质、情节和对社会的危害程度等因素,平山区法院当庭作出宣判：被告人王某某犯集资诈骗罪，判处有期徒刑七个月，并处罚金人民币四万元。宣判后，被告人王某某当庭表示服判不上诉。
【小编提醒】近几年，一些不法分子打着“健康养老”“销售保健品”“投资理财”等幌子，采取欺骗诱导、虚假宣传等方式，诱骗老年人将养老钱投入所谓的高额回报项目，导致不少老年人最终血本无归。骗子着实可恶，老年人也应该提高风险意识，多参加政府举办的宣传活动，学习防骗知识，克服贪念，打消“用小钱赚大钱”“吃小亏占大便宜”的念头。建议老年人在投资理财时优先考虑国债、存款、银行理财产品等方式，而且要通过正规的渠道去银行购买，切不可贪图高利息、高回报，投资理财一定要量力而行。再次向大家发出提醒:牢固树立风险意识，拒绝高利诱惑，远离非法集资!(张俊英)
同花顺上线「疫情地图」
点击查看：新型肺炎疫情实时动态地图>>>
关注同花顺财经（ths518），获取更多机会
(function(){var obj = null;if(document.getElementById('arctTailMark')) {obj = document.getElementById('arctTailMark');}if(obj!=null){var str = '(image_address=""http://i.thsi.cn/images/article/logo.jpg"")  返回首页';var showed = 0;try{var oo = obj.previousSibling;while(oo.nodeType!=1 || oo.innerHTML.replace(/\s|\u3000/g,'').length==0){oo = oo.previousSibling;}if(oo.nodeType==1 && oo.tagName.toLowerCase()=='p') {var span = document.createElement('span');span.innerHTML =str;oo.appendChild(span);showed = 1;}}catch (e){}if(showed == 0){obj.innerHTML =str;}}})();",2020-04-17 12:14:54,同花顺
43,贵安发展村镇银行被评为“贵州省劳动关系和谐企业”,"颁奖现场
4月15日，贵州省总工会十四届四次全委(扩大)会议对荣获“贵州省劳动关系和谐企业”的单位进行了表彰。全省44家企业被评为“贵州省劳动关系和谐企业”，贵安发展村镇银行榜上有名。
“贵州省劳动关系和谐企业”由贵州省总工会、省人力资源和社会保障厅、省国资委、省精神文明办、省应急管理厅、省市场监管局、省工商联合会、省企业联合会及省企业家协会等9家单位联合评选，是贯彻落实省委、省政府关于大力发展和谐劳动关系的重要举措。
据介绍，贵安发展村镇银行坚持“全心全意依靠职工办企业”的理念，高度重视工会和职工工作，严格依法依规办事，切实关心关爱职工，全力构建和谐劳动关系，打造职工幸福银行。
“以前一直不敢买房子，还贷款的压力太大了。我们行不仅住房公积金缴纳的基数比较高，每个月还有增量，只要生活不铺张浪费，还房贷是还是比较轻松的！”刚刚购买了新房的夏龙飞特别开心。贵安发展村镇银行一直把保障职工合法权益作为一项重要工作来抓，该行集体合同、工资集体协商协议、女职工特殊权益保护专项集体合同等签订率100%，职工劳动合同签订率100%，职工五险一金以及公积金、增量等缴纳率100%。
刘倩婷是贵安发展村镇银行文工团的团员，据她介绍，工会每年都要举办春节联欢晚会、职工运动会及中秋晚会等大型职工活动，让职工在工作之余能够参加各类丰富的文娱活动。她说：“我以前在学校特别喜欢参加文艺活动，没想到工作了还能继续参加文艺活动，做自己喜欢的事。”
关爱员工，为员工谋福利，切实落实员工每一项需求。贵安发展村镇银行除了注重员工饮食健康外，更在医疗、购房等方面制定了切实举措，为员工谋福，使员工真正能够做到“体面工作，幸福生活”。该行出台了一系列关心关爱职工的政策并很好地执行，比如早餐、中餐全免费，每个月发放父母赡养费、节假日及生日慰问费、鼓励二胎补助费、退伍军人补贴等，已经制度化、常态化、长效化。(文/图李欣沂)
颁奖现场
4月15日，贵州省总工会十四届四次全委(扩大)会议对荣获“贵州省劳动关系和谐企业”的单位进行了表彰。全省44家企业被评为“贵州省劳动关系和谐企业”，贵安发展村镇银行榜上有名。
“贵州省劳动关系和谐企业”由贵州省总工会、省人力资源和社会保障厅、省国资委、省精神文明办、省应急管理厅、省市场监管局、省工商联合会、省企业联合会及省企业家协会等9家单位联合评选，是贯彻落实省委、省政府关于大力发展和谐劳动关系的重要举措。
据介绍，贵安发展村镇银行坚持“全心全意依靠职工办企业”的理念，高度重视工会和职工工作，严格依法依规办事，切实关心关爱职工，全力构建和谐劳动关系，打造职工幸福银行。
“以前一直不敢买房子，还贷款的压力太大了。我们行不仅住房公积金缴纳的基数比较高，每个月还有增量，只要生活不铺张浪费，还房贷是还是比较轻松的！”刚刚购买了新房的夏龙飞特别开心。贵安发展村镇银行一直把保障职工合法权益作为一项重要工作来抓，该行集体合同、工资集体协商协议、女职工特殊权益保护专项集体合同等签订率100%，职工劳动合同签订率100%，职工五险一金以及公积金、增量等缴纳率100%。
刘倩婷是贵安发展村镇银行文工团的团员，据她介绍，工会每年都要举办春节联欢晚会、职工运动会及中秋晚会等大型职工活动，让职工在工作之余能够参加各类丰富的文娱活动。她说：“我以前在学校特别喜欢参加文艺活动，没想到工作了还能继续参加文艺活动，做自己喜欢的事。”
关爱员工，为员工谋福利，切实落实员工每一项需求。贵安发展村镇银行除了注重员工饮食健康外，更在医疗、购房等方面制定了切实举措，为员工谋福，使员工真正能够做到“体面工作，幸福生活”。该行出台了一系列关心关爱职工的政策并很好地执行，比如早餐、中餐全免费，每个月发放父母赡养费、节假日及生日慰问费、鼓励二胎补助费、退伍军人补贴等，已经制度化、常态化、长效化。(文/图李欣沂)
颁奖现场
4月15日，贵州省总工会十四届四次全委(扩大)会议对荣获“贵州省劳动关系和谐企业”的单位进行了表彰。全省44家企业被评为“贵州省劳动关系和谐企业”，贵安发展村镇银行榜上有名。
“贵州省劳动关系和谐企业”由贵州省总工会、省人力资源和社会保障厅、省国资委、省精神文明办、省应急管理厅、省市场监管局、省工商联合会、省企业联合会及省企业家协会等9家单位联合评选，是贯彻落实省委、省政府关于大力发展和谐劳动关系的重要举措。
据介绍，贵安发展村镇银行坚持“全心全意依靠职工办企业”的理念，高度重视工会和职工工作，严格依法依规办事，切实关心关爱职工，全力构建和谐劳动关系，打造职工幸福银行。
“以前一直不敢买房子，还贷款的压力太大了。我们行不仅住房公积金缴纳的基数比较高，每个月还有增量，只要生活不铺张浪费，还房贷是还是比较轻松的！”刚刚购买了新房的夏龙飞特别开心。贵安发展村镇银行一直把保障职工合法权益作为一项重要工作来抓，该行集体合同、工资集体协商协议、女职工特殊权益保护专项集体合同等签订率100%，职工劳动合同签订率100%，职工五险一金以及公积金、增量等缴纳率100%。
刘倩婷是贵安发展村镇银行文工团的团员，据她介绍，工会每年都要举办春节联欢晚会、职工运动会及中秋晚会等大型职工活动，让职工在工作之余能够参加各类丰富的文娱活动。她说：“我以前在学校特别喜欢参加文艺活动，没想到工作了还能继续参加文艺活动，做自己喜欢的事。”
关爱员工，为员工谋福利，切实落实员工每一项需求。贵安发展村镇银行除了注重员工饮食健康外，更在医疗、购房等方面制定了切实举措，为员工谋福，使员工真正能够做到“体面工作，幸福生活”。该行出台了一系列关心关爱职工的政策并很好地执行，比如早餐、中餐全免费，每个月发放父母赡养费、节假日及生日慰问费、鼓励二胎补助费、退伍军人补贴等，已经制度化、常态化、长效化。(文/图李欣沂)
同花顺上线「疫情地图」
点击查看：新型肺炎疫情实时动态地图>>>
关注同花顺财经（ths518），获取更多机会
(function(){var obj = null;if(document.getElementById('arctTailMark')) {obj = document.getElementById('arctTailMark');}if(obj!=null){var str = '(image_address=""http://i.thsi.cn/images/article/logo.jpg"")  返回首页';var showed = 0;try{var oo = obj.previousSibling;while(oo.nodeType!=1 || oo.innerHTML.replace(/\s|\u3000/g,'').length==0){oo = oo.previousSibling;}if(oo.nodeType==1 && oo.tagName.toLowerCase()=='p') {var span = document.createElement('span');span.innerHTML =str;oo.appendChild(span);showed = 1;}}catch (e){}if(showed == 0){obj.innerHTML =str;}}})();",2020-04-17 12:14:48,同花顺
44,消费卡“裸奔”倒计时！商务部：排查风险，异常发卡企业将上“黑名单”,"“消费卡”监管最大难题在于风险敞口无法预估，《通知》提出建立风险监测机制、建立异常名单制度等措施，本质是建立风险处置防范的事中机制，有意补齐工作闭环，但还应与市场监督管理局、金融监管等部门开展联防联控
(image_address=""http://e.thsi.cn/img/5893da949b58a953"")
文 |《财经》记者张颖馨
“群众的呼声被到了！”某金融行业资深人士向《财经》记者感慨。其所指的是，商务部市场运行和消费促进司于4月16日，在官网公布的《商务部办公厅关于做好单用途商业预付卡管理工作的通知》(下称《通知》)。
根据《通知》，新冠肺炎疫情对单用途商业预付卡(下称“单用途卡”)造成了较大影响，部分发卡企业面临经营困境，衍生相关风险。为进一步加强对发卡企业的服务和管理，防范和化解风险，稳定消费信心，商务部要求相关部门从开展风险排查、加大帮扶力度、加强协同监管、强化问题处置等方面应对单用途卡管理的新挑战。
所谓“单用途预付卡”(下称“单用途卡”)，即仅限于在本企业或本企业所属集团或同一品牌特许经营体系内兑付货物或服务的预付凭证。简单来说，日常生活中的电商平台储值卡、超市卡、美容卡、健身房卡、教育机构培训卡等，均属于单用途卡，也被称为“消费卡”。
通过发行单用途卡，企业可实现资金回笼，消费者则能够享受更大力度的优惠。但这种看似一举两得的方式，背后却隐藏着不少看不到的风险。尤其在疫情影响下，中小企业普遍陷入经营困境，风险正传递至越来越多的普通消费者身上。部分接受《财经》记者采访的消费者表示，近期分别遭遇健身房、美容院跑路，此前充值的资金“打水漂”。(详见《财经》4月14日报道：疫情熔断消费卡：高者10万元打水漂，违约潮将至？)
“此次商务部下发的《通知》，确实有不少可圈可点之处。”多名行业人士直言，商务部此次在肯定单用途卡促进消费的基础上，重点强调了防范和化解风险，并提出建立风险监测机制、异常发卡企业名单制度等具体应对措施，更加实事求是。但也需要注意到，单用途卡风险防控并不是“单兵作战”，还应与市场监督管理局、金融监管部门等开展联防联控工作。同时，完善立法亦是风险防控的应有之义。
摸底风险敞口，强化防控
前述《通知》指出，各级商务主管部门要进一步提高工作前瞻性，既充分认识单用途卡在稳定消费中的积极作用，也分析研判疫情带来的复杂情况，制定应对方案，明确工作责任，防范化解风险。
“单用途卡确实在帮助企业融资、促进消费上有重要作用，但是长期以来，这个行业对消费保护偏弱，此次《通知》提到要稳定消费信心，优化消费环境，说明到疫情冲击下消费端的保护，可以说抓住了‘牛鼻子’。”北京市网络法学研究会副秘书长车宁接受《财经》记者采访时表示。
与此同时，风险防控亦被置于更为重要的位置。《通知》要求相关部门开展风险排查：建立单用途卡发卡行业和企业风险监测机制；针对零售、住宿、餐饮、居民服务等不同行业的特点，梳理发卡行业和企业兑付风险先导指标；建立异常发卡企业名单制度，摸清风险底数等。
某接近地方金融监管的人士告诉《财经》记者，《通知》更多的在强调风险防控，说明监管部门已经注意到了市场上出现的风险事件，这是一大亮点。与此同时，提出建立单用途卡发卡行业和企业风险监测机制、建立异常名单制度等措施，本质是建立起风险处置防范的事中机制，说明监管有意补齐工作闭环。
“其实最大的难题就在于风险敞口无法预估，谁都不知道风险到底有多大，这点还是挺让人吃惊的。”接近地方金融监管的某行业人士告诉《财经》记者，单用途卡存在的问题很大，虽然表面是负债形式，但其本质就是向不特定多数人募集资金，却又不受金融监管。相比此前的网贷平台跑路，单用途卡风险一旦爆发，危害恐怕有过之而无不及。
《财经》记者此前查询多地商务局/商务委员会(下称“商委”)官网，发现各地对单用途卡发卡企业的管理存在差异。比如以披露最新发卡企业数量这一数据为例，截至2020年1月21日，北京、广州两地单用途发卡备案企业数量分别为182家、54家。上海的这一数据则停留在2019年3月27日，对应的企业数量为378家；而部分城市则未披露相关数据。对于单用途卡所涉资金金额，近年来未见相关权威机构披露最新数据。
多名行业人士认为，单用途卡更倾向于单独场景，企业可以独立发行，涉及到不同行业，监管部门很难去做这样的一个数据统计。
缘何长期“裸奔”？
“《通知》的下发代表单用途卡风险防控有了一个好的开始，但部分新措施的提出其实也说明一个残酷的现实，即单用途卡在很长一段时间内都处于‘裸奔’状态。”上述接近监管的人士直言。
据《财经》记者了解，当前单用途卡管理主要依据商务部2012年制定发布的《单用途商业预付卡管理办法(试行)》(下称《管理办法》)。也就是说，单用途卡监管是有相关政策依据的，但为何业内人士却称单用途卡长期在“裸奔”？
某第三方支付机构高管告诉《财经》记者，《管理办法》的适用对象为企业法人，但现实生活中，很多发卡方是非企业法人的个体工商户，并未纳入监管范围。监管其实对备案有严格的要求，但很多商户根本达不到备案的标准。
根据《管理办法》，发卡企业应在开展单用途卡业务之日起30日内向各级商务部备案；除集团发卡企业、品牌发卡企业之外，其他发卡企业应满足上一会计年度年营业收入500万元以上等要求；主营业务为零售业、住宿和餐饮业的发卡企业，预收资金余额不得超过其上一会计年度主营业务收入的40%；相关企业应确定一个商业银行账户作为资金存管账户，并与存管银行签订资金存管协议，后者应规定存管银行对发卡企业资金存管比例进行监督等。
然而，严格的备案规定，在具体落实中却出现了难题。
“备案不同于审批，一方面更强调事后追查而非事前控制，另一方面更侧重信息记录而非资质管理，其执行的宽严与否也更多依赖于具体的机构甚至个体，这种规制方法明显与其风险对象不相匹配，客观上给企业以很低的违法成本。”车宁直言。
另据《财经》记者了解，《管理办法》对违规发卡企业的行政处罚设定，主要是限期改正和最高三万元的罚款。与此同时，单用途卡虽然有资金存管，但其仅适用于集团发卡企业、品牌发卡企业、规模发卡企业，那些服务更广、数量更多、风险抵御能力更差的发卡方却被忽略。
多名金融行业人士指出，即便对于需要进行资金存管的企业，其存管比例也相对不高，而且通常情况下，银行只负责审核表面的一致性，若商户以各种形式合法(如利用保证保险、银行保函等)的手段从中取出，貌似也并不困难。
“一直不知道消费卡有相关监管政策，遇到健身房、美容院等机构跑路的情况，我就只能‘哑巴吃黄连’。”部分踩过单用途卡“坑”的消费者向《财经》记者表示。
这样的感受背后，反映的是消费者保护的缺位。《财经》记者了解到，如遭遇上述情况，消费者无法与经营者协商解决，可以向有关行政部门投诉，也可以到法院提起诉讼。
“通过各种渠道进行投诉，但没有任何结果；也尝试过提起诉讼，但如果受损金额较小，却又要为此付出额外的金钱和精力，得不偿失。最终只能放弃。”一位在理发店办充值卡终致损失超5000元的消费者透露。
值得注意的是，此次《通知》亦注意到消费者纠纷的解决。其指出，对因疫情影响产生的消费纠纷，各省市商务主管部门应配合有关部门推动当事人妥善协商解决或诉诸司法救济。
亟待法规完善，合力监管
单用途卡领域乱象频出，除了监管政策的执行流于“形式”，还有一个主要原因在于，单用途卡的发行方往往是中小微经济体，其对风险的抵抗能力偏弱。在经济下行、疫情暴发等多重因素影响下，一旦遭遇经营困难、资金流断裂等情况，只能倒下或跑路，最终的风险则转嫁到了消费者身上。
尽管国家此前出台了多项扶持政策缓解中小微企业生存困境，但依然有很多微小企业主/个体经营户在疫情冲击波中倒下。这其中的不少机构，便是单用途卡的发行方。
值得一提的是，此次《通知》亦要求相关部门加大帮扶力度。如鼓励发卡企业增强信心，用足用好各类政策措施，尽快克服当前困难，恢复正常生产经营；推动行业协会等中介组织做好行业自救，加强行业自律，制订灵活多样的纾困和解决措施；鼓励资金存管银行等金融机构合理增加对发卡企业的金融支持等。
但这些措施恐怕还不足以应对接下来可能出现的严峻形势。有金融行业人士分析指出，更大范围、更有效力的举措有待出台和落实，否则接下来可能会出现单用途卡违约潮。与此同时，风险还可能向金融领域蔓延。
“迫于经营压力，部分企业可能铤而走险，违背《管理办法》对资金使用的要求，而将资金投向‘灰色地带’生利。并且颇为麻烦的是，如果选择在此时开展执法，相当程度上反而会促使企业采取包括出售资产等方式加快回笼资金，使得原本只是合规细节上存在瑕疵的企业雪上加霜，甚至造成更大面积的违约。”车宁表示。
对于接下来的风险防控，多名行业人士认为，一方面要建立起多部门联防联控的机制，另一方面则需尽快完善立法。
“单用途卡风险防控涉及到多个部门，遏制乱象不能只是商务部的‘单兵作战’，应联合市场监督局、金融监管部门、公安经侦等，形成‘联防联控’机制。”上述接近地方金融监管的人士直言。
前述《通知》亦强调，相关部门应会同银行等金融部门，严格执行对预付资金的存管要求，防止企业违规挪用存管资金；针对问题突出的行业或企业，基于客观实际，适度增加检查频次，对假借疫情影响，违规开展单用途卡发行和服务等行为的，加大执法力度，避免形成“破窗效应”。同时，鼓励有关地区建立区域协同监管机制。
不过，治理单用途卡乱象的关键，依然在于完善立法。车宁指出，眼下应该进一步加快地方尤其是单用途卡使用程度较高地方的立法，层级上要达到省级地方性法规，内容上要覆盖卡管理的各个方面尤其是前期不足的规范对象、监测机制等。在地方性法规和行业自律规范的基础上，中央有关单位也应尽快更新相关制度内容，提高立法位阶，打通与金融、消保、价格、反不正当竞争-反垄断等规制的衔接，同时健全单用途卡的日常监管协调机制和风险处置机制。
“即便立法不能尽快实现，也应该对《管理办法》进行修订，毕竟已经试行了近8年，出现了很多新问题，应及时‘打补丁’。”某金融行业律师告诉《财经》记者，比如可通过引入交付保证金或担保措施来提高发行门槛，或要求企业将一定比例的预付存款资金存入专项账户。此外，擅用金融科技，搭建信息共享平台，完善信息披露和风险警示。
同花顺上线「疫情地图」
点击查看：新型肺炎疫情实时动态地图>>>
关注同花顺财经（ths518），获取更多机会
(function(){var obj = null;if(document.getElementById('arctTailMark')) {obj = document.getElementById('arctTailMark');}if(obj!=null){var str = '(image_address=""http://i.thsi.cn/images/article/logo.jpg"")  返回首页';var showed = 0;try{var oo = obj.previousSibling;while(oo.nodeType!=1 || oo.innerHTML.replace(/\s|\u3000/g,'').length==0){oo = oo.previousSibling;}if(oo.nodeType==1 && oo.tagName.toLowerCase()=='p') {var span = document.createElement('span');span.innerHTML =str;oo.appendChild(span);showed = 1;}}catch (e){}if(showed == 0){obj.innerHTML =str;}}})();",2020-04-17 12:13:44,同花顺
45,谭浩俊：修复和完善供应链 提高企业复工复产效率,"据商务部网站消息，商务部等8部门近日联合印发《关于进一步做好供应链创新与应用试点工作的通知》，旨在发挥供应链创新与应用试点工作在推动复工复产、稳定全球供应链、助力脱贫攻坚等方面的重要作用，进一步充实试点内容，加快工作进度。
通知要求，试点城市要落实分区分级精准防控和精准复工复产要求，加快推动和帮助供应链龙头企业和在全球供应链中有重要影响的企业复工复产；试点企业要勇担社会责任，充分发挥龙头带动作用，加强与供应链上下游企业协同，协助配套企业解决技术、设备、资金、原辅料等实际困难。
由于疫情在全球、特别是欧美发达国家爆发，导致全球供应链遭受重创，很多方面陷入瘫痪状态，从而对复工复产等带来不小的影响。因此，迫切需要采取强有力的措施，加快供应链的修复与完善，用创新的手段、实用的方法、扎实的措施，尽快修复供应链，完善供应链体系，推动复工复产。
应当说，8部门的试点意见，对做好供应链创新与应用提出了非常具体、非常有针对性的意见。如果能够结合各地实际，积极探索，大胆试点，有效推进，是能够对供应链问题起到很好的修复和完善效果的，也是能够有利于加快复工复产进度、提高复工复产效率的。从操作层面来看，笔者认为，应当处理好这样一些关系。
首先要处理好的，就是上下游企业之间的关系。因为，不管全球疫情怎么发展，也不管疫情是否得到有效控制，抑或是疫情已过，处理好上下游企业之间的关系，都是最重要的，也是最紧迫的。因为，正常状态下，上下游企业之间的关系，也是最紧密、最重要、最关键的关系。因为，只要有一个环节出现问题，只要有一个企业没有能够按照正常的轨道运行，上下游之间就会出现问题，整个供应链体系就很难畅通、很难顺利运行。为什么在相同的情况下，有的企业运行效率高，有的企业运行效率低，有的效益好，有的效益差，有的产品质量有保障，有的产品质量没保证，很重要的一个原因，就是上下游企业之间的衔接和合作。尤其在疫情影响下，加强上下游企业间的合作与联系，打通供应链就显得更为重要。
而上下游企业，显然不只有国内企业，还有国外企业。因此，需要处理好的另一个关系，就是国内外企业之间的关系。很显然，在我国疫情已经得到有效控制，国外疫情正在蔓延与扩散的情况下，打通与国外企业之间的供应链可能比国内企业之间要难得多。其中，不仅有国内企业为国外企业提供配套的，也有国外企业为国内企业提供配套的，包括产品销售，可能难度都比较大。但是，为了加快复工复产，为了稳定经济增长，为了不失去市场和客户，再难也要顶住，也要尽最大努力去修复、保护、扩展、完善供应链，不能让供应链成为复工复产的障碍。这就要求地方政府和企业都通过各种方式和渠道，与国外企业加强联系和沟通，充分发挥互联网平台的作用，哪怕不能进行实物交易，也要保持信息畅通，保持双方的沟通与交流不中断。否则，等到疫情过后，供应链仍然会断。
而从目前复工复产的实际情况来看，无论是上下游企业之间，还是国内外企业之间的供应链体系，大小企业之间的关系都是最主要的。大企业为小企业发展提供机会和空间，小企业为大企业发展提供配套和服务。也就是说，虽然从表面看小企业依附于大企业，但是，仔细分析则不难发现，大企业需要依赖小企业。没有小企业提供配套服务，很多大企业就将无法生存。所以，小企业是供应链体系中非常重要的一环。在推动供应链创新和应用试点工作中，一定要把大企业与小企业之间的关系处理好，尤其是小企业，一定要在各种服务方面，为他们的复工复产创造条件。否则，大企业的复工复产效率也不会高，甚至出现复工不复产现象。
当然了，无论是哪条供应链，也无论是哪类企业之间，都离不开区域之间合作，离不开开放式服务。因此，区域间之企业的关系，也是供应链体系中非常重要的关系之一。在推行试点过程中，也应当充分考虑区域之间的关系，尽可能地选择不同区域、不同条件下的城市进行试点，而不要全部集中在经济发达地区或产业集中地区。经济发达地区和产业集中地区可以适当多一点试点城市，但总体要保持平衡。否则，其他地区会成为拖后腿的，甚至出现地方保护主义等方面的现象。在这样的情况下，就必须兼顾公平、突出效率、提高质量、强化效能。
总之，试点工作必须务实、有效，要能够切入到企业的痛点，从而采取强有力的措施，修复完善供应链，推动复工复产，提高复工复产效率。
同花顺上线「疫情地图」
点击查看：新型肺炎疫情实时动态地图>>>
关注同花顺财经（ths518），获取更多机会
(function(){var obj = null;if(document.getElementById('arctTailMark')) {obj = document.getElementById('arctTailMark');}if(obj!=null){var str = '(image_address=""http://i.thsi.cn/images/article/logo.jpg"")  返回首页';var showed = 0;try{var oo = obj.previousSibling;while(oo.nodeType!=1 || oo.innerHTML.replace(/\s|\u3000/g,'').length==0){oo = oo.previousSibling;}if(oo.nodeType==1 && oo.tagName.toLowerCase()=='p') {var span = document.createElement('span');span.innerHTML =str;oo.appendChild(span);showed = 1;}}catch (e){}if(showed == 0){obj.innerHTML =str;}}})();",2020-04-17 12:11:16,同花顺
46,郝联峰：市场在构筑菱形顶,"最常见的顶部形态是楔形和双头。上升楔形反转下跌后，如何反抽做出收敛三角形，则与前面上升楔形第二个高点、第三个高点(最高点)和右边反抽高点一起组成三重顶，也叫菱形或钻石形。
(image_address=""http://e.thsi.cn/img/47749caf431ff745"")
上升楔形配合菱形做头，是迷惑性很强的头部，你觉得要跌，它还不断创新高，每次一回调，你卖了，它又冲上去了(左边上升楔形)，终于不创新高了，但一下跌你卖出，马上反抽，还迟迟跌不到你卖出的成本(右边收敛三角形)。于是，最后的空头就投降了。经典的菱形顶是2001年6月14日的2245.44点大顶，吸干了市场上最后一丝做多能量，极少有机构和个人幸免，此后的四年熊市，平均股价跌去四分之三，光券商就倒闭了二十多家。
当然，顶尖高手也还是有的。2001年上半年深交所副总经理老L就说，现在赚钱不算本事，能保住利润的才算本事。在此前后，国内某大券商拼命增资扩股、清理压缩保本代客理财，就这样，到2005年还命悬一线，惊险啊！
历史上的菱形顶不少，如2003年6月3日、2008年5月6日、2011年4月18日、2020年1月15日、2020年3月5日等。菱形顶反抽一般都是缩量的，反抽日量小于近几日均量，或5日均量小于10日均量，量能不济，所以无法持续上涨。2020年4月7日以来，量在退潮，价格在抵抗，我们不妨看一看，这次是量靠谱还是价格靠谱。
菱形一反抽，谁能不上钩？
PS：2020年4月16日，上证指数弱反抽，指标股下跌，小盘股较强，市场在构筑菱形顶。4月20日是前期多次提及的时间窗口，市场如果继续上拱创反弹新高，则从菱形拓展为新的楔形，楔形可以一个楔形套着一个楔形，楔形延伸使头部迷惑性更强。很多散户亏钱的原因是，既不愿意拿着高ROE消费龙头(如五朵金花)长期持有，又不愿意忍受空仓寂寞，那就只有适应反复被收割了，认命吧。煮茶旁观，静等大底，关注2020年4月**日、5月*日和2020年5月**日等时间窗口。
同花顺上线「疫情地图」
点击查看：新型肺炎疫情实时动态地图>>>
关注同花顺财经（ths518），获取更多机会
(function(){var obj = null;if(document.getElementById('arctTailMark')) {obj = document.getElementById('arctTailMark');}if(obj!=null){var str = '(image_address=""http://i.thsi.cn/images/article/logo.jpg"")  返回首页';var showed = 0;try{var oo = obj.previousSibling;while(oo.nodeType!=1 || oo.innerHTML.replace(/\s|\u3000/g,'').length==0){oo = oo.previousSibling;}if(oo.nodeType==1 && oo.tagName.toLowerCase()=='p') {var span = document.createElement('span');span.innerHTML =str;oo.appendChild(span);showed = 1;}}catch (e){}if(showed == 0){obj.innerHTML =str;}}})();",2020-04-17 12:11:15,同花顺
47,全国人大代表史秉锐：加快扶贫立法 巩固脱贫成果,"加快扶贫立法，对于巩固脱贫成果，保障扶贫事业健康发展，推动扶贫开发工作走上制度化、规范化、法治化轨道，意义重大。从实践中看，扶贫开发工作的难点和重点在于扶贫资源配置、扶贫对象识别、各级政府和行业部门职责落实、扶贫项目资金管理等，这些问题单纯依赖政策或行政手段往往难以有效解决。通过立法可以明确扶贫开发工作的对象、标准、原则、责任、投入来源和政策措施，加强监督和检查，以法律保障提高扶贫开发管理水平和工作成效。扶贫立法是做好2020年后减贫工作的现实需要。全面打赢脱贫攻坚战之后，相对贫困依然存在，扶贫工作重心将由解决绝对贫困转向解决相对贫困。通过国家立法，强化和规范农村扶贫开发工作，有助于防止返贫，巩固脱贫攻坚成果。
同花顺上线「疫情地图」
点击查看：新型肺炎疫情实时动态地图>>>
关注同花顺财经（ths518），获取更多机会
(function(){var obj = null;if(document.getElementById('arctTailMark')) {obj = document.getElementById('arctTailMark');}if(obj!=null){var str = '(image_address=""http://i.thsi.cn/images/article/logo.jpg"")  返回首页';var showed = 0;try{var oo = obj.previousSibling;while(oo.nodeType!=1 || oo.innerHTML.replace(/\s|\u3000/g,'').length==0){oo = oo.previousSibling;}if(oo.nodeType==1 && oo.tagName.toLowerCase()=='p') {var span = document.createElement('span');span.innerHTML =str;oo.appendChild(span);showed = 1;}}catch (e){}if(showed == 0){obj.innerHTML =str;}}})();",2020-04-17 12:10:24,同花顺
48,不需金属电极、易燃电解质，瑞典研发环保有机质子电池,"有没有一种电池，不含任何金属材料，也不采用易燃电解质？最近瑞典乌普萨拉大学(Uppsala University)研发出有机质子电池，不仅环保，还能在短短几秒内充饱电，充放电500次以上也不影响容量。
那么什么是质子电池呢？跟一般的锂离子电池有什么差别？首先，乌普萨拉大学团队研发的电池主要材料采用有机化合物“醌”，这种化合物在充放电过程中会吸收与释放氢离子，其中氢是唯一没有中子的元素，由原子核中的质子与核外的电子组成，所以当氢失去电子变成氢离子时，就只剩质子了，故有此名。
研究第一作者Christian Strietzel表示，研究的出发点，主要是能用自然元素来制造有机电池。毕竟包括目前常见的锂离子电池在内，电池一开始的矿业开采就会对环境造成伤害，若是回收处理不当，电池中的重金属、电解质等都会污染环境，也没有达到循环经济。
新型有机质子电池的电解质也有所不同，电解质采用不容易起火、也不容易爆炸的酸性水溶液，而它不仅具有安全与环境优势，团队指出，只要100秒即可充饱电，充放电次数也达到500次，除此之外，有别于手机中的锂离子电池，Strietzel表示，这种电池在-24°C环境也可以正常运作。
只不过这颗电池容量只有60mAh，没办法帮手机甚至电动车充电，以钮扣电池来说电量其实也不高，但对于新兴又环保的有机质子电池来说，或许是个不错的概念证明，未来随着提高电压与电量，它也可以在利基市场发光发热。
同花顺上线「疫情地图」
点击查看：新型肺炎疫情实时动态地图>>>
关注同花顺财经（ths518），获取更多机会
(function(){var obj = null;if(document.getElementById('arctTailMark')) {obj = document.getElementById('arctTailMark');}if(obj!=null){var str = '(image_address=""http://i.thsi.cn/images/article/logo.jpg"")  返回首页';var showed = 0;try{var oo = obj.previousSibling;while(oo.nodeType!=1 || oo.innerHTML.replace(/\s|\u3000/g,'').length==0){oo = oo.previousSibling;}if(oo.nodeType==1 && oo.tagName.toLowerCase()=='p') {var span = document.createElement('span');span.innerHTML =str;oo.appendChild(span);showed = 1;}}catch (e){}if(showed == 0){obj.innerHTML =str;}}})();",2020-04-17 12:08:49,同花顺
49,美联储：救市举措前所未有 但疫情对经济的影响仍然未知,"原标题：美联储：救市举措前所未有但疫情对经济的影响仍然未知
市场前景远未明朗。FOMC永久票委、纽约联储主席威廉姆斯周四表示，美联储采取“大胆行动”以支撑被疫情冲击的市场，并启动了前所未有的公开市场操作水平，但新冠病毒对经济造成的全部损失仍然未知。
当地时间周四，在纽约经济俱乐部主办的视频会议上，威廉姆斯发表了关于美国经济前景的演讲。威廉姆斯表示，不确定性尚未结束，“我们的工作还没有完成。”
威廉姆斯在3月中旬以来的首次公开讲话中表示，投资者同时逃到了更安全的资产，造成市场动荡，并促使美联储采取一系列救市行动。“冠状病毒大流行创造了我们一生中从未经历过的情况，由此带来的经济影响的规模仍然未知。”
威廉姆斯拒绝给出具体的经济复苏预测，称经济将在一段时间内表现不佳。但同时也表示：“尽管在疫情结束之前，金融市场的压力不会完全缓解，但我们已经看到美国金融体系关键部分的流动性和市场运作指标出现实质性改善”。
威廉姆斯还强调，美联储的货币举措必须与国会未来的财政援助相结合。美联储和财政部已经合作开展了一些计划，可能提供6万亿美元的贷款和其他资金来帮助经济。
在过去的一个月中，美联储已将基准利率降低至接近零，并制定了一系列计划，旨在保持市场平稳运行，并向遭受经济停顿困扰的企业和个人提供资金。
疫情已对美国经济造成巨大冲击。美联储正与世界各地的中央银行一起拯救全球经济，疫情导致餐馆、博物馆和其他企业普遍关闭。
过去四周美国由疫情造成的失业总人数接近2200万，几乎抹平次贷危机后美国十年新增就业岗位总和。与此同时，美国3月零售额暴跌8.7%，创下1992年有记录以来最大单月跌幅。纽约地区的制造业也以有史以来的最大幅度下滑，跌至历史低点，美国4月纽约联储制造业指数仅录得-78.2。
(编辑：王星)
同花顺上线「疫情地图」
点击查看：新型肺炎疫情实时动态地图>>>
关注同花顺财经（ths518），获取更多机会
(function(){var obj = null;if(document.getElementById('arctTailMark')) {obj = document.getElementById('arctTailMark');}if(obj!=null){var str = '(image_address=""http://i.thsi.cn/images/article/logo.jpg"")  返回首页';var showed = 0;try{var oo = obj.previousSibling;while(oo.nodeType!=1 || oo.innerHTML.replace(/\s|\u3000/g,'').length==0){oo = oo.previousSibling;}if(oo.nodeType==1 && oo.tagName.toLowerCase()=='p') {var span = document.createElement('span');span.innerHTML =str;oo.appendChild(span);showed = 1;}}catch (e){}if(showed == 0){obj.innerHTML =str;}}})();",2020-04-17 12:06:19,同花顺
50,高盛：美国经济将以何种方式重启,"原标题：高盛：美国经济将以何种方式重启？
出于对病毒的恐惧和保持社交距离的官方指引，目前美国全境均处于不同程度的封锁状态。受此影响，过去三周共1600万人初次申请失业金。
根据高盛创立的封锁指数，目前贡献美国GDP86%的地区仍处于封锁状态。在严重受创的经济面前，重启经济变成了一件不得不做但又极具挑战性的任务。
重启经济的方式
重启经济，最重要的考量就是疫情的控制。根据高盛过去几周对传染病学专家进行的调查，大多数人认为美国因COVID-19住院的人数将会在4月或5月见顶。同样，将疫情传播控制在合适水平仍需要数周时间。
高盛首席经济学家Jan Hatzius指出，在缺乏疫苗和特效药的情况下，复工的步骤将会是循序渐进的。对于许多人声称出现多例无症状感染者反映出“群体免疫”或已接近达成，Hatzius表示，从目前已经进行的传染性研究中，可以分析出实际感染新冠肺炎的人群肯定会高于检测确诊的数量，但仍远远低于”群体免疫“所需要的半数水平。
同时美国政府的封锁令并没有太大的强制力，大多数美国人只是出于对疫情的恐慌才呆在家里。反过来说，呼吁这些人重新出现在街头需要给出一个强力的理由。新增病例数下降、病床空置率提升、大规模检测追踪有希望短期内实现，但能否应对大规模复工仍存疑问。
Hatzius认为，一旦上述条件全部达成，美国经济将开始缓慢的复工，并着重于避免出现第二波疫情。各州的进度需要参照疫情严重水平和自身医疗储备分头计算。此外，复工的顺序、工作场所、时间、方式也需要对疫情作出调整，在有效疫苗上市前“社交距离”措施仍将继续实施。
重启经济的两种思路
Hatzius指出，最为理想化的方式是优先重启那些经济效益大的行业。然而，衡量不同行业间“价值”是一件很主观的事情。根据高盛亚洲团队研究，关闭交通运输、公共活动和工作场所对整体服务板块活动的影响较大。此外，从疫情对经济带来的冲击角度来说，那些隔离在家也能基本完成工作的行业，应当更晚复工。
更为自然的复工逻辑是，那些与人接触更密集(风险更大)的行业更晚复工，这也是投资者对相关公司进行评估的一个可行方法。
经济影响评估
高盛强烈预期在疫情见顶以后，美国经济将从底部反弹。考虑到许多失业仅仅是临时性的解雇，劳动者与资方的关系依旧紧密。同时，企业破产方面并没有出现显著的提升。然而必须承认，目前预计疫情后续的发展和对经济的冲击仍为时尚早。
高盛表示，衡量疫情冲击以及经济复苏主要看三个方面：疫情峰值的下降深度、封锁的时间长度和经济重启进程的速度。在基本情形下，高盛预计2020年美国GDP Q1环比下降7%、Q2下降34%、Q3上升19%、Q4上升12%。2020全年隐含增长率为-5.7%，今年四季度同比下降4.9%。
更好的情形包含了治疗方式出现显著进展、疫情传播随着温度上升放缓、采取对经济更为友好的“社交隔离”政策。虽然疫苗的出现能对经济反弹起到强劲的推进作用，但短期内很难成为现实。
更坏的情形包括了疫情放缓速度减慢、更长时间的封锁、第二波疫情对经济和居民收入带来重复冲击等。
(编辑：王星)
同花顺上线「疫情地图」
点击查看：新型肺炎疫情实时动态地图>>>
关注同花顺财经（ths518），获取更多机会
(function(){var obj = null;if(document.getElementById('arctTailMark')) {obj = document.getElementById('arctTailMark');}if(obj!=null){var str = '(image_address=""http://i.thsi.cn/images/article/logo.jpg"")  返回首页';var showed = 0;try{var oo = obj.previousSibling;while(oo.nodeType!=1 || oo.innerHTML.replace(/\s|\u3000/g,'').length==0){oo = oo.previousSibling;}if(oo.nodeType==1 && oo.tagName.toLowerCase()=='p') {var span = document.createElement('span');span.innerHTML =str;oo.appendChild(span);showed = 1;}}catch (e){}if(showed == 0){obj.innerHTML =str;}}})();",2020-04-17 12:06:19,同花顺
51,淳石杨如意:不要怀疑A股不赚钱 每次A股跑输美股的时候就要大反弹,"4月17日10：00淳石资本执行董事兼证券投资事业部负责人杨如意：震荡市依然爆赚的大佬们在买什么？
(image_address=""http://e.thsi.cn/img/2a5e05552bf4df03"")
下载新浪财经APP观看视频直播，可参与互动、查看PPT课件、文字实录等，效果更佳
主要内容：
淳石杨如意解析：淡水泉买小票但斌加仓4主线(名单)
淳石资本杨如意：特斯拉或成汽车业苹果疫情对白酒影响小
淳石杨如意：私募大佬重仓股散户能“抄作业”跟着买吗？
常见买基金的十大误区
1.常见投资者选基金的误区
1、只选择短期排名靠前的标的基金进行投资
FOF管理人在选择标的基金时，不仅需要关注标的基金短期业绩的爆发，还要重视该标的基金长期业绩的稳定，以及业绩背后的驱动因素是否可以持续。
2、“明星基金经理”光环
FOF管理人在挑选基金管理时，切不可迷恋于“明星基金经理”的光环，对于明星基金经理新成立的基金需要经过一段时间的考察；同时要深入了解标的基金经理的投资理念及投资风格，选择适合自己投资目标定位的标的基金经理。
3、承诺投资收益
4、基金分红越多越好
5、低净值的基金，买到就是赚到
6、配置一只最优秀的基金即可坐享收益
7、只要是收益高的标的基金都可以买
8、净值越高的基金说明标的基金经理投资能力越强
9、投资标的基金靠低买高卖获取收益
10、标的基金公司规模越大说明投资能力越强
基金投资中的四个不要怀疑
不要怀疑A股不赚钱
从沪深300指数有记录开始，其累计收益率在大部分时间不逊于美股。
这张图比较神奇的是，每次A股收益率开始接近或跑输美股的时候，基本上就是见底要大反弹的时候。
A股像个孩子，一天到晚上蹿下跳，而成熟稳重的美股似乎成为了A股的弹力床。
(image_address=""http://e.thsi.cn/img/cebb7f9cc09273a4"")
其实基金很牛！
从2003年至今，中证股票基金指数年化收益率接近13%，16年时间13%的年化收益，难道不牛逼吗？市场指数沪深300只有8%。
不要怀疑基民赚不赚钱
当然、大概率、基本上，很难赚钱。
这个图有故事啦：权益基金的发行规模当然是和股市严重正相关的啦，牛市加仓，熊市减仓，神仙也赚不了钱的。
不要怀疑现在买基金赚不赚钱
我们统计了历史上3000点以下新发基金的收益情况。
这个图清晰的展示了：84%的基金取得了正收益，平均年化收益达7.38%。
说实在的，现如今的3000点肯定是比10年前、16年前的3000点更具有投资价值，估值更低，长期的年化收益大概率也一定会更高。
(image_address=""http://e.thsi.cn/img/48db44e21d67cb14"")
为什么投资者亏钱？因为1.波动率2.最大回撤
责任编辑：常福强
同花顺上线「疫情地图」
点击查看：新型肺炎疫情实时动态地图>>>
关注同花顺财经（ths518），获取更多机会
(function(){var obj = null;if(document.getElementById('arctTailMark')) {obj = document.getElementById('arctTailMark');}if(obj!=null){var str = '(image_address=""http://i.thsi.cn/images/article/logo.jpg"")  返回首页';var showed = 0;try{var oo = obj.previousSibling;while(oo.nodeType!=1 || oo.innerHTML.replace(/\s|\u3000/g,'').length==0){oo = oo.previousSibling;}if(oo.nodeType==1 && oo.tagName.toLowerCase()=='p') {var span = document.createElement('span');span.innerHTML =str;oo.appendChild(span);showed = 1;}}catch (e){}if(showed == 0){obj.innerHTML =str;}}})();",2020-04-17 12:02:22,同花顺
52,受疫情影响 日本首都圈3月公寓销量下降35.8%,"人民网东京4月17日电(吴颖)日本房地产经济研究所16日公布的3月份首都圈(1都3县，东京都?神奈川县?千叶县?埼玉县)公寓销售数据显示，3月销售量仅为2142户，较去年同期下降35.8%，连续7个月出现下降。签约率为70.0%，同比下降2.2个百分点。公寓平均每户销售价格为6156万日元(约404万人民币)，同比下降6.0%。
因土地和建筑费用持续上涨，开发商已收紧了新建房屋的供应量。加之新冠肺炎疫情的影响，开发商相继采取临时关闭样品房、暂停销售等措施，进一步造成新房销售量的下降。据悉，虽然限制外出政策导致购房顾客减少，但热门房源交易仍按原计划进行。
根据日本房地产经济研究所公布的2019年度的销售数据显示，当年总销售量为2万8563户，较上一年度下降22.0%。平均每户销售价格为6055万日元(约398万人民币)，同比上涨2%；每平方米的单价为90.1万日元(约6万人民币)，同比上涨3%。均价和单价为自1990年度以来的最高水平。
为了防控疫情，日本大型建筑公司相继采取截至5月初暂停施工的措施，预计也将严重影响公寓的施工工期。对此，日本房地产经济研究所的相关负责人表示，如竣工时间不明确，将导致很多顾客无法决定购买。预计疫情对尚未竣工的公寓销售造成较大影响。该负责人表示，当前很难判断未来的房价动向。
同花顺上线「疫情地图」
点击查看：新型肺炎疫情实时动态地图>>>
关注同花顺财经（ths518），获取更多机会
(function(){var obj = null;if(document.getElementById('arctTailMark')) {obj = document.getElementById('arctTailMark');}if(obj!=null){var str = '(image_address=""http://i.thsi.cn/images/article/logo.jpg"")  返回首页';var showed = 0;try{var oo = obj.previousSibling;while(oo.nodeType!=1 || oo.innerHTML.replace(/\s|\u3000/g,'').length==0){oo = oo.previousSibling;}if(oo.nodeType==1 && oo.tagName.toLowerCase()=='p') {var span = document.createElement('span');span.innerHTML =str;oo.appendChild(span);showed = 1;}}catch (e){}if(showed == 0){obj.innerHTML =str;}}})();",2020-04-17 12:00:24,同花顺
53,毛胜勇：今明两年平均 经济增速应该在5%以上,"4月17日上午10时，国务院新闻办公室举行新闻发布会，国家统计局国民经济综合统计司司长、新闻发言人毛盛勇介绍2020年一季度国民经济运行情况，并答记者问。
据观点地产新媒体了解，现场记者提及国际货币基金组织(IMF)最新预测中国经济增速情况，毛盛勇回应称，最近，IMF根据当前国际疫情蔓延的态势以及当前全球经济的表现，对全球经济增长预期进行大幅度下调，预计全球经济今年下降3%，中国增长1.2%，中国是全球主要经济体里少数预计为正增长的国家之一。
同时毛胜勇还注意到，国际货币基金组织预计2021年中国经济增长速度是9.2%。毛胜勇表示，我的理解是，今年和明年如果平均起来，应该在5%以上，或者可以理解为，中国经济因为疫情影响带来一些损失，一些经济活动被压抑，可能会在明年更好地释放出来。
关于今年二季度是否能成为今年经济增长的拐点，毛胜勇表示，从目前经济运行情况来看，3月份比1-2月份明显改善，这是一个基本判断。3月份这种改善的势头应该是能够延续下去，特别是随着复工复产加快统筹推进，更大力度的政策不断出台，二季度表现会更好，所以二季度会明显好于一季度，这是一个基本趋势。如果全球疫情控制比较好，下半年应该会比上半年更好。我们的目标就是力促全年经济平稳运行和社会大局稳定。
“至于今年的经济增长目标，按照惯例，我们每年主要经济社会发展目标都是在两会期间的政府工作报告中向社会公布的。今年，为了有效防控疫情，两会进行了推迟，目前我们还不掌握具体情况。”毛胜勇表示。
同花顺上线「疫情地图」
点击查看：新型肺炎疫情实时动态地图>>>
关注同花顺财经（ths518），获取更多机会
(function(){var obj = null;if(document.getElementById('arctTailMark')) {obj = document.getElementById('arctTailMark');}if(obj!=null){var str = '(image_address=""http://i.thsi.cn/images/article/logo.jpg"")  返回首页';var showed = 0;try{var oo = obj.previousSibling;while(oo.nodeType!=1 || oo.innerHTML.replace(/\s|\u3000/g,'').length==0){oo = oo.previousSibling;}if(oo.nodeType==1 && oo.tagName.toLowerCase()=='p') {var span = document.createElement('span');span.innerHTML =str;oo.appendChild(span);showed = 1;}}catch (e){}if(showed == 0){obj.innerHTML =str;}}})();",2020-04-17 12:00:19,同花顺
