,title,content,pub_time,src
0,欧洲央行维持三大主导利率不变 未将垃圾债纳入PEPP,"北京时间6月4日晚，欧洲央行公布6月利率决议，维持三大主导利率不变，但额外增加600亿欧元的紧急抗疫购债计划(PEPP)规模则明显低于市场预期，且此次欧央行未将垃圾债纳入PEPP中。欧央行利率决议公布后，欧元兑美元EUR/USD短线急涨逾20点，随后快速上升。
外汇天眼APP讯:北京时间6月4日晚，欧洲央行公布6月利率决议，维持三大主导利率不变，但额外增加600亿欧元的紧急抗疫购债计划(PEPP)规模则明显低于市场预期，且此次欧央行未将垃圾债纳入PEPP中。欧央行利率决议公布后，欧元兑美元EUR/USD短线急涨逾20点，随后快速上升。
(image_address=""http://e.thsi.cn/img/c5ffb32044e034b7"")
数据方面，欧央行本月仍旧维持存款机制利率-0.50%，主要再融资利率0%和边际借贷利率0.25%不变。
购债规模方面，欧央行宣布额外增加600亿欧元的PEPP规模，另外资产购买计划将继续保持每个月200亿欧元的规模。该行之前曾表示，只要有必要将继续购买债券。
利率前瞻指引方面，欧央行提到将继续将利率保持在较低水平，以加强政策利率的调节性影响，并在加息前不久停止购债。
未来购债步伐方面，欧央行表示PEPP将持续至2020年底。
另外对于PEPP，欧央行补充称，在2022年年底前将重新投资PEPP债券。而无论如何，欧央行都将在PEPP下进行净资产购买，直到判断出病毒危机阶段已经结束。
在利率决议公布之前，ActionForex表示，以往的会议显示，委员们不愿意进一步下调存款利率。市场的主要担忧是深化负利率或只能对经济提供有限的支持，却对银行业的盈利能力造成损害。欧洲央行或更愿意调降定向长期再融资操作(TLTRO)而不是深化负利率。但对于欧洲央行是否会在QE中加入“堕落天使”，也就是失去投资级的公司债券，各方看法不一，而荷兰国际集团的Jeroen van den Broek预测，在接下来的12到18个月内，将会有价值1000亿欧元的欧元区企业债将会失去投资级评级。
决议公布前，机构在PEPP上的判断基本一致，多数认为PEPP将增加5000亿欧元，而道明证券和荷兰国际则较为激进，此两行认为可能会将“堕落天使”债券纳入计划，德意志银行则是认为欧央行可能会将PEPP增加至1.5万亿欧元。
此前，许多分析师预期欧洲央行将会开始购买在疫情期间失去投资级评级的企业债。
同花顺上线「疫情地图」
点击查看：新型肺炎疫情实时动态地图>>>
关注同花顺财经（ths518），获取更多机会
(function(){var obj = null;if(document.getElementById('arctTailMark')) {obj = document.getElementById('arctTailMark');}if(obj!=null){var str = '(image_address=""http://i.thsi.cn/images/article/logo.jpg"")  返回首页';var showed = 0;try{var oo = obj.previousSibling;while(oo.nodeType!=1 || oo.innerHTML.replace(/\s|\u3000/g,'').length==0){oo = oo.previousSibling;}if(oo.nodeType==1 && oo.tagName.toLowerCase()=='p') {var span = document.createElement('span');span.innerHTML =str;oo.appendChild(span);showed = 1;}}catch (e){}if(showed == 0){obj.innerHTML =str;}}})();",2020-06-04 19:58:13,同花顺
1,法庭裁定兆容创富有限公司前董事及股东进行无牌活动罪成并处以罚款,"东区裁判法院今天在一宗由证券及期货事务监察委员会（证监会）提起的刑事检控个案中，裁定兆容创富有限公司（兆容创富）前董事及股东庄建霆（男）未领有牌照而显示自己经营期货合约交易及提供资产管理业务的罪名成立（注1至3）。
庄承认全部四项控罪，被判处罚款8,000元，并被命令支付证监会的调查费用。
证监会指称，庄在2012年6月至9月期间，向两名投资者声称兆容创富经营期货合约和期权买卖的业务，及招揽他们投资于一项由兆容创富营运且在三个月内保证每月回报率为5%的投资计划。
庄告诉这些投资者，兆容创富会运用他们的资金在该公司的交易帐户内买卖期货合约和期权。该两名投资者在该投资计划上投资了共50万元，结果损失约30万元。
证监会亦指称，庄曾协助、教唆、怂使、促致或诱使兆容创富向这些投资者显示自己经营期货合约交易及提供资产管理的业务，或兆容创富的罪行是在他的同意或纵容下干犯的，或是可归因于他罔顾实情或罔顾后果（注4）。
证监会提醒投资者在投资前务必查阅证监会网站（www.sfc.hk）内的〈持牌人及注册机构的公众纪录册〉，以确保提供期货合约交易服务及资产管理的人士领有适当的牌照。
完
备注：
兆容创富已于2017年11月解散。期货合约交易及提供资产管理属于《证券及期货条例》下的受规管活动。根据该条例第114(1)(b)条，任何人未领有证监会发出的牌照而显示自己经营某类受规管活动的业务，即属犯罪。庄及兆容创富从未以任何身分或就任何受规管活动获证监会发牌。根据《证券及期货条例》第390条，凡任何法团所犯在该条例下所订的罪行，经证明是在该法团的任何高级人员或看来是以该身分行事的人协助、教唆、怂使、促致或诱使下犯的，或是在该人的同意或纵容下犯的，或是可归因于该人罔顾实情或罔顾后果的，则该人与该法团均属犯该罪行。            
同花顺上线「疫情地图」
点击查看：新型肺炎疫情实时动态地图>>>
关注同花顺财经（ths518），获取更多机会
(function(){var obj = null;if(document.getElementById('arctTailMark')) {obj = document.getElementById('arctTailMark');}if(obj!=null){var str = '(image_address=""http://i.thsi.cn/images/article/logo.jpg"")  返回首页';var showed = 0;try{var oo = obj.previousSibling;while(oo.nodeType!=1 || oo.innerHTML.replace(/\s|\u3000/g,'').length==0){oo = oo.previousSibling;}if(oo.nodeType==1 && oo.tagName.toLowerCase()=='p') {var span = document.createElement('span');span.innerHTML =str;oo.appendChild(span);showed = 1;}}catch (e){}if(showed == 0){obj.innerHTML =str;}}})();
责任编辑：cyf",2020-06-04 19:58:10,同花顺
2,上海市银行同业公会：倡导加大对新型国际贸易发展金融支持力度,"中证网讯（记者 黄一灵）中国证券报记者6月4日获悉，在上海银保监局指导下，上海市银行同业公会发布《上海银行（601229）业“稳外贸、稳外资”金融服务倡议书》（以下简称《倡议书》）。
倡议内容主要有：一、加强研判分析，稳金融稳投资；二、增加信贷支持，稳外资外贸基本盘；三、深化银政合作，精准扶持企业稳定经营；四、自贸创新搭台，紧抓金融服务转型机遇。
据悉，《倡议书》的发布旨在鼓励和支持上海银行业面对国际国内复杂经济金融形势，为持续以上海自贸试验区及临港新片区建设作为上海金融对外开放及改革创新的窗口，加强主体扶持，扎实做好“六稳”工作，落实“六保”任务，兜住底线、守好基本盘，做好对外贸、外资企业的金融保障工作。
数据显示，2020年一季度上海银行业保持运行平稳，风险整体可控。截至一季度末，上海银行业总资产余额17.24万亿元，同比增长10.94%；各项存款余额11.4万亿元，同比增长10.94%；各项贷款余额7.99万亿元，同比增长4.93%；不良贷款率0.95%。
与此同时，截至一季度末，上海银行业累计发放疫情防控贷款888.9亿元，为企业和个人提供续贷金额1504.6亿元；累计投放疫情防控贷款的综合资金成本为3.37%，对受疫情影响严重的企业累计减免本息3517万元；辖内小微企业贷款余额1.31万亿元，其中单户授信1000万以下小微贷款余额3860.9亿元，同比增长23.41%。
此外，《倡议书》倡导银行加强对国际经济形势和终点行业动向的研判分析，及时为企业提供有针对性的专业指导和咨询，助力企业应对贸易风险、研判市场走势；提升行业自律，增加信贷投放，带动配套企业协同，提高产业链、供应链韧性；加大银行与上海市商务委员会、中国出口信用保险公司上海分公司、上海中小微企业政策性融资担保基金等政府平台对接，精准扶持企业稳定经营；自贸创新搭台，加大对新型国际贸易发展的金融支持力度，对标国际，放眼新兴市场，提升“线上经济”新业态、新模式的挖掘。
同花顺上线「疫情地图」
点击查看：新型肺炎疫情实时动态地图>>>
关注同花顺财经（ths518），获取更多机会
(function(){var obj = null;if(document.getElementById('arctTailMark')) {obj = document.getElementById('arctTailMark');}if(obj!=null){var str = '(image_address=""http://i.thsi.cn/images/article/logo.jpg"")  返回首页';var showed = 0;try{var oo = obj.previousSibling;while(oo.nodeType!=1 || oo.innerHTML.replace(/\s|\u3000/g,'').length==0){oo = oo.previousSibling;}if(oo.nodeType==1 && oo.tagName.toLowerCase()=='p') {var span = document.createElement('span');span.innerHTML =str;oo.appendChild(span);showed = 1;}}catch (e){}if(showed == 0){obj.innerHTML =str;}}})();
责任编辑：cyf",2020-06-04 19:55:01,同花顺
3,上海市银行同业公会：倡导加大对新型国际贸易发展金融支持力度,"中证网讯（记者 黄一灵）中国证券报记者6月4日获悉，在上海银保监局指导下，上海市银行同业公会发布《上海银行（601229）业“稳外贸、稳外资”金融服务倡议书》（以下简称《倡议书》）。
倡议内容主要有：一、加强研判分析，稳金融稳投资；二、增加信贷支持，稳外资外贸基本盘；三、深化银政合作，精准扶持企业稳定经营；四、自贸创新搭台，紧抓金融服务转型机遇。
据悉，《倡议书》的发布旨在鼓励和支持上海银行业面对国际国内复杂经济金融形势，为持续以上海自贸试验区及临港新片区建设作为上海金融对外开放及改革创新的窗口，加强主体扶持，扎实做好“六稳”工作，落实“六保”任务，兜住底线、守好基本盘，做好对外贸、外资企业的金融保障工作。
数据显示，2020年一季度上海银行业保持运行平稳，风险整体可控。截至一季度末，上海银行业总资产余额17.24万亿元，同比增长10.94%；各项存款余额11.4万亿元，同比增长10.94%；各项贷款余额7.99万亿元，同比增长4.93%；不良贷款率0.95%。
与此同时，截至一季度末，上海银行业累计发放疫情防控贷款888.9亿元，为企业和个人提供续贷金额1504.6亿元；累计投放疫情防控贷款的综合资金成本为3.37%，对受疫情影响严重的企业累计减免本息3517万元；辖内小微企业贷款余额1.31万亿元，其中单户授信1000万以下小微贷款余额3860.9亿元，同比增长23.41%。
此外，《倡议书》倡导银行加强对国际经济形势和终点行业动向的研判分析，及时为企业提供有针对性的专业指导和咨询，助力企业应对贸易风险、研判市场走势；提升行业自律，增加信贷投放，带动配套企业协同，提高产业链、供应链韧性；加大银行与上海市商务委员会、中国出口信用保险公司上海分公司、上海中小微企业政策性融资担保基金等政府平台对接，精准扶持企业稳定经营；自贸创新搭台，加大对新型国际贸易发展的金融支持力度，对标国际，放眼新兴市场，提升“线上经济”新业态、新模式的挖掘。
同花顺上线「疫情地图」
点击查看：新型肺炎疫情实时动态地图>>>
关注同花顺财经（ths518），获取更多机会
(function(){var obj = null;if(document.getElementById('arctTailMark')) {obj = document.getElementById('arctTailMark');}if(obj!=null){var str = '(image_address=""http://i.thsi.cn/images/article/logo.jpg"")  返回首页';var showed = 0;try{var oo = obj.previousSibling;while(oo.nodeType!=1 || oo.innerHTML.replace(/\s|\u3000/g,'').length==0){oo = oo.previousSibling;}if(oo.nodeType==1 && oo.tagName.toLowerCase()=='p') {var span = document.createElement('span');span.innerHTML =str;oo.appendChild(span);showed = 1;}}catch (e){}if(showed == 0){obj.innerHTML =str;}}})();
责任编辑：cyf",2020-06-04 19:55:01,同花顺
4,上海市银行同业公会：倡导加大对新型国际贸易发展金融支持力度,"中证网讯（记者 黄一灵）中国证券报记者6月4日获悉，在上海银保监局指导下，上海市银行同业公会发布《上海银行（601229）业“稳外贸、稳外资”金融服务倡议书》（以下简称《倡议书》）。
倡议内容主要有：一、加强研判分析，稳金融稳投资；二、增加信贷支持，稳外资外贸基本盘；三、深化银政合作，精准扶持企业稳定经营；四、自贸创新搭台，紧抓金融服务转型机遇。
据悉，《倡议书》的发布旨在鼓励和支持上海银行业面对国际国内复杂经济金融形势，为持续以上海自贸试验区及临港新片区建设作为上海金融对外开放及改革创新的窗口，加强主体扶持，扎实做好“六稳”工作，落实“六保”任务，兜住底线、守好基本盘，做好对外贸、外资企业的金融保障工作。
数据显示，2020年一季度上海银行业保持运行平稳，风险整体可控。截至一季度末，上海银行业总资产余额17.24万亿元，同比增长10.94%；各项存款余额11.4万亿元，同比增长10.94%；各项贷款余额7.99万亿元，同比增长4.93%；不良贷款率0.95%。
与此同时，截至一季度末，上海银行业累计发放疫情防控贷款888.9亿元，为企业和个人提供续贷金额1504.6亿元；累计投放疫情防控贷款的综合资金成本为3.37%，对受疫情影响严重的企业累计减免本息3517万元；辖内小微企业贷款余额1.31万亿元，其中单户授信1000万以下小微贷款余额3860.9亿元，同比增长23.41%。
此外，《倡议书》倡导银行加强对国际经济形势和终点行业动向的研判分析，及时为企业提供有针对性的专业指导和咨询，助力企业应对贸易风险、研判市场走势；提升行业自律，增加信贷投放，带动配套企业协同，提高产业链、供应链韧性；加大银行与上海市商务委员会、中国出口信用保险公司上海分公司、上海中小微企业政策性融资担保基金等政府平台对接，精准扶持企业稳定经营；自贸创新搭台，加大对新型国际贸易发展的金融支持力度，对标国际，放眼新兴市场，提升“线上经济”新业态、新模式的挖掘。
同花顺上线「疫情地图」
点击查看：新型肺炎疫情实时动态地图>>>
关注同花顺财经（ths518），获取更多机会
(function(){var obj = null;if(document.getElementById('arctTailMark')) {obj = document.getElementById('arctTailMark');}if(obj!=null){var str = '(image_address=""http://i.thsi.cn/images/article/logo.jpg"")  返回首页';var showed = 0;try{var oo = obj.previousSibling;while(oo.nodeType!=1 || oo.innerHTML.replace(/\s|\u3000/g,'').length==0){oo = oo.previousSibling;}if(oo.nodeType==1 && oo.tagName.toLowerCase()=='p') {var span = document.createElement('span');span.innerHTML =str;oo.appendChild(span);showed = 1;}}catch (e){}if(showed == 0){obj.innerHTML =str;}}})();
责任编辑：cyf",2020-06-04 19:55:01,同花顺
5,上海市银行同业公会：倡导加大对新型国际贸易发展金融支持力度,"中证网讯（记者 黄一灵）中国证券报记者6月4日获悉，在上海银保监局指导下，上海市银行同业公会发布《上海银行（601229）业“稳外贸、稳外资”金融服务倡议书》（以下简称《倡议书》）。
倡议内容主要有：一、加强研判分析，稳金融稳投资；二、增加信贷支持，稳外资外贸基本盘；三、深化银政合作，精准扶持企业稳定经营；四、自贸创新搭台，紧抓金融服务转型机遇。
据悉，《倡议书》的发布旨在鼓励和支持上海银行业面对国际国内复杂经济金融形势，为持续以上海自贸试验区及临港新片区建设作为上海金融对外开放及改革创新的窗口，加强主体扶持，扎实做好“六稳”工作，落实“六保”任务，兜住底线、守好基本盘，做好对外贸、外资企业的金融保障工作。
数据显示，2020年一季度上海银行业保持运行平稳，风险整体可控。截至一季度末，上海银行业总资产余额17.24万亿元，同比增长10.94%；各项存款余额11.4万亿元，同比增长10.94%；各项贷款余额7.99万亿元，同比增长4.93%；不良贷款率0.95%。
与此同时，截至一季度末，上海银行业累计发放疫情防控贷款888.9亿元，为企业和个人提供续贷金额1504.6亿元；累计投放疫情防控贷款的综合资金成本为3.37%，对受疫情影响严重的企业累计减免本息3517万元；辖内小微企业贷款余额1.31万亿元，其中单户授信1000万以下小微贷款余额3860.9亿元，同比增长23.41%。
此外，《倡议书》倡导银行加强对国际经济形势和终点行业动向的研判分析，及时为企业提供有针对性的专业指导和咨询，助力企业应对贸易风险、研判市场走势；提升行业自律，增加信贷投放，带动配套企业协同，提高产业链、供应链韧性；加大银行与上海市商务委员会、中国出口信用保险公司上海分公司、上海中小微企业政策性融资担保基金等政府平台对接，精准扶持企业稳定经营；自贸创新搭台，加大对新型国际贸易发展的金融支持力度，对标国际，放眼新兴市场，提升“线上经济”新业态、新模式的挖掘。
同花顺上线「疫情地图」
点击查看：新型肺炎疫情实时动态地图>>>
关注同花顺财经（ths518），获取更多机会
(function(){var obj = null;if(document.getElementById('arctTailMark')) {obj = document.getElementById('arctTailMark');}if(obj!=null){var str = '(image_address=""http://i.thsi.cn/images/article/logo.jpg"")  返回首页';var showed = 0;try{var oo = obj.previousSibling;while(oo.nodeType!=1 || oo.innerHTML.replace(/\s|\u3000/g,'').length==0){oo = oo.previousSibling;}if(oo.nodeType==1 && oo.tagName.toLowerCase()=='p') {var span = document.createElement('span');span.innerHTML =str;oo.appendChild(span);showed = 1;}}catch (e){}if(showed == 0){obj.innerHTML =str;}}})();
责任编辑：cyf",2020-06-04 19:55:01,同花顺
6,上海市银行同业公会：倡导加大对新型国际贸易发展金融支持力度,"中证网讯（记者 黄一灵）中国证券报记者6月4日获悉，在上海银保监局指导下，上海市银行同业公会发布《上海银行（601229）业“稳外贸、稳外资”金融服务倡议书》（以下简称《倡议书》）。
倡议内容主要有：一、加强研判分析，稳金融稳投资；二、增加信贷支持，稳外资外贸基本盘；三、深化银政合作，精准扶持企业稳定经营；四、自贸创新搭台，紧抓金融服务转型机遇。
据悉，《倡议书》的发布旨在鼓励和支持上海银行业面对国际国内复杂经济金融形势，为持续以上海自贸试验区及临港新片区建设作为上海金融对外开放及改革创新的窗口，加强主体扶持，扎实做好“六稳”工作，落实“六保”任务，兜住底线、守好基本盘，做好对外贸、外资企业的金融保障工作。
数据显示，2020年一季度上海银行业保持运行平稳，风险整体可控。截至一季度末，上海银行业总资产余额17.24万亿元，同比增长10.94%；各项存款余额11.4万亿元，同比增长10.94%；各项贷款余额7.99万亿元，同比增长4.93%；不良贷款率0.95%。
与此同时，截至一季度末，上海银行业累计发放疫情防控贷款888.9亿元，为企业和个人提供续贷金额1504.6亿元；累计投放疫情防控贷款的综合资金成本为3.37%，对受疫情影响严重的企业累计减免本息3517万元；辖内小微企业贷款余额1.31万亿元，其中单户授信1000万以下小微贷款余额3860.9亿元，同比增长23.41%。
此外，《倡议书》倡导银行加强对国际经济形势和终点行业动向的研判分析，及时为企业提供有针对性的专业指导和咨询，助力企业应对贸易风险、研判市场走势；提升行业自律，增加信贷投放，带动配套企业协同，提高产业链、供应链韧性；加大银行与上海市商务委员会、中国出口信用保险公司上海分公司、上海中小微企业政策性融资担保基金等政府平台对接，精准扶持企业稳定经营；自贸创新搭台，加大对新型国际贸易发展的金融支持力度，对标国际，放眼新兴市场，提升“线上经济”新业态、新模式的挖掘。
同花顺上线「疫情地图」
点击查看：新型肺炎疫情实时动态地图>>>
关注同花顺财经（ths518），获取更多机会
(function(){var obj = null;if(document.getElementById('arctTailMark')) {obj = document.getElementById('arctTailMark');}if(obj!=null){var str = '(image_address=""http://i.thsi.cn/images/article/logo.jpg"")  返回首页';var showed = 0;try{var oo = obj.previousSibling;while(oo.nodeType!=1 || oo.innerHTML.replace(/\s|\u3000/g,'').length==0){oo = oo.previousSibling;}if(oo.nodeType==1 && oo.tagName.toLowerCase()=='p') {var span = document.createElement('span');span.innerHTML =str;oo.appendChild(span);showed = 1;}}catch (e){}if(showed == 0){obj.innerHTML =str;}}})();
责任编辑：cyf",2020-06-04 19:55:01,同花顺
7,上海市银行同业公会：倡导加大对新型国际贸易发展金融支持力度,"中证网讯（记者 黄一灵）中国证券报记者6月4日获悉，在上海银保监局指导下，上海市银行同业公会发布《上海银行（601229）业“稳外贸、稳外资”金融服务倡议书》（以下简称《倡议书》）。
倡议内容主要有：一、加强研判分析，稳金融稳投资；二、增加信贷支持，稳外资外贸基本盘；三、深化银政合作，精准扶持企业稳定经营；四、自贸创新搭台，紧抓金融服务转型机遇。
据悉，《倡议书》的发布旨在鼓励和支持上海银行业面对国际国内复杂经济金融形势，为持续以上海自贸试验区及临港新片区建设作为上海金融对外开放及改革创新的窗口，加强主体扶持，扎实做好“六稳”工作，落实“六保”任务，兜住底线、守好基本盘，做好对外贸、外资企业的金融保障工作。
数据显示，2020年一季度上海银行业保持运行平稳，风险整体可控。截至一季度末，上海银行业总资产余额17.24万亿元，同比增长10.94%；各项存款余额11.4万亿元，同比增长10.94%；各项贷款余额7.99万亿元，同比增长4.93%；不良贷款率0.95%。
与此同时，截至一季度末，上海银行业累计发放疫情防控贷款888.9亿元，为企业和个人提供续贷金额1504.6亿元；累计投放疫情防控贷款的综合资金成本为3.37%，对受疫情影响严重的企业累计减免本息3517万元；辖内小微企业贷款余额1.31万亿元，其中单户授信1000万以下小微贷款余额3860.9亿元，同比增长23.41%。
此外，《倡议书》倡导银行加强对国际经济形势和终点行业动向的研判分析，及时为企业提供有针对性的专业指导和咨询，助力企业应对贸易风险、研判市场走势；提升行业自律，增加信贷投放，带动配套企业协同，提高产业链、供应链韧性；加大银行与上海市商务委员会、中国出口信用保险公司上海分公司、上海中小微企业政策性融资担保基金等政府平台对接，精准扶持企业稳定经营；自贸创新搭台，加大对新型国际贸易发展的金融支持力度，对标国际，放眼新兴市场，提升“线上经济”新业态、新模式的挖掘。
同花顺上线「疫情地图」
点击查看：新型肺炎疫情实时动态地图>>>
关注同花顺财经（ths518），获取更多机会
(function(){var obj = null;if(document.getElementById('arctTailMark')) {obj = document.getElementById('arctTailMark');}if(obj!=null){var str = '(image_address=""http://i.thsi.cn/images/article/logo.jpg"")  返回首页';var showed = 0;try{var oo = obj.previousSibling;while(oo.nodeType!=1 || oo.innerHTML.replace(/\s|\u3000/g,'').length==0){oo = oo.previousSibling;}if(oo.nodeType==1 && oo.tagName.toLowerCase()=='p') {var span = document.createElement('span');span.innerHTML =str;oo.appendChild(span);showed = 1;}}catch (e){}if(showed == 0){obj.innerHTML =str;}}})();
责任编辑：cyf",2020-06-04 19:55:01,同花顺
8,上海市银行同业公会：倡导加大对新型国际贸易发展金融支持力度,"中证网讯（记者 黄一灵）中国证券报记者6月4日获悉，在上海银保监局指导下，上海市银行同业公会发布《上海银行（601229）业“稳外贸、稳外资”金融服务倡议书》（以下简称《倡议书》）。
倡议内容主要有：一、加强研判分析，稳金融稳投资；二、增加信贷支持，稳外资外贸基本盘；三、深化银政合作，精准扶持企业稳定经营；四、自贸创新搭台，紧抓金融服务转型机遇。
据悉，《倡议书》的发布旨在鼓励和支持上海银行业面对国际国内复杂经济金融形势，为持续以上海自贸试验区及临港新片区建设作为上海金融对外开放及改革创新的窗口，加强主体扶持，扎实做好“六稳”工作，落实“六保”任务，兜住底线、守好基本盘，做好对外贸、外资企业的金融保障工作。
数据显示，2020年一季度上海银行业保持运行平稳，风险整体可控。截至一季度末，上海银行业总资产余额17.24万亿元，同比增长10.94%；各项存款余额11.4万亿元，同比增长10.94%；各项贷款余额7.99万亿元，同比增长4.93%；不良贷款率0.95%。
与此同时，截至一季度末，上海银行业累计发放疫情防控贷款888.9亿元，为企业和个人提供续贷金额1504.6亿元；累计投放疫情防控贷款的综合资金成本为3.37%，对受疫情影响严重的企业累计减免本息3517万元；辖内小微企业贷款余额1.31万亿元，其中单户授信1000万以下小微贷款余额3860.9亿元，同比增长23.41%。
此外，《倡议书》倡导银行加强对国际经济形势和终点行业动向的研判分析，及时为企业提供有针对性的专业指导和咨询，助力企业应对贸易风险、研判市场走势；提升行业自律，增加信贷投放，带动配套企业协同，提高产业链、供应链韧性；加大银行与上海市商务委员会、中国出口信用保险公司上海分公司、上海中小微企业政策性融资担保基金等政府平台对接，精准扶持企业稳定经营；自贸创新搭台，加大对新型国际贸易发展的金融支持力度，对标国际，放眼新兴市场，提升“线上经济”新业态、新模式的挖掘。
同花顺上线「疫情地图」
点击查看：新型肺炎疫情实时动态地图>>>
关注同花顺财经（ths518），获取更多机会
(function(){var obj = null;if(document.getElementById('arctTailMark')) {obj = document.getElementById('arctTailMark');}if(obj!=null){var str = '(image_address=""http://i.thsi.cn/images/article/logo.jpg"")  返回首页';var showed = 0;try{var oo = obj.previousSibling;while(oo.nodeType!=1 || oo.innerHTML.replace(/\s|\u3000/g,'').length==0){oo = oo.previousSibling;}if(oo.nodeType==1 && oo.tagName.toLowerCase()=='p') {var span = document.createElement('span');span.innerHTML =str;oo.appendChild(span);showed = 1;}}catch (e){}if(showed == 0){obj.innerHTML =str;}}})();
责任编辑：cyf",2020-06-04 19:55:01,同花顺
9,上海市银行同业公会：倡导加大对新型国际贸易发展金融支持力度,"中证网讯（记者 黄一灵）中国证券报记者6月4日获悉，在上海银保监局指导下，上海市银行同业公会发布《上海银行（601229）业“稳外贸、稳外资”金融服务倡议书》（以下简称《倡议书》）。
倡议内容主要有：一、加强研判分析，稳金融稳投资；二、增加信贷支持，稳外资外贸基本盘；三、深化银政合作，精准扶持企业稳定经营；四、自贸创新搭台，紧抓金融服务转型机遇。
据悉，《倡议书》的发布旨在鼓励和支持上海银行业面对国际国内复杂经济金融形势，为持续以上海自贸试验区及临港新片区建设作为上海金融对外开放及改革创新的窗口，加强主体扶持，扎实做好“六稳”工作，落实“六保”任务，兜住底线、守好基本盘，做好对外贸、外资企业的金融保障工作。
数据显示，2020年一季度上海银行业保持运行平稳，风险整体可控。截至一季度末，上海银行业总资产余额17.24万亿元，同比增长10.94%；各项存款余额11.4万亿元，同比增长10.94%；各项贷款余额7.99万亿元，同比增长4.93%；不良贷款率0.95%。
与此同时，截至一季度末，上海银行业累计发放疫情防控贷款888.9亿元，为企业和个人提供续贷金额1504.6亿元；累计投放疫情防控贷款的综合资金成本为3.37%，对受疫情影响严重的企业累计减免本息3517万元；辖内小微企业贷款余额1.31万亿元，其中单户授信1000万以下小微贷款余额3860.9亿元，同比增长23.41%。
此外，《倡议书》倡导银行加强对国际经济形势和终点行业动向的研判分析，及时为企业提供有针对性的专业指导和咨询，助力企业应对贸易风险、研判市场走势；提升行业自律，增加信贷投放，带动配套企业协同，提高产业链、供应链韧性；加大银行与上海市商务委员会、中国出口信用保险公司上海分公司、上海中小微企业政策性融资担保基金等政府平台对接，精准扶持企业稳定经营；自贸创新搭台，加大对新型国际贸易发展的金融支持力度，对标国际，放眼新兴市场，提升“线上经济”新业态、新模式的挖掘。
同花顺上线「疫情地图」
点击查看：新型肺炎疫情实时动态地图>>>
关注同花顺财经（ths518），获取更多机会
(function(){var obj = null;if(document.getElementById('arctTailMark')) {obj = document.getElementById('arctTailMark');}if(obj!=null){var str = '(image_address=""http://i.thsi.cn/images/article/logo.jpg"")  返回首页';var showed = 0;try{var oo = obj.previousSibling;while(oo.nodeType!=1 || oo.innerHTML.replace(/\s|\u3000/g,'').length==0){oo = oo.previousSibling;}if(oo.nodeType==1 && oo.tagName.toLowerCase()=='p') {var span = document.createElement('span');span.innerHTML =str;oo.appendChild(span);showed = 1;}}catch (e){}if(showed == 0){obj.innerHTML =str;}}})();
责任编辑：cyf",2020-06-04 19:55:01,同花顺
10,上海市银行同业公会：倡导加大对新型国际贸易发展金融支持力度,"中证网讯（记者 黄一灵）中国证券报记者6月4日获悉，在上海银保监局指导下，上海市银行同业公会发布《上海银行（601229）业“稳外贸、稳外资”金融服务倡议书》（以下简称《倡议书》）。
倡议内容主要有：一、加强研判分析，稳金融稳投资；二、增加信贷支持，稳外资外贸基本盘；三、深化银政合作，精准扶持企业稳定经营；四、自贸创新搭台，紧抓金融服务转型机遇。
据悉，《倡议书》的发布旨在鼓励和支持上海银行业面对国际国内复杂经济金融形势，为持续以上海自贸试验区及临港新片区建设作为上海金融对外开放及改革创新的窗口，加强主体扶持，扎实做好“六稳”工作，落实“六保”任务，兜住底线、守好基本盘，做好对外贸、外资企业的金融保障工作。
数据显示，2020年一季度上海银行业保持运行平稳，风险整体可控。截至一季度末，上海银行业总资产余额17.24万亿元，同比增长10.94%；各项存款余额11.4万亿元，同比增长10.94%；各项贷款余额7.99万亿元，同比增长4.93%；不良贷款率0.95%。
与此同时，截至一季度末，上海银行业累计发放疫情防控贷款888.9亿元，为企业和个人提供续贷金额1504.6亿元；累计投放疫情防控贷款的综合资金成本为3.37%，对受疫情影响严重的企业累计减免本息3517万元；辖内小微企业贷款余额1.31万亿元，其中单户授信1000万以下小微贷款余额3860.9亿元，同比增长23.41%。
此外，《倡议书》倡导银行加强对国际经济形势和终点行业动向的研判分析，及时为企业提供有针对性的专业指导和咨询，助力企业应对贸易风险、研判市场走势；提升行业自律，增加信贷投放，带动配套企业协同，提高产业链、供应链韧性；加大银行与上海市商务委员会、中国出口信用保险公司上海分公司、上海中小微企业政策性融资担保基金等政府平台对接，精准扶持企业稳定经营；自贸创新搭台，加大对新型国际贸易发展的金融支持力度，对标国际，放眼新兴市场，提升“线上经济”新业态、新模式的挖掘。
同花顺上线「疫情地图」
点击查看：新型肺炎疫情实时动态地图>>>
关注同花顺财经（ths518），获取更多机会
(function(){var obj = null;if(document.getElementById('arctTailMark')) {obj = document.getElementById('arctTailMark');}if(obj!=null){var str = '(image_address=""http://i.thsi.cn/images/article/logo.jpg"")  返回首页';var showed = 0;try{var oo = obj.previousSibling;while(oo.nodeType!=1 || oo.innerHTML.replace(/\s|\u3000/g,'').length==0){oo = oo.previousSibling;}if(oo.nodeType==1 && oo.tagName.toLowerCase()=='p') {var span = document.createElement('span');span.innerHTML =str;oo.appendChild(span);showed = 1;}}catch (e){}if(showed == 0){obj.innerHTML =str;}}})();
责任编辑：cyf",2020-06-04 19:55:01,同花顺
11,上海市银行同业公会：倡导加大对新型国际贸易发展金融支持力度,"中证网讯（记者 黄一灵）中国证券报记者6月4日获悉，在上海银保监局指导下，上海市银行同业公会发布《上海银行（601229）业“稳外贸、稳外资”金融服务倡议书》（以下简称《倡议书》）。
倡议内容主要有：一、加强研判分析，稳金融稳投资；二、增加信贷支持，稳外资外贸基本盘；三、深化银政合作，精准扶持企业稳定经营；四、自贸创新搭台，紧抓金融服务转型机遇。
据悉，《倡议书》的发布旨在鼓励和支持上海银行业面对国际国内复杂经济金融形势，为持续以上海自贸试验区及临港新片区建设作为上海金融对外开放及改革创新的窗口，加强主体扶持，扎实做好“六稳”工作，落实“六保”任务，兜住底线、守好基本盘，做好对外贸、外资企业的金融保障工作。
数据显示，2020年一季度上海银行业保持运行平稳，风险整体可控。截至一季度末，上海银行业总资产余额17.24万亿元，同比增长10.94%；各项存款余额11.4万亿元，同比增长10.94%；各项贷款余额7.99万亿元，同比增长4.93%；不良贷款率0.95%。
与此同时，截至一季度末，上海银行业累计发放疫情防控贷款888.9亿元，为企业和个人提供续贷金额1504.6亿元；累计投放疫情防控贷款的综合资金成本为3.37%，对受疫情影响严重的企业累计减免本息3517万元；辖内小微企业贷款余额1.31万亿元，其中单户授信1000万以下小微贷款余额3860.9亿元，同比增长23.41%。
此外，《倡议书》倡导银行加强对国际经济形势和终点行业动向的研判分析，及时为企业提供有针对性的专业指导和咨询，助力企业应对贸易风险、研判市场走势；提升行业自律，增加信贷投放，带动配套企业协同，提高产业链、供应链韧性；加大银行与上海市商务委员会、中国出口信用保险公司上海分公司、上海中小微企业政策性融资担保基金等政府平台对接，精准扶持企业稳定经营；自贸创新搭台，加大对新型国际贸易发展的金融支持力度，对标国际，放眼新兴市场，提升“线上经济”新业态、新模式的挖掘。
同花顺上线「疫情地图」
点击查看：新型肺炎疫情实时动态地图>>>
关注同花顺财经（ths518），获取更多机会
(function(){var obj = null;if(document.getElementById('arctTailMark')) {obj = document.getElementById('arctTailMark');}if(obj!=null){var str = '(image_address=""http://i.thsi.cn/images/article/logo.jpg"")  返回首页';var showed = 0;try{var oo = obj.previousSibling;while(oo.nodeType!=1 || oo.innerHTML.replace(/\s|\u3000/g,'').length==0){oo = oo.previousSibling;}if(oo.nodeType==1 && oo.tagName.toLowerCase()=='p') {var span = document.createElement('span');span.innerHTML =str;oo.appendChild(span);showed = 1;}}catch (e){}if(showed == 0){obj.innerHTML =str;}}})();
责任编辑：cyf",2020-06-04 19:55:01,同花顺
12,上海市银行同业公会：倡导加大对新型国际贸易发展金融支持力度,"中证网讯（记者 黄一灵）中国证券报记者6月4日获悉，在上海银保监局指导下，上海市银行同业公会发布《上海银行（601229）业“稳外贸、稳外资”金融服务倡议书》（以下简称《倡议书》）。
倡议内容主要有：一、加强研判分析，稳金融稳投资；二、增加信贷支持，稳外资外贸基本盘；三、深化银政合作，精准扶持企业稳定经营；四、自贸创新搭台，紧抓金融服务转型机遇。
据悉，《倡议书》的发布旨在鼓励和支持上海银行业面对国际国内复杂经济金融形势，为持续以上海自贸试验区及临港新片区建设作为上海金融对外开放及改革创新的窗口，加强主体扶持，扎实做好“六稳”工作，落实“六保”任务，兜住底线、守好基本盘，做好对外贸、外资企业的金融保障工作。
数据显示，2020年一季度上海银行业保持运行平稳，风险整体可控。截至一季度末，上海银行业总资产余额17.24万亿元，同比增长10.94%；各项存款余额11.4万亿元，同比增长10.94%；各项贷款余额7.99万亿元，同比增长4.93%；不良贷款率0.95%。
与此同时，截至一季度末，上海银行业累计发放疫情防控贷款888.9亿元，为企业和个人提供续贷金额1504.6亿元；累计投放疫情防控贷款的综合资金成本为3.37%，对受疫情影响严重的企业累计减免本息3517万元；辖内小微企业贷款余额1.31万亿元，其中单户授信1000万以下小微贷款余额3860.9亿元，同比增长23.41%。
此外，《倡议书》倡导银行加强对国际经济形势和终点行业动向的研判分析，及时为企业提供有针对性的专业指导和咨询，助力企业应对贸易风险、研判市场走势；提升行业自律，增加信贷投放，带动配套企业协同，提高产业链、供应链韧性；加大银行与上海市商务委员会、中国出口信用保险公司上海分公司、上海中小微企业政策性融资担保基金等政府平台对接，精准扶持企业稳定经营；自贸创新搭台，加大对新型国际贸易发展的金融支持力度，对标国际，放眼新兴市场，提升“线上经济”新业态、新模式的挖掘。
同花顺上线「疫情地图」
点击查看：新型肺炎疫情实时动态地图>>>
关注同花顺财经（ths518），获取更多机会
(function(){var obj = null;if(document.getElementById('arctTailMark')) {obj = document.getElementById('arctTailMark');}if(obj!=null){var str = '(image_address=""http://i.thsi.cn/images/article/logo.jpg"")  返回首页';var showed = 0;try{var oo = obj.previousSibling;while(oo.nodeType!=1 || oo.innerHTML.replace(/\s|\u3000/g,'').length==0){oo = oo.previousSibling;}if(oo.nodeType==1 && oo.tagName.toLowerCase()=='p') {var span = document.createElement('span');span.innerHTML =str;oo.appendChild(span);showed = 1;}}catch (e){}if(showed == 0){obj.innerHTML =str;}}})();
责任编辑：cyf",2020-06-04 19:55:01,同花顺
13,上海市银行同业公会：倡导加大对新型国际贸易发展金融支持力度,"中证网讯（记者 黄一灵）中国证券报记者6月4日获悉，在上海银保监局指导下，上海市银行同业公会发布《上海银行（601229）业“稳外贸、稳外资”金融服务倡议书》（以下简称《倡议书》）。
倡议内容主要有：一、加强研判分析，稳金融稳投资；二、增加信贷支持，稳外资外贸基本盘；三、深化银政合作，精准扶持企业稳定经营；四、自贸创新搭台，紧抓金融服务转型机遇。
据悉，《倡议书》的发布旨在鼓励和支持上海银行业面对国际国内复杂经济金融形势，为持续以上海自贸试验区及临港新片区建设作为上海金融对外开放及改革创新的窗口，加强主体扶持，扎实做好“六稳”工作，落实“六保”任务，兜住底线、守好基本盘，做好对外贸、外资企业的金融保障工作。
数据显示，2020年一季度上海银行业保持运行平稳，风险整体可控。截至一季度末，上海银行业总资产余额17.24万亿元，同比增长10.94%；各项存款余额11.4万亿元，同比增长10.94%；各项贷款余额7.99万亿元，同比增长4.93%；不良贷款率0.95%。
与此同时，截至一季度末，上海银行业累计发放疫情防控贷款888.9亿元，为企业和个人提供续贷金额1504.6亿元；累计投放疫情防控贷款的综合资金成本为3.37%，对受疫情影响严重的企业累计减免本息3517万元；辖内小微企业贷款余额1.31万亿元，其中单户授信1000万以下小微贷款余额3860.9亿元，同比增长23.41%。
此外，《倡议书》倡导银行加强对国际经济形势和终点行业动向的研判分析，及时为企业提供有针对性的专业指导和咨询，助力企业应对贸易风险、研判市场走势；提升行业自律，增加信贷投放，带动配套企业协同，提高产业链、供应链韧性；加大银行与上海市商务委员会、中国出口信用保险公司上海分公司、上海中小微企业政策性融资担保基金等政府平台对接，精准扶持企业稳定经营；自贸创新搭台，加大对新型国际贸易发展的金融支持力度，对标国际，放眼新兴市场，提升“线上经济”新业态、新模式的挖掘。
同花顺上线「疫情地图」
点击查看：新型肺炎疫情实时动态地图>>>
关注同花顺财经（ths518），获取更多机会
(function(){var obj = null;if(document.getElementById('arctTailMark')) {obj = document.getElementById('arctTailMark');}if(obj!=null){var str = '(image_address=""http://i.thsi.cn/images/article/logo.jpg"")  返回首页';var showed = 0;try{var oo = obj.previousSibling;while(oo.nodeType!=1 || oo.innerHTML.replace(/\s|\u3000/g,'').length==0){oo = oo.previousSibling;}if(oo.nodeType==1 && oo.tagName.toLowerCase()=='p') {var span = document.createElement('span');span.innerHTML =str;oo.appendChild(span);showed = 1;}}catch (e){}if(showed == 0){obj.innerHTML =str;}}})();
责任编辑：cyf",2020-06-04 19:55:01,同花顺
14,上海市银行同业公会：倡导加大对新型国际贸易发展金融支持力度,"中证网讯（记者 黄一灵）中国证券报记者6月4日获悉，在上海银保监局指导下，上海市银行同业公会发布《上海银行（601229）业“稳外贸、稳外资”金融服务倡议书》（以下简称《倡议书》）。
倡议内容主要有：一、加强研判分析，稳金融稳投资；二、增加信贷支持，稳外资外贸基本盘；三、深化银政合作，精准扶持企业稳定经营；四、自贸创新搭台，紧抓金融服务转型机遇。
据悉，《倡议书》的发布旨在鼓励和支持上海银行业面对国际国内复杂经济金融形势，为持续以上海自贸试验区及临港新片区建设作为上海金融对外开放及改革创新的窗口，加强主体扶持，扎实做好“六稳”工作，落实“六保”任务，兜住底线、守好基本盘，做好对外贸、外资企业的金融保障工作。
数据显示，2020年一季度上海银行业保持运行平稳，风险整体可控。截至一季度末，上海银行业总资产余额17.24万亿元，同比增长10.94%；各项存款余额11.4万亿元，同比增长10.94%；各项贷款余额7.99万亿元，同比增长4.93%；不良贷款率0.95%。
与此同时，截至一季度末，上海银行业累计发放疫情防控贷款888.9亿元，为企业和个人提供续贷金额1504.6亿元；累计投放疫情防控贷款的综合资金成本为3.37%，对受疫情影响严重的企业累计减免本息3517万元；辖内小微企业贷款余额1.31万亿元，其中单户授信1000万以下小微贷款余额3860.9亿元，同比增长23.41%。
此外，《倡议书》倡导银行加强对国际经济形势和终点行业动向的研判分析，及时为企业提供有针对性的专业指导和咨询，助力企业应对贸易风险、研判市场走势；提升行业自律，增加信贷投放，带动配套企业协同，提高产业链、供应链韧性；加大银行与上海市商务委员会、中国出口信用保险公司上海分公司、上海中小微企业政策性融资担保基金等政府平台对接，精准扶持企业稳定经营；自贸创新搭台，加大对新型国际贸易发展的金融支持力度，对标国际，放眼新兴市场，提升“线上经济”新业态、新模式的挖掘。
同花顺上线「疫情地图」
点击查看：新型肺炎疫情实时动态地图>>>
关注同花顺财经（ths518），获取更多机会
(function(){var obj = null;if(document.getElementById('arctTailMark')) {obj = document.getElementById('arctTailMark');}if(obj!=null){var str = '(image_address=""http://i.thsi.cn/images/article/logo.jpg"")  返回首页';var showed = 0;try{var oo = obj.previousSibling;while(oo.nodeType!=1 || oo.innerHTML.replace(/\s|\u3000/g,'').length==0){oo = oo.previousSibling;}if(oo.nodeType==1 && oo.tagName.toLowerCase()=='p') {var span = document.createElement('span');span.innerHTML =str;oo.appendChild(span);showed = 1;}}catch (e){}if(showed == 0){obj.innerHTML =str;}}})();
责任编辑：cyf",2020-06-04 19:55:01,同花顺
15,上海市银行同业公会：倡导加大对新型国际贸易发展金融支持力度,"中证网讯（记者 黄一灵）中国证券报记者6月4日获悉，在上海银保监局指导下，上海市银行同业公会发布《上海银行（601229）业“稳外贸、稳外资”金融服务倡议书》（以下简称《倡议书》）。
倡议内容主要有：一、加强研判分析，稳金融稳投资；二、增加信贷支持，稳外资外贸基本盘；三、深化银政合作，精准扶持企业稳定经营；四、自贸创新搭台，紧抓金融服务转型机遇。
据悉，《倡议书》的发布旨在鼓励和支持上海银行业面对国际国内复杂经济金融形势，为持续以上海自贸试验区及临港新片区建设作为上海金融对外开放及改革创新的窗口，加强主体扶持，扎实做好“六稳”工作，落实“六保”任务，兜住底线、守好基本盘，做好对外贸、外资企业的金融保障工作。
数据显示，2020年一季度上海银行业保持运行平稳，风险整体可控。截至一季度末，上海银行业总资产余额17.24万亿元，同比增长10.94%；各项存款余额11.4万亿元，同比增长10.94%；各项贷款余额7.99万亿元，同比增长4.93%；不良贷款率0.95%。
与此同时，截至一季度末，上海银行业累计发放疫情防控贷款888.9亿元，为企业和个人提供续贷金额1504.6亿元；累计投放疫情防控贷款的综合资金成本为3.37%，对受疫情影响严重的企业累计减免本息3517万元；辖内小微企业贷款余额1.31万亿元，其中单户授信1000万以下小微贷款余额3860.9亿元，同比增长23.41%。
此外，《倡议书》倡导银行加强对国际经济形势和终点行业动向的研判分析，及时为企业提供有针对性的专业指导和咨询，助力企业应对贸易风险、研判市场走势；提升行业自律，增加信贷投放，带动配套企业协同，提高产业链、供应链韧性；加大银行与上海市商务委员会、中国出口信用保险公司上海分公司、上海中小微企业政策性融资担保基金等政府平台对接，精准扶持企业稳定经营；自贸创新搭台，加大对新型国际贸易发展的金融支持力度，对标国际，放眼新兴市场，提升“线上经济”新业态、新模式的挖掘。
同花顺上线「疫情地图」
点击查看：新型肺炎疫情实时动态地图>>>
关注同花顺财经（ths518），获取更多机会
(function(){var obj = null;if(document.getElementById('arctTailMark')) {obj = document.getElementById('arctTailMark');}if(obj!=null){var str = '(image_address=""http://i.thsi.cn/images/article/logo.jpg"")  返回首页';var showed = 0;try{var oo = obj.previousSibling;while(oo.nodeType!=1 || oo.innerHTML.replace(/\s|\u3000/g,'').length==0){oo = oo.previousSibling;}if(oo.nodeType==1 && oo.tagName.toLowerCase()=='p') {var span = document.createElement('span');span.innerHTML =str;oo.appendChild(span);showed = 1;}}catch (e){}if(showed == 0){obj.innerHTML =str;}}})();
责任编辑：cyf",2020-06-04 19:55:01,同花顺
16,上海市银行同业公会：倡导加大对新型国际贸易发展金融支持力度,"中证网讯（记者 黄一灵）中国证券报记者6月4日获悉，在上海银保监局指导下，上海市银行同业公会发布《上海银行（601229）业“稳外贸、稳外资”金融服务倡议书》（以下简称《倡议书》）。
倡议内容主要有：一、加强研判分析，稳金融稳投资；二、增加信贷支持，稳外资外贸基本盘；三、深化银政合作，精准扶持企业稳定经营；四、自贸创新搭台，紧抓金融服务转型机遇。
据悉，《倡议书》的发布旨在鼓励和支持上海银行业面对国际国内复杂经济金融形势，为持续以上海自贸试验区及临港新片区建设作为上海金融对外开放及改革创新的窗口，加强主体扶持，扎实做好“六稳”工作，落实“六保”任务，兜住底线、守好基本盘，做好对外贸、外资企业的金融保障工作。
数据显示，2020年一季度上海银行业保持运行平稳，风险整体可控。截至一季度末，上海银行业总资产余额17.24万亿元，同比增长10.94%；各项存款余额11.4万亿元，同比增长10.94%；各项贷款余额7.99万亿元，同比增长4.93%；不良贷款率0.95%。
与此同时，截至一季度末，上海银行业累计发放疫情防控贷款888.9亿元，为企业和个人提供续贷金额1504.6亿元；累计投放疫情防控贷款的综合资金成本为3.37%，对受疫情影响严重的企业累计减免本息3517万元；辖内小微企业贷款余额1.31万亿元，其中单户授信1000万以下小微贷款余额3860.9亿元，同比增长23.41%。
此外，《倡议书》倡导银行加强对国际经济形势和终点行业动向的研判分析，及时为企业提供有针对性的专业指导和咨询，助力企业应对贸易风险、研判市场走势；提升行业自律，增加信贷投放，带动配套企业协同，提高产业链、供应链韧性；加大银行与上海市商务委员会、中国出口信用保险公司上海分公司、上海中小微企业政策性融资担保基金等政府平台对接，精准扶持企业稳定经营；自贸创新搭台，加大对新型国际贸易发展的金融支持力度，对标国际，放眼新兴市场，提升“线上经济”新业态、新模式的挖掘。
同花顺上线「疫情地图」
点击查看：新型肺炎疫情实时动态地图>>>
关注同花顺财经（ths518），获取更多机会
(function(){var obj = null;if(document.getElementById('arctTailMark')) {obj = document.getElementById('arctTailMark');}if(obj!=null){var str = '(image_address=""http://i.thsi.cn/images/article/logo.jpg"")  返回首页';var showed = 0;try{var oo = obj.previousSibling;while(oo.nodeType!=1 || oo.innerHTML.replace(/\s|\u3000/g,'').length==0){oo = oo.previousSibling;}if(oo.nodeType==1 && oo.tagName.toLowerCase()=='p') {var span = document.createElement('span');span.innerHTML =str;oo.appendChild(span);showed = 1;}}catch (e){}if(showed == 0){obj.innerHTML =str;}}})();
责任编辑：cyf",2020-06-04 19:55:01,同花顺
17,上海市银行同业公会：倡导加大对新型国际贸易发展金融支持力度,"中证网讯（记者 黄一灵）中国证券报记者6月4日获悉，在上海银保监局指导下，上海市银行同业公会发布《上海银行（601229）业“稳外贸、稳外资”金融服务倡议书》（以下简称《倡议书》）。
倡议内容主要有：一、加强研判分析，稳金融稳投资；二、增加信贷支持，稳外资外贸基本盘；三、深化银政合作，精准扶持企业稳定经营；四、自贸创新搭台，紧抓金融服务转型机遇。
据悉，《倡议书》的发布旨在鼓励和支持上海银行业面对国际国内复杂经济金融形势，为持续以上海自贸试验区及临港新片区建设作为上海金融对外开放及改革创新的窗口，加强主体扶持，扎实做好“六稳”工作，落实“六保”任务，兜住底线、守好基本盘，做好对外贸、外资企业的金融保障工作。
数据显示，2020年一季度上海银行业保持运行平稳，风险整体可控。截至一季度末，上海银行业总资产余额17.24万亿元，同比增长10.94%；各项存款余额11.4万亿元，同比增长10.94%；各项贷款余额7.99万亿元，同比增长4.93%；不良贷款率0.95%。
与此同时，截至一季度末，上海银行业累计发放疫情防控贷款888.9亿元，为企业和个人提供续贷金额1504.6亿元；累计投放疫情防控贷款的综合资金成本为3.37%，对受疫情影响严重的企业累计减免本息3517万元；辖内小微企业贷款余额1.31万亿元，其中单户授信1000万以下小微贷款余额3860.9亿元，同比增长23.41%。
此外，《倡议书》倡导银行加强对国际经济形势和终点行业动向的研判分析，及时为企业提供有针对性的专业指导和咨询，助力企业应对贸易风险、研判市场走势；提升行业自律，增加信贷投放，带动配套企业协同，提高产业链、供应链韧性；加大银行与上海市商务委员会、中国出口信用保险公司上海分公司、上海中小微企业政策性融资担保基金等政府平台对接，精准扶持企业稳定经营；自贸创新搭台，加大对新型国际贸易发展的金融支持力度，对标国际，放眼新兴市场，提升“线上经济”新业态、新模式的挖掘。
关注同花顺财经（ths518），获取更多机会
(function(){var obj = null;if(document.getElementById('arctTailMark')) {obj = document.getElementById('arctTailMark');}if(obj!=null){var str = '(image_address=""http://i.thsi.cn/images/article/logo.jpg"")  返回首页';var showed = 0;try{var oo = obj.previousSibling;while(oo.nodeType!=1 || oo.innerHTML.replace(/\s|\u3000/g,'').length==0){oo = oo.previousSibling;}if(oo.nodeType==1 && oo.tagName.toLowerCase()=='p') {var span = document.createElement('span');span.innerHTML =str;oo.appendChild(span);showed = 1;}}catch (e){}if(showed == 0){obj.innerHTML =str;}}})();
责任编辑：cyf",2020-06-04 19:55:01,同花顺
18,上海市银行同业公会：倡导加大对新型国际贸易发展金融支持力度,"中证网讯（记者 黄一灵）中国证券报记者6月4日获悉，在上海银保监局指导下，上海市银行同业公会发布《上海银行（601229）业“稳外贸、稳外资”金融服务倡议书》（以下简称《倡议书》）。
倡议内容主要有：一、加强研判分析，稳金融稳投资；二、增加信贷支持，稳外资外贸基本盘；三、深化银政合作，精准扶持企业稳定经营；四、自贸创新搭台，紧抓金融服务转型机遇。
据悉，《倡议书》的发布旨在鼓励和支持上海银行业面对国际国内复杂经济金融形势，为持续以上海自贸试验区及临港新片区建设作为上海金融对外开放及改革创新的窗口，加强主体扶持，扎实做好“六稳”工作，落实“六保”任务，兜住底线、守好基本盘，做好对外贸、外资企业的金融保障工作。
数据显示，2020年一季度上海银行业保持运行平稳，风险整体可控。截至一季度末，上海银行业总资产余额17.24万亿元，同比增长10.94%；各项存款余额11.4万亿元，同比增长10.94%；各项贷款余额7.99万亿元，同比增长4.93%；不良贷款率0.95%。
与此同时，截至一季度末，上海银行业累计发放疫情防控贷款888.9亿元，为企业和个人提供续贷金额1504.6亿元；累计投放疫情防控贷款的综合资金成本为3.37%，对受疫情影响严重的企业累计减免本息3517万元；辖内小微企业贷款余额1.31万亿元，其中单户授信1000万以下小微贷款余额3860.9亿元，同比增长23.41%。
此外，《倡议书》倡导银行加强对国际经济形势和终点行业动向的研判分析，及时为企业提供有针对性的专业指导和咨询，助力企业应对贸易风险、研判市场走势；提升行业自律，增加信贷投放，带动配套企业协同，提高产业链、供应链韧性；加大银行与上海市商务委员会、中国出口信用保险公司上海分公司、上海中小微企业政策性融资担保基金等政府平台对接，精准扶持企业稳定经营；自贸创新搭台，加大对新型国际贸易发展的金融支持力度，对标国际，放眼新兴市场，提升“线上经济”新业态、新模式的挖掘。
同花顺上线「疫情地图」
点击查看：新型肺炎疫情实时动态地图>>>
关注同花顺财经（ths518），获取更多机会
(function(){var obj = null;if(document.getElementById('arctTailMark')) {obj = document.getElementById('arctTailMark');}if(obj!=null){var str = '(image_address=""http://i.thsi.cn/images/article/logo.jpg"")  返回首页';var showed = 0;try{var oo = obj.previousSibling;while(oo.nodeType!=1 || oo.innerHTML.replace(/\s|\u3000/g,'').length==0){oo = oo.previousSibling;}if(oo.nodeType==1 && oo.tagName.toLowerCase()=='p') {var span = document.createElement('span');span.innerHTML =str;oo.appendChild(span);showed = 1;}}catch (e){}if(showed == 0){obj.innerHTML =str;}}})();
责任编辑：cyf",2020-06-04 19:55:01,同花顺
19,上海市银行同业公会：倡导加大对新型国际贸易发展金融支持力度,"中证网讯（记者 黄一灵）中国证券报记者6月4日获悉，在上海银保监局指导下，上海市银行同业公会发布《上海银行（601229）业“稳外贸、稳外资”金融服务倡议书》（以下简称《倡议书》）。
倡议内容主要有：一、加强研判分析，稳金融稳投资；二、增加信贷支持，稳外资外贸基本盘；三、深化银政合作，精准扶持企业稳定经营；四、自贸创新搭台，紧抓金融服务转型机遇。
据悉，《倡议书》的发布旨在鼓励和支持上海银行业面对国际国内复杂经济金融形势，为持续以上海自贸试验区及临港新片区建设作为上海金融对外开放及改革创新的窗口，加强主体扶持，扎实做好“六稳”工作，落实“六保”任务，兜住底线、守好基本盘，做好对外贸、外资企业的金融保障工作。
数据显示，2020年一季度上海银行业保持运行平稳，风险整体可控。截至一季度末，上海银行业总资产余额17.24万亿元，同比增长10.94%；各项存款余额11.4万亿元，同比增长10.94%；各项贷款余额7.99万亿元，同比增长4.93%；不良贷款率0.95%。
与此同时，截至一季度末，上海银行业累计发放疫情防控贷款888.9亿元，为企业和个人提供续贷金额1504.6亿元；累计投放疫情防控贷款的综合资金成本为3.37%，对受疫情影响严重的企业累计减免本息3517万元；辖内小微企业贷款余额1.31万亿元，其中单户授信1000万以下小微贷款余额3860.9亿元，同比增长23.41%。
此外，《倡议书》倡导银行加强对国际经济形势和终点行业动向的研判分析，及时为企业提供有针对性的专业指导和咨询，助力企业应对贸易风险、研判市场走势；提升行业自律，增加信贷投放，带动配套企业协同，提高产业链、供应链韧性；加大银行与上海市商务委员会、中国出口信用保险公司上海分公司、上海中小微企业政策性融资担保基金等政府平台对接，精准扶持企业稳定经营；自贸创新搭台，加大对新型国际贸易发展的金融支持力度，对标国际，放眼新兴市场，提升“线上经济”新业态、新模式的挖掘。
关注同花顺财经（ths518），获取更多机会
(function(){var obj = null;if(document.getElementById('arctTailMark')) {obj = document.getElementById('arctTailMark');}if(obj!=null){var str = '(image_address=""http://i.thsi.cn/images/article/logo.jpg"")  返回首页';var showed = 0;try{var oo = obj.previousSibling;while(oo.nodeType!=1 || oo.innerHTML.replace(/\s|\u3000/g,'').length==0){oo = oo.previousSibling;}if(oo.nodeType==1 && oo.tagName.toLowerCase()=='p') {var span = document.createElement('span');span.innerHTML =str;oo.appendChild(span);showed = 1;}}catch (e){}if(showed == 0){obj.innerHTML =str;}}})();
责任编辑：cyf",2020-06-04 19:55:01,同花顺
20,上海市银行同业公会：倡导加大对新型国际贸易发展金融支持力度,"中证网讯（记者 黄一灵）中国证券报记者6月4日获悉，在上海银保监局指导下，上海市银行同业公会发布《上海银行（601229）业“稳外贸、稳外资”金融服务倡议书》（以下简称《倡议书》）。
倡议内容主要有：一、加强研判分析，稳金融稳投资；二、增加信贷支持，稳外资外贸基本盘；三、深化银政合作，精准扶持企业稳定经营；四、自贸创新搭台，紧抓金融服务转型机遇。
据悉，《倡议书》的发布旨在鼓励和支持上海银行业面对国际国内复杂经济金融形势，为持续以上海自贸试验区及临港新片区建设作为上海金融对外开放及改革创新的窗口，加强主体扶持，扎实做好“六稳”工作，落实“六保”任务，兜住底线、守好基本盘，做好对外贸、外资企业的金融保障工作。
数据显示，2020年一季度上海银行业保持运行平稳，风险整体可控。截至一季度末，上海银行业总资产余额17.24万亿元，同比增长10.94%；各项存款余额11.4万亿元，同比增长10.94%；各项贷款余额7.99万亿元，同比增长4.93%；不良贷款率0.95%。
与此同时，截至一季度末，上海银行业累计发放疫情防控贷款888.9亿元，为企业和个人提供续贷金额1504.6亿元；累计投放疫情防控贷款的综合资金成本为3.37%，对受疫情影响严重的企业累计减免本息3517万元；辖内小微企业贷款余额1.31万亿元，其中单户授信1000万以下小微贷款余额3860.9亿元，同比增长23.41%。
此外，《倡议书》倡导银行加强对国际经济形势和终点行业动向的研判分析，及时为企业提供有针对性的专业指导和咨询，助力企业应对贸易风险、研判市场走势；提升行业自律，增加信贷投放，带动配套企业协同，提高产业链、供应链韧性；加大银行与上海市商务委员会、中国出口信用保险公司上海分公司、上海中小微企业政策性融资担保基金等政府平台对接，精准扶持企业稳定经营；自贸创新搭台，加大对新型国际贸易发展的金融支持力度，对标国际，放眼新兴市场，提升“线上经济”新业态、新模式的挖掘。
同花顺上线「疫情地图」
点击查看：新型肺炎疫情实时动态地图>>>
关注同花顺财经（ths518），获取更多机会
(function(){var obj = null;if(document.getElementById('arctTailMark')) {obj = document.getElementById('arctTailMark');}if(obj!=null){var str = '(image_address=""http://i.thsi.cn/images/article/logo.jpg"")  返回首页';var showed = 0;try{var oo = obj.previousSibling;while(oo.nodeType!=1 || oo.innerHTML.replace(/\s|\u3000/g,'').length==0){oo = oo.previousSibling;}if(oo.nodeType==1 && oo.tagName.toLowerCase()=='p') {var span = document.createElement('span');span.innerHTML =str;oo.appendChild(span);showed = 1;}}catch (e){}if(showed == 0){obj.innerHTML =str;}}})();
责任编辑：cyf",2020-06-04 19:55:01,同花顺
21,上海市银行同业公会：倡导加大对新型国际贸易发展金融支持力度,"中证网讯（记者 黄一灵）中国证券报记者6月4日获悉，在上海银保监局指导下，上海市银行同业公会发布《上海银行（601229）业“稳外贸、稳外资”金融服务倡议书》（以下简称《倡议书》）。
倡议内容主要有：一、加强研判分析，稳金融稳投资；二、增加信贷支持，稳外资外贸基本盘；三、深化银政合作，精准扶持企业稳定经营；四、自贸创新搭台，紧抓金融服务转型机遇。
据悉，《倡议书》的发布旨在鼓励和支持上海银行业面对国际国内复杂经济金融形势，为持续以上海自贸试验区及临港新片区建设作为上海金融对外开放及改革创新的窗口，加强主体扶持，扎实做好“六稳”工作，落实“六保”任务，兜住底线、守好基本盘，做好对外贸、外资企业的金融保障工作。
数据显示，2020年一季度上海银行业保持运行平稳，风险整体可控。截至一季度末，上海银行业总资产余额17.24万亿元，同比增长10.94%；各项存款余额11.4万亿元，同比增长10.94%；各项贷款余额7.99万亿元，同比增长4.93%；不良贷款率0.95%。
与此同时，截至一季度末，上海银行业累计发放疫情防控贷款888.9亿元，为企业和个人提供续贷金额1504.6亿元；累计投放疫情防控贷款的综合资金成本为3.37%，对受疫情影响严重的企业累计减免本息3517万元；辖内小微企业贷款余额1.31万亿元，其中单户授信1000万以下小微贷款余额3860.9亿元，同比增长23.41%。
此外，《倡议书》倡导银行加强对国际经济形势和终点行业动向的研判分析，及时为企业提供有针对性的专业指导和咨询，助力企业应对贸易风险、研判市场走势；提升行业自律，增加信贷投放，带动配套企业协同，提高产业链、供应链韧性；加大银行与上海市商务委员会、中国出口信用保险公司上海分公司、上海中小微企业政策性融资担保基金等政府平台对接，精准扶持企业稳定经营；自贸创新搭台，加大对新型国际贸易发展的金融支持力度，对标国际，放眼新兴市场，提升“线上经济”新业态、新模式的挖掘。
同花顺上线「疫情地图」
点击查看：新型肺炎疫情实时动态地图>>>
关注同花顺财经（ths518），获取更多机会
(function(){var obj = null;if(document.getElementById('arctTailMark')) {obj = document.getElementById('arctTailMark');}if(obj!=null){var str = '(image_address=""http://i.thsi.cn/images/article/logo.jpg"")  返回首页';var showed = 0;try{var oo = obj.previousSibling;while(oo.nodeType!=1 || oo.innerHTML.replace(/\s|\u3000/g,'').length==0){oo = oo.previousSibling;}if(oo.nodeType==1 && oo.tagName.toLowerCase()=='p') {var span = document.createElement('span');span.innerHTML =str;oo.appendChild(span);showed = 1;}}catch (e){}if(showed == 0){obj.innerHTML =str;}}})();
责任编辑：cyf",2020-06-04 19:55:01,同花顺
22,上海市银行同业公会：倡导加大对新型国际贸易发展金融支持力度,"中证网讯（记者 黄一灵）中国证券报记者6月4日获悉，在上海银保监局指导下，上海市银行同业公会发布《上海银行（601229）业“稳外贸、稳外资”金融服务倡议书》（以下简称《倡议书》）。
倡议内容主要有：一、加强研判分析，稳金融稳投资；二、增加信贷支持，稳外资外贸基本盘；三、深化银政合作，精准扶持企业稳定经营；四、自贸创新搭台，紧抓金融服务转型机遇。
据悉，《倡议书》的发布旨在鼓励和支持上海银行业面对国际国内复杂经济金融形势，为持续以上海自贸试验区及临港新片区建设作为上海金融对外开放及改革创新的窗口，加强主体扶持，扎实做好“六稳”工作，落实“六保”任务，兜住底线、守好基本盘，做好对外贸、外资企业的金融保障工作。
数据显示，2020年一季度上海银行业保持运行平稳，风险整体可控。截至一季度末，上海银行业总资产余额17.24万亿元，同比增长10.94%；各项存款余额11.4万亿元，同比增长10.94%；各项贷款余额7.99万亿元，同比增长4.93%；不良贷款率0.95%。
与此同时，截至一季度末，上海银行业累计发放疫情防控贷款888.9亿元，为企业和个人提供续贷金额1504.6亿元；累计投放疫情防控贷款的综合资金成本为3.37%，对受疫情影响严重的企业累计减免本息3517万元；辖内小微企业贷款余额1.31万亿元，其中单户授信1000万以下小微贷款余额3860.9亿元，同比增长23.41%。
此外，《倡议书》倡导银行加强对国际经济形势和终点行业动向的研判分析，及时为企业提供有针对性的专业指导和咨询，助力企业应对贸易风险、研判市场走势；提升行业自律，增加信贷投放，带动配套企业协同，提高产业链、供应链韧性；加大银行与上海市商务委员会、中国出口信用保险公司上海分公司、上海中小微企业政策性融资担保基金等政府平台对接，精准扶持企业稳定经营；自贸创新搭台，加大对新型国际贸易发展的金融支持力度，对标国际，放眼新兴市场，提升“线上经济”新业态、新模式的挖掘。
同花顺上线「疫情地图」
点击查看：新型肺炎疫情实时动态地图>>>
关注同花顺财经（ths518），获取更多机会
(function(){var obj = null;if(document.getElementById('arctTailMark')) {obj = document.getElementById('arctTailMark');}if(obj!=null){var str = '(image_address=""http://i.thsi.cn/images/article/logo.jpg"")  返回首页';var showed = 0;try{var oo = obj.previousSibling;while(oo.nodeType!=1 || oo.innerHTML.replace(/\s|\u3000/g,'').length==0){oo = oo.previousSibling;}if(oo.nodeType==1 && oo.tagName.toLowerCase()=='p') {var span = document.createElement('span');span.innerHTML =str;oo.appendChild(span);showed = 1;}}catch (e){}if(showed == 0){obj.innerHTML =str;}}})();
责任编辑：cyf",2020-06-04 19:55:01,同花顺
23,上海市银行同业公会：倡导加大对新型国际贸易发展金融支持力度,"中证网讯（记者 黄一灵）中国证券报记者6月4日获悉，在上海银保监局指导下，上海市银行同业公会发布《上海银行（601229）业“稳外贸、稳外资”金融服务倡议书》（以下简称《倡议书》）。
倡议内容主要有：一、加强研判分析，稳金融稳投资；二、增加信贷支持，稳外资外贸基本盘；三、深化银政合作，精准扶持企业稳定经营；四、自贸创新搭台，紧抓金融服务转型机遇。
据悉，《倡议书》的发布旨在鼓励和支持上海银行业面对国际国内复杂经济金融形势，为持续以上海自贸试验区及临港新片区建设作为上海金融对外开放及改革创新的窗口，加强主体扶持，扎实做好“六稳”工作，落实“六保”任务，兜住底线、守好基本盘，做好对外贸、外资企业的金融保障工作。
数据显示，2020年一季度上海银行业保持运行平稳，风险整体可控。截至一季度末，上海银行业总资产余额17.24万亿元，同比增长10.94%；各项存款余额11.4万亿元，同比增长10.94%；各项贷款余额7.99万亿元，同比增长4.93%；不良贷款率0.95%。
与此同时，截至一季度末，上海银行业累计发放疫情防控贷款888.9亿元，为企业和个人提供续贷金额1504.6亿元；累计投放疫情防控贷款的综合资金成本为3.37%，对受疫情影响严重的企业累计减免本息3517万元；辖内小微企业贷款余额1.31万亿元，其中单户授信1000万以下小微贷款余额3860.9亿元，同比增长23.41%。
此外，《倡议书》倡导银行加强对国际经济形势和终点行业动向的研判分析，及时为企业提供有针对性的专业指导和咨询，助力企业应对贸易风险、研判市场走势；提升行业自律，增加信贷投放，带动配套企业协同，提高产业链、供应链韧性；加大银行与上海市商务委员会、中国出口信用保险公司上海分公司、上海中小微企业政策性融资担保基金等政府平台对接，精准扶持企业稳定经营；自贸创新搭台，加大对新型国际贸易发展的金融支持力度，对标国际，放眼新兴市场，提升“线上经济”新业态、新模式的挖掘。
同花顺上线「疫情地图」
点击查看：新型肺炎疫情实时动态地图>>>
关注同花顺财经（ths518），获取更多机会
(function(){var obj = null;if(document.getElementById('arctTailMark')) {obj = document.getElementById('arctTailMark');}if(obj!=null){var str = '(image_address=""http://i.thsi.cn/images/article/logo.jpg"")  返回首页';var showed = 0;try{var oo = obj.previousSibling;while(oo.nodeType!=1 || oo.innerHTML.replace(/\s|\u3000/g,'').length==0){oo = oo.previousSibling;}if(oo.nodeType==1 && oo.tagName.toLowerCase()=='p') {var span = document.createElement('span');span.innerHTML =str;oo.appendChild(span);showed = 1;}}catch (e){}if(showed == 0){obj.innerHTML =str;}}})();
责任编辑：cyf",2020-06-04 19:55:01,同花顺
24,上海市银行同业公会：倡导加大对新型国际贸易发展金融支持力度,"中证网讯（记者 黄一灵）中国证券报记者6月4日获悉，在上海银保监局指导下，上海市银行同业公会发布《上海银行（601229）业“稳外贸、稳外资”金融服务倡议书》（以下简称《倡议书》）。
倡议内容主要有：一、加强研判分析，稳金融稳投资；二、增加信贷支持，稳外资外贸基本盘；三、深化银政合作，精准扶持企业稳定经营；四、自贸创新搭台，紧抓金融服务转型机遇。
据悉，《倡议书》的发布旨在鼓励和支持上海银行业面对国际国内复杂经济金融形势，为持续以上海自贸试验区及临港新片区建设作为上海金融对外开放及改革创新的窗口，加强主体扶持，扎实做好“六稳”工作，落实“六保”任务，兜住底线、守好基本盘，做好对外贸、外资企业的金融保障工作。
数据显示，2020年一季度上海银行业保持运行平稳，风险整体可控。截至一季度末，上海银行业总资产余额17.24万亿元，同比增长10.94%；各项存款余额11.4万亿元，同比增长10.94%；各项贷款余额7.99万亿元，同比增长4.93%；不良贷款率0.95%。
与此同时，截至一季度末，上海银行业累计发放疫情防控贷款888.9亿元，为企业和个人提供续贷金额1504.6亿元；累计投放疫情防控贷款的综合资金成本为3.37%，对受疫情影响严重的企业累计减免本息3517万元；辖内小微企业贷款余额1.31万亿元，其中单户授信1000万以下小微贷款余额3860.9亿元，同比增长23.41%。
此外，《倡议书》倡导银行加强对国际经济形势和终点行业动向的研判分析，及时为企业提供有针对性的专业指导和咨询，助力企业应对贸易风险、研判市场走势；提升行业自律，增加信贷投放，带动配套企业协同，提高产业链、供应链韧性；加大银行与上海市商务委员会、中国出口信用保险公司上海分公司、上海中小微企业政策性融资担保基金等政府平台对接，精准扶持企业稳定经营；自贸创新搭台，加大对新型国际贸易发展的金融支持力度，对标国际，放眼新兴市场，提升“线上经济”新业态、新模式的挖掘。
同花顺上线「疫情地图」
点击查看：新型肺炎疫情实时动态地图>>>
关注同花顺财经（ths518），获取更多机会
(function(){var obj = null;if(document.getElementById('arctTailMark')) {obj = document.getElementById('arctTailMark');}if(obj!=null){var str = '(image_address=""http://i.thsi.cn/images/article/logo.jpg"")  返回首页';var showed = 0;try{var oo = obj.previousSibling;while(oo.nodeType!=1 || oo.innerHTML.replace(/\s|\u3000/g,'').length==0){oo = oo.previousSibling;}if(oo.nodeType==1 && oo.tagName.toLowerCase()=='p') {var span = document.createElement('span');span.innerHTML =str;oo.appendChild(span);showed = 1;}}catch (e){}if(showed == 0){obj.innerHTML =str;}}})();
责任编辑：cyf",2020-06-04 19:55:01,同花顺
25,上海市银行同业公会：倡导加大对新型国际贸易发展金融支持力度,"中证网讯（记者 黄一灵）中国证券报记者6月4日获悉，在上海银保监局指导下，上海市银行同业公会发布《上海银行（601229）业“稳外贸、稳外资”金融服务倡议书》（以下简称《倡议书》）。
倡议内容主要有：一、加强研判分析，稳金融稳投资；二、增加信贷支持，稳外资外贸基本盘；三、深化银政合作，精准扶持企业稳定经营；四、自贸创新搭台，紧抓金融服务转型机遇。
据悉，《倡议书》的发布旨在鼓励和支持上海银行业面对国际国内复杂经济金融形势，为持续以上海自贸试验区及临港新片区建设作为上海金融对外开放及改革创新的窗口，加强主体扶持，扎实做好“六稳”工作，落实“六保”任务，兜住底线、守好基本盘，做好对外贸、外资企业的金融保障工作。
数据显示，2020年一季度上海银行业保持运行平稳，风险整体可控。截至一季度末，上海银行业总资产余额17.24万亿元，同比增长10.94%；各项存款余额11.4万亿元，同比增长10.94%；各项贷款余额7.99万亿元，同比增长4.93%；不良贷款率0.95%。
与此同时，截至一季度末，上海银行业累计发放疫情防控贷款888.9亿元，为企业和个人提供续贷金额1504.6亿元；累计投放疫情防控贷款的综合资金成本为3.37%，对受疫情影响严重的企业累计减免本息3517万元；辖内小微企业贷款余额1.31万亿元，其中单户授信1000万以下小微贷款余额3860.9亿元，同比增长23.41%。
此外，《倡议书》倡导银行加强对国际经济形势和终点行业动向的研判分析，及时为企业提供有针对性的专业指导和咨询，助力企业应对贸易风险、研判市场走势；提升行业自律，增加信贷投放，带动配套企业协同，提高产业链、供应链韧性；加大银行与上海市商务委员会、中国出口信用保险公司上海分公司、上海中小微企业政策性融资担保基金等政府平台对接，精准扶持企业稳定经营；自贸创新搭台，加大对新型国际贸易发展的金融支持力度，对标国际，放眼新兴市场，提升“线上经济”新业态、新模式的挖掘。
同花顺上线「疫情地图」
点击查看：新型肺炎疫情实时动态地图>>>
关注同花顺财经（ths518），获取更多机会
(function(){var obj = null;if(document.getElementById('arctTailMark')) {obj = document.getElementById('arctTailMark');}if(obj!=null){var str = '(image_address=""http://i.thsi.cn/images/article/logo.jpg"")  返回首页';var showed = 0;try{var oo = obj.previousSibling;while(oo.nodeType!=1 || oo.innerHTML.replace(/\s|\u3000/g,'').length==0){oo = oo.previousSibling;}if(oo.nodeType==1 && oo.tagName.toLowerCase()=='p') {var span = document.createElement('span');span.innerHTML =str;oo.appendChild(span);showed = 1;}}catch (e){}if(showed == 0){obj.innerHTML =str;}}})();
责任编辑：cyf",2020-06-04 19:55:01,同花顺
26,上海市银行同业公会：倡导加大对新型国际贸易发展金融支持力度,"中证网讯（记者 黄一灵）中国证券报记者6月4日获悉，在上海银保监局指导下，上海市银行同业公会发布《上海银行（601229）业“稳外贸、稳外资”金融服务倡议书》（以下简称《倡议书》）。
倡议内容主要有：一、加强研判分析，稳金融稳投资；二、增加信贷支持，稳外资外贸基本盘；三、深化银政合作，精准扶持企业稳定经营；四、自贸创新搭台，紧抓金融服务转型机遇。
据悉，《倡议书》的发布旨在鼓励和支持上海银行业面对国际国内复杂经济金融形势，为持续以上海自贸试验区及临港新片区建设作为上海金融对外开放及改革创新的窗口，加强主体扶持，扎实做好“六稳”工作，落实“六保”任务，兜住底线、守好基本盘，做好对外贸、外资企业的金融保障工作。
数据显示，2020年一季度上海银行业保持运行平稳，风险整体可控。截至一季度末，上海银行业总资产余额17.24万亿元，同比增长10.94%；各项存款余额11.4万亿元，同比增长10.94%；各项贷款余额7.99万亿元，同比增长4.93%；不良贷款率0.95%。
与此同时，截至一季度末，上海银行业累计发放疫情防控贷款888.9亿元，为企业和个人提供续贷金额1504.6亿元；累计投放疫情防控贷款的综合资金成本为3.37%，对受疫情影响严重的企业累计减免本息3517万元；辖内小微企业贷款余额1.31万亿元，其中单户授信1000万以下小微贷款余额3860.9亿元，同比增长23.41%。
此外，《倡议书》倡导银行加强对国际经济形势和终点行业动向的研判分析，及时为企业提供有针对性的专业指导和咨询，助力企业应对贸易风险、研判市场走势；提升行业自律，增加信贷投放，带动配套企业协同，提高产业链、供应链韧性；加大银行与上海市商务委员会、中国出口信用保险公司上海分公司、上海中小微企业政策性融资担保基金等政府平台对接，精准扶持企业稳定经营；自贸创新搭台，加大对新型国际贸易发展的金融支持力度，对标国际，放眼新兴市场，提升“线上经济”新业态、新模式的挖掘。
同花顺上线「疫情地图」
点击查看：新型肺炎疫情实时动态地图>>>
关注同花顺财经（ths518），获取更多机会
(function(){var obj = null;if(document.getElementById('arctTailMark')) {obj = document.getElementById('arctTailMark');}if(obj!=null){var str = '(image_address=""http://i.thsi.cn/images/article/logo.jpg"")  返回首页';var showed = 0;try{var oo = obj.previousSibling;while(oo.nodeType!=1 || oo.innerHTML.replace(/\s|\u3000/g,'').length==0){oo = oo.previousSibling;}if(oo.nodeType==1 && oo.tagName.toLowerCase()=='p') {var span = document.createElement('span');span.innerHTML =str;oo.appendChild(span);showed = 1;}}catch (e){}if(showed == 0){obj.innerHTML =str;}}})();
责任编辑：cyf",2020-06-04 19:55:01,同花顺
27,上海市银行同业公会：倡导加大对新型国际贸易发展金融支持力度,"中证网讯（记者 黄一灵）中国证券报记者6月4日获悉，在上海银保监局指导下，上海市银行同业公会发布《上海银行（601229）业“稳外贸、稳外资”金融服务倡议书》（以下简称《倡议书》）。
倡议内容主要有：一、加强研判分析，稳金融稳投资；二、增加信贷支持，稳外资外贸基本盘；三、深化银政合作，精准扶持企业稳定经营；四、自贸创新搭台，紧抓金融服务转型机遇。
据悉，《倡议书》的发布旨在鼓励和支持上海银行业面对国际国内复杂经济金融形势，为持续以上海自贸试验区及临港新片区建设作为上海金融对外开放及改革创新的窗口，加强主体扶持，扎实做好“六稳”工作，落实“六保”任务，兜住底线、守好基本盘，做好对外贸、外资企业的金融保障工作。
数据显示，2020年一季度上海银行业保持运行平稳，风险整体可控。截至一季度末，上海银行业总资产余额17.24万亿元，同比增长10.94%；各项存款余额11.4万亿元，同比增长10.94%；各项贷款余额7.99万亿元，同比增长4.93%；不良贷款率0.95%。
与此同时，截至一季度末，上海银行业累计发放疫情防控贷款888.9亿元，为企业和个人提供续贷金额1504.6亿元；累计投放疫情防控贷款的综合资金成本为3.37%，对受疫情影响严重的企业累计减免本息3517万元；辖内小微企业贷款余额1.31万亿元，其中单户授信1000万以下小微贷款余额3860.9亿元，同比增长23.41%。
此外，《倡议书》倡导银行加强对国际经济形势和终点行业动向的研判分析，及时为企业提供有针对性的专业指导和咨询，助力企业应对贸易风险、研判市场走势；提升行业自律，增加信贷投放，带动配套企业协同，提高产业链、供应链韧性；加大银行与上海市商务委员会、中国出口信用保险公司上海分公司、上海中小微企业政策性融资担保基金等政府平台对接，精准扶持企业稳定经营；自贸创新搭台，加大对新型国际贸易发展的金融支持力度，对标国际，放眼新兴市场，提升“线上经济”新业态、新模式的挖掘。
同花顺上线「疫情地图」
点击查看：新型肺炎疫情实时动态地图>>>
关注同花顺财经（ths518），获取更多机会
(function(){var obj = null;if(document.getElementById('arctTailMark')) {obj = document.getElementById('arctTailMark');}if(obj!=null){var str = '(image_address=""http://i.thsi.cn/images/article/logo.jpg"")  返回首页';var showed = 0;try{var oo = obj.previousSibling;while(oo.nodeType!=1 || oo.innerHTML.replace(/\s|\u3000/g,'').length==0){oo = oo.previousSibling;}if(oo.nodeType==1 && oo.tagName.toLowerCase()=='p') {var span = document.createElement('span');span.innerHTML =str;oo.appendChild(span);showed = 1;}}catch (e){}if(showed == 0){obj.innerHTML =str;}}})();
责任编辑：cyf",2020-06-04 19:55:01,同花顺
28,上海市银行同业公会：倡导加大对新型国际贸易发展金融支持力度,"中证网讯（记者 黄一灵）中国证券报记者6月4日获悉，在上海银保监局指导下，上海市银行同业公会发布《上海银行（601229）业“稳外贸、稳外资”金融服务倡议书》（以下简称《倡议书》）。
倡议内容主要有：一、加强研判分析，稳金融稳投资；二、增加信贷支持，稳外资外贸基本盘；三、深化银政合作，精准扶持企业稳定经营；四、自贸创新搭台，紧抓金融服务转型机遇。
据悉，《倡议书》的发布旨在鼓励和支持上海银行业面对国际国内复杂经济金融形势，为持续以上海自贸试验区及临港新片区建设作为上海金融对外开放及改革创新的窗口，加强主体扶持，扎实做好“六稳”工作，落实“六保”任务，兜住底线、守好基本盘，做好对外贸、外资企业的金融保障工作。
数据显示，2020年一季度上海银行业保持运行平稳，风险整体可控。截至一季度末，上海银行业总资产余额17.24万亿元，同比增长10.94%；各项存款余额11.4万亿元，同比增长10.94%；各项贷款余额7.99万亿元，同比增长4.93%；不良贷款率0.95%。
与此同时，截至一季度末，上海银行业累计发放疫情防控贷款888.9亿元，为企业和个人提供续贷金额1504.6亿元；累计投放疫情防控贷款的综合资金成本为3.37%，对受疫情影响严重的企业累计减免本息3517万元；辖内小微企业贷款余额1.31万亿元，其中单户授信1000万以下小微贷款余额3860.9亿元，同比增长23.41%。
此外，《倡议书》倡导银行加强对国际经济形势和终点行业动向的研判分析，及时为企业提供有针对性的专业指导和咨询，助力企业应对贸易风险、研判市场走势；提升行业自律，增加信贷投放，带动配套企业协同，提高产业链、供应链韧性；加大银行与上海市商务委员会、中国出口信用保险公司上海分公司、上海中小微企业政策性融资担保基金等政府平台对接，精准扶持企业稳定经营；自贸创新搭台，加大对新型国际贸易发展的金融支持力度，对标国际，放眼新兴市场，提升“线上经济”新业态、新模式的挖掘。
关注同花顺财经（ths518），获取更多机会
(function(){var obj = null;if(document.getElementById('arctTailMark')) {obj = document.getElementById('arctTailMark');}if(obj!=null){var str = '(image_address=""http://i.thsi.cn/images/article/logo.jpg"")  返回首页';var showed = 0;try{var oo = obj.previousSibling;while(oo.nodeType!=1 || oo.innerHTML.replace(/\s|\u3000/g,'').length==0){oo = oo.previousSibling;}if(oo.nodeType==1 && oo.tagName.toLowerCase()=='p') {var span = document.createElement('span');span.innerHTML =str;oo.appendChild(span);showed = 1;}}catch (e){}if(showed == 0){obj.innerHTML =str;}}})();
责任编辑：cyf",2020-06-04 19:55:01,同花顺
29,上海市银行同业公会：倡导加大对新型国际贸易发展金融支持力度,"中证网讯（记者 黄一灵）中国证券报记者6月4日获悉，在上海银保监局指导下，上海市银行同业公会发布《上海银行（601229）业“稳外贸、稳外资”金融服务倡议书》（以下简称《倡议书》）。
倡议内容主要有：一、加强研判分析，稳金融稳投资；二、增加信贷支持，稳外资外贸基本盘；三、深化银政合作，精准扶持企业稳定经营；四、自贸创新搭台，紧抓金融服务转型机遇。
据悉，《倡议书》的发布旨在鼓励和支持上海银行业面对国际国内复杂经济金融形势，为持续以上海自贸试验区及临港新片区建设作为上海金融对外开放及改革创新的窗口，加强主体扶持，扎实做好“六稳”工作，落实“六保”任务，兜住底线、守好基本盘，做好对外贸、外资企业的金融保障工作。
数据显示，2020年一季度上海银行业保持运行平稳，风险整体可控。截至一季度末，上海银行业总资产余额17.24万亿元，同比增长10.94%；各项存款余额11.4万亿元，同比增长10.94%；各项贷款余额7.99万亿元，同比增长4.93%；不良贷款率0.95%。
与此同时，截至一季度末，上海银行业累计发放疫情防控贷款888.9亿元，为企业和个人提供续贷金额1504.6亿元；累计投放疫情防控贷款的综合资金成本为3.37%，对受疫情影响严重的企业累计减免本息3517万元；辖内小微企业贷款余额1.31万亿元，其中单户授信1000万以下小微贷款余额3860.9亿元，同比增长23.41%。
此外，《倡议书》倡导银行加强对国际经济形势和终点行业动向的研判分析，及时为企业提供有针对性的专业指导和咨询，助力企业应对贸易风险、研判市场走势；提升行业自律，增加信贷投放，带动配套企业协同，提高产业链、供应链韧性；加大银行与上海市商务委员会、中国出口信用保险公司上海分公司、上海中小微企业政策性融资担保基金等政府平台对接，精准扶持企业稳定经营；自贸创新搭台，加大对新型国际贸易发展的金融支持力度，对标国际，放眼新兴市场，提升“线上经济”新业态、新模式的挖掘。
同花顺上线「疫情地图」
点击查看：新型肺炎疫情实时动态地图>>>
关注同花顺财经（ths518），获取更多机会
(function(){var obj = null;if(document.getElementById('arctTailMark')) {obj = document.getElementById('arctTailMark');}if(obj!=null){var str = '(image_address=""http://i.thsi.cn/images/article/logo.jpg"")  返回首页';var showed = 0;try{var oo = obj.previousSibling;while(oo.nodeType!=1 || oo.innerHTML.replace(/\s|\u3000/g,'').length==0){oo = oo.previousSibling;}if(oo.nodeType==1 && oo.tagName.toLowerCase()=='p') {var span = document.createElement('span');span.innerHTML =str;oo.appendChild(span);showed = 1;}}catch (e){}if(showed == 0){obj.innerHTML =str;}}})();
责任编辑：cyf",2020-06-04 19:55:01,同花顺
30,隆基股份：ITC裁定公司产品不侵犯韩华Q-Cells专利权 终止调查,"中证网讯(记者刘杨)隆基股份（601012）2020年6月4日晚间发布公告称，美国时间2020年6月3日，美国国际贸易委员会(ITC)发布337-TA-1151案最终调查结果，裁定公司产品不侵犯韩华Q-Cells专利权(专利号：US9893215号)，未违反337条款，终止调查。
同花顺上线「疫情地图」
点击查看：新型肺炎疫情实时动态地图>>>
关注同花顺财经（ths518），获取更多机会
(function(){var obj = null;if(document.getElementById('arctTailMark')) {obj = document.getElementById('arctTailMark');}if(obj!=null){var str = '(image_address=""http://i.thsi.cn/images/article/logo.jpg"")  返回首页';var showed = 0;try{var oo = obj.previousSibling;while(oo.nodeType!=1 || oo.innerHTML.replace(/\s|\u3000/g,'').length==0){oo = oo.previousSibling;}if(oo.nodeType==1 && oo.tagName.toLowerCase()=='p') {var span = document.createElement('span');span.innerHTML =str;oo.appendChild(span);showed = 1;}}catch (e){}if(showed == 0){obj.innerHTML =str;}}})();",2020-06-04 19:53:49,同花顺
31,微信支付分正式上线 同程旅行酒店先用后付功能加速普及,"新京报讯（记者 王真真）随着微信正式上线微信支付分功能，6月4日，同程旅行方面表示，其基于微信支付分信用体系为消费者提供的酒店等旅行产品的预订服务将覆盖更多人群，更多用户将可以获得微信支付分提供给的服务。
6月3日晚间，微信终于正式上线了微信支付分功能。微信支付分是基于微信支付大数据，根据个人的身份特质、支付行为、信用历史等情况，对个人信用的综合评分。目前，微信支付分已开通1000多个相关服务，覆盖住宿预订、出行交通、共享租物、购物娱乐、生活服务等多个场景。
早在去年微信支付分内测阶段，同程旅行就与微信支付方面达成了相关合作，基于微信支付分信用体系为消费者提供先住后付、到店免交押金、离店不查房不排队等酒店预订服务。随着微信支付分的全面开放，同程旅行的酒店“三免”服务的人群覆盖面将大幅增加，更多用户将可以方便地享受到此项服务。
据了解，消费者通过微信支付的“酒店”、“火车票机票”入口和“同程旅行”小程序等渠道预订标有“闪住”标签的酒店产品时，如果分值在600分以上，即可享受“先住后付，到店入住免押金，离店免查房、免排队”的服务。
(image_address=""http://e.thsi.cn/img/3f05933deb46be7e"")
同程旅行提供
除了住宿预订场景，同程旅行也在出行场景接入了微信支付分。用户通过同程旅行微信小程序或打开微信-支付-火车票机票/酒店选择打车服务时，均可先打车后付款，到达目的地后自动付款。
同程旅行相关负责人表示：“通过将微信支付分接入酒店预订和出行场景，可以有效改善用户出行中的诸多痛点，如办理入店排队时间长、入住交押金手续繁琐等，提升用户的线上线下服务体验。”
同花顺上线「疫情地图」
点击查看：新型肺炎疫情实时动态地图>>>
关注同花顺财经（ths518），获取更多机会
(function(){var obj = null;if(document.getElementById('arctTailMark')) {obj = document.getElementById('arctTailMark');}if(obj!=null){var str = '(image_address=""http://i.thsi.cn/images/article/logo.jpg"")  返回首页';var showed = 0;try{var oo = obj.previousSibling;while(oo.nodeType!=1 || oo.innerHTML.replace(/\s|\u3000/g,'').length==0){oo = oo.previousSibling;}if(oo.nodeType==1 && oo.tagName.toLowerCase()=='p') {var span = document.createElement('span');span.innerHTML =str;oo.appendChild(span);showed = 1;}}catch (e){}if(showed == 0){obj.innerHTML =str;}}})();
责任编辑：cyf",2020-06-04 19:52:34,同花顺
32,王石：“我对钱非常在乎 但很警惕成为暴发户！”他两次登顶珠峰 均遭遇致命危险……,"近期的王石又有哪些变化？日前，证券时报社长兼总编辑何伟对话万科创始人、董事会名誉主席王石，就捐赠万科企业股资产、财富理解、疫情认识、企业家特质、自我认知过程等多方面话题进行了深入的探讨。
(image_address=""http://e.thsi.cn/img/8f7d0a65e05cc20c"")
证券时报社长兼总编辑何伟(左)对话万科创始人、董事会名誉主席王石 （宋春雨/摄）
对话视频链接请点击：
王石：企业家要接受挑战，如何看待灰犀牛、黑天鹅？
万科创始人王石曾在52岁、59岁的时候两次登顶珠峰，鲜为人知的是，这两次均遭遇致命危险。第一次，王石氧气提前用尽，在冰天雪地中竟然感到暖意融融，出现幻觉进入濒死状态，靠极强的抵抗诱惑的能力保持清醒；第二次，珠峰顶上晴空万里，队友们都在享受成就达成的喜悦，王石突然左眼失明，下撤到海拔8100米位置时右眼也看不见了，靠加大吸氧才化险为夷。王石是幸运的，第一次捡到了有1/3剩余的氧气瓶，第二次具备奇幻色彩，他家人当时正好在深圳路边救了一只双眼几乎失明的小猫。
(image_address=""http://e.thsi.cn/img/9df47bdeb85130dd"")
(官兵/制图)
王石在接受媒体采访及去年出版的新书《我的改变：个人的现代化40年》中提及了上述情况。在新书中，王石将2008年定义为自己的“至暗时刻”，因为“捐款门”、“拐点论”事件，个人形象跌落谷底，第一次让其重新认识自己在这个社会的位置。王石将自己2008年之后的改变，称为个人价值系统的一次更新，或一个人的现代化。
近期的王石又有哪些变化？日前，证券时报社长兼总编辑何伟对话万科创始人、董事会名誉主席王石，就捐赠万科企业股资产、财富理解、疫情认识、企业家特质、自我认知过程等多方面话题进行了深入的探讨。
(image_address=""http://e.thsi.cn/img/d0b8321b17dde890"")
4月初，王石率领万科员工集体向清华大学捐赠了价值逾50亿元的企业股资产，引发较大反响。这笔巨额资产将用筹建清华大学公共卫生学院，疫情之下显得意义非凡。王石认为,这是企业股资产最好的归宿，能有这样的结果是缘分。
对话中，王石引用了巴顿将军的名言，“衡量一个人成功的标志，不是看他登到顶峰的高度，而是看他跌到谷底的反弹力。”王石说，企业家无论做什么，都是要接受挑战的，要能够承受失败的压力。
01
警惕成为暴发户
何伟：1988年，您在万科完成股份制改造时放弃持股，今年4月初率领万科员工集体向清华大学捐赠了这些企业股，价值超过50亿元。放弃巨额资产，您是如何理解财富的？
王石：万科1988年完成股份制改造，国家持股60%，剩余40%企业股可以分配给创始人带领的团队。红头文件下来后的第二天，我就宣布放弃对企业股所拥有的权利。万科团队不大，我是唯一创始人，所以我放弃之后没有第二个人再说要自己的那份。放弃之后，当时也没想清楚应该怎么用，一晃32年过去了，最后才有了这个归宿。捐赠之后，社会反应是出乎我的预料的，而且很正面，能有这样的结果，是缘分。
(image_address=""http://e.thsi.cn/img/f4c1cf270783ce9"")
万科创始人、董事会名誉主席王石 （宋春雨/摄）
有一点非常清楚，既然已经放弃，那所有权、分享权就和我没有关系了。当时成立了职工委员会来行使这部分股份的处置权，我既不是职工委员会的委员、更不是主席，所以怎么处置，我是没有权力的。当然我是有发言权的。在10年前，我们团队就想用这部分股权资产在国内做一个国际上一流的儿童医院，做了很多努力，但由于种种原因未能落地。之后出现股权之争，就顾不上儿童医院的事情了。股权之争眉目明确后，还是由我率领团队继续管理这个公司，当时我就做了决定――退休。由于股权之争原来的医院团队已经解散，用地也出了状况，儿童医院的事情未能继续推进。
因缘际会下，清华大学发来正在筹建公共卫生与健康学院的信息，即刻我感觉如果把企业股资产用到这上面，那一下就和全人类的命运共同体联系在一起了。和万科现在的团队以及专门管理这部分股份的公司商量，很快形成一致意见，响应清华大学的呼应。从清华大学给我们信息到最后签协议，很快，不到一个月的时间。这了却了一个心愿，也没有其他太多的感觉。
(官兵/制图)
至于我对财富的理解，好像我表现出对钱不太在乎，因为放弃了。其实不是的，我对钱非常在乎，羡慕有钱人可以体面的、自如的生活。但是，另一方面我也警惕着，突然有钱了能不能驾驭得住？我查了一下族谱，往上数30多代没有地主出身，也就是没有积累财富的基因。我不清楚突然有钱后能不能驾驭住，所以最好离钱远一点。我在少年时代阅读了大量书籍，《红与黑》、《高老头》等，非常厌恶里面暴发户丑恶的嘴脸。你想想，万科股份制改造后我如果突然有钱了，会变成暴发户！我非常警惕这个东西。
还有，如果突然很有钱，我会缺少动力。现在您不觉得我还是动力满满吗？因为我把钱放弃了。现在的我从万科退休了，但还要再创造一个企业，继续创造财富。我还是个企业家，挣钱是要证明我的能力，挣得越多证明我能力越大。
02
做公益需要公信力和能力
何伟：您之前说过，希望把自己第三个三十年花在公益环保事业上。和比尔盖茨等富豪相比，您做公益有哪些不同？
王石：比尔盖茨，巴菲特都把钱交给他做公益。现在做公益要有两点，一是公信力，二还要有能力。
在捐赠企业股资产的信息出来一周后，我和一位熟悉的深圳企业家吃饭谈公益的事情，我怎么也没想到他会说出这样的话。他说，你们把万科企业股资产捐到清华公共卫生学院，那10年前决定要做的儿童医院还做不做？我说那没法做了，资产都捐了。他说这样好不好，需要多少钱他来出，让我继续做。这让我非常意外。
公益也有排行榜，不仅仅是指捐了多少钱，更多的是体现做公益的能力。刚才说了，能力到了，人家赚的钱愿意让你花，有没有感到心里很踏实，是不是很愉悦？咱们不要唱高调，说什么境界高。不是的，这是在竞争。利他行为是有动机的，在这个过程中证明了自己的能力。做公益也是一样的，所以别把我们想得那么高尚。最简单的解释是马斯洛的需求心理理论，讲究自我实现。
03
两次转折促进自我认知
何伟：您非常酷爱运动，尤其是登山、赛艇等。运动对您意味着什么？您从中领悟到了什么？
王石：2008年，我个人的探险成就达到了一个高峰，万科也成为了世界上经营规模最大的房地产公司，可以说正是滋润的时候，到了“我行你不行”、“我能你不能”的这样一个状态。但也是在2008年，“拐点论”、“捐款门”事件弄得我灰头土脸，被打翻在地再踏上一只脚，打击非常大。在2008年底，我的心态就恢复过来了，从“耿耿于怀”到几个“感谢”，就知道怎么重新调整自己继续走下去。
(image_address=""http://e.thsi.cn/img/3e2136f6efd3c87d"")
就我个人成长而言，我喜欢体育运动，在两项运动中有两次转折。第一次转折是2010年第二次登顶珠峰，第二次转折是2013年在剑桥大学体会到赛艇运动的精神。
2010年第二次登顶珠峰和2003年第一次登珠峰最大的差别是什么呢？从作风来讲，第一次无非就是极端的个人主义的显现，不顾一切，扔下了许多垃圾。第二次登顶珠峰我们是一个国际队，18个队员承诺，除了小便没办法，其他垃圾都要带下来。这就是环保升级，我们没有再把垃圾都扔在那里了。不仅如此，我们还花钱组织了一个运输队，清理了7吨的垃圾，仅空的氧气瓶就捡下来200多个。我们用这些垃圾做了一个装置艺术，2010年8月在上海世博会展览，宣传珠峰的环保生态。
我觉得这是运动带给我的第一次改变，同样是探险，如何从一个极端的个人主义，变成表现自己的同时兼顾环境。
第二次是2013年去剑桥大学划赛艇，这个时候我已经有12年的赛艇经验了，但真正体会到这项运动的精神、对个人修养的意义是在剑桥大学。同样是团队运动，篮球、足球以明星运动员为中心，但赛艇运动没有明星。比如说两人划桨，要是一强一弱就转弯了，强的肯定要照顾弱的，弱的也不能让强的照顾，不然就慢了，弱的会用最大努力跟上强的。这样就会发现最后会把“自我”形成“无我”，又把“无我”形成一个整体。剑桥、牛津有那么多体育运动，赛艇发展成为了一年一度的万人空巷的项目，全国转播、上亿人收看的运动，魅力就在这里。我体会到这对企业管理太重要了，太受启发了。
04
企业家要接受挑战
何伟：在咱们国家，民营企业家应该具备什么样的特质？改革开放以来那么多坎儿都过来了，我想您是有许多感悟的，您现在的心态是怎么样的？
王石：在改革开放30年的时候，我用过两句话、六个字来表达我的感受：第一句话是回顾过去，想不到；第二句话是看看未来，不确定。现在又10年过去了，我觉得依然可以用这两句话、六个字来表达我的感受。10年前，怎么有想象力也想象不到中国能有现在的影响力，以及在当今世界上的地位。现在受疫情影响，未来真的还是不确定。
企业家无论做什么，都是要接受挑战的，看你能不能接受失败的压力。我曾经非常喜欢引用巴顿将军的一句话：衡量一个人成功的标志，不是看他登到顶峰的高度，而是看他跌到谷底的反弹力。这也是为什么我这么欣赏褚时健先生，他在巅峰时期带领红塔山与世界级香烟品牌PK，售价甚至价格更高，每年利税上百亿，令我十分佩服。但我更佩服的是，他跌入谷底之后的反弹力，又创造了褚园、褚橙。
至于心态，我觉得过去的一个礼拜过得非常愉快。为了身材，我已经10年不吃火锅了，但过去一个礼拜我连续三个晚上吃了火锅，“大开杀戒”啊！我已经10年不登山了，登雪山是要靠脂肪的，进山前要猛吃猪肉、牛肉，自己一定要圆鼓鼓的才能经得住消耗，不登山就可以保持身材了。但过去一个礼拜连续登山，消耗大，连吃三顿火锅我开心“死”了。你说有钱之后可以各种山珍海味，各种享受、追求是吧，但我连吃三顿火锅，就已经满意“死”了。一定要把握住自己，感恩、知足，这就是好的心态。
05
把不确定作为新常态
何伟：新冠肺炎疫情突如其来，且仍在世界范围内蔓延。疫情对社会的影响，您怎么看？
王石：很重要的一点是，面对未来，要把不确定，把“灰犀牛”、“黑天鹅”当成一种新常态。2004年（深圳特区）30周年的时候，深圳推出两个人，一个王石，一个马化腾，一个是80年代，一个90年代之后的，我当时还有点不以为然。但很快就发现了，完全不同的时代到来了，就是这样的互联网时代。我发现我确实不适应这个时代，但是我要适应。面对这样一个不确定的疫情，我就特别想讲一讲，疫情之后我做了什么事情，是怎么做的？
去年我组建了两个基金会，一个是农村可持续发展基金会，一个是猛犸公益基金会。农村可持续发展基金和延安大学合作建立了农村发展研究院，要做一个明日地平线大讲堂，原定由我在一年内做10场讲座。刚举办两场之后，疫情来了，线下不能办了，被迫转为网上视频直播。第一个礼拜做了四场直播，第二个礼拜做了五场，突然成了网红节目。我就明白，网上直播虽然不能完全取代线下，但主流已经不是线下了，网上直播的频率比之前高多了，教学素材也更丰富。这一直播不要紧，抖音、快手等各方面都找过来了，我们成为了一个非常好的内容提供商了。
21世纪已经是生命基因时代，但基因测序当前的主要应用，还是在科研、教学和医疗上，社会对它的认知还停留在很粗浅的水平，很需要科普。猛犸基金会做的事情就是搞科普，在高校、中学建立基因测序实验室，让孩子们在分子生物层面来观察生命，来认识生命。疫情发生后，我们马上决定给20家医院的实验室升级或者捐建核酸测试实验室。也就是原来每天测试能力200份的医院，给它升级到400份；原来没有实验室的，只要卫健委同意，马上捐建实验室。当我们做到16家医院的时候，国内疫情得到了有效控制，不需要了，这就是我们国家的厉害之处。
猛犸基金即刻转战国际，向日本捐赠了试剂盒，一炮打响。紧接着多个国家的使馆来向猛犸基金要试剂盒，我们的试剂盒给到了40多个国家。后来我说“打住”，给试剂盒没有技术含量，我们开始在国际上捐赠实验室，或者给当地的实验室能力进行升级。第一家在塞尔维亚，实验室已经建好了，对方总理出席线上仪式祝贺。我们预计，我们给国际上捐建或者升级的实验室，至少20家。
现在再想想，疫情控制住了以后，猛犸基金会想在中学、大学做这个实验室，可能不止基因测序，是更综合的实验室了，有没有响应？这都可以想象。我想说的是，发生的任何不确定，都是给有准备的人的机会。
同花顺上线「疫情地图」
点击查看：新型肺炎疫情实时动态地图>>>
关注同花顺财经（ths518），获取更多机会
(function(){var obj = null;if(document.getElementById('arctTailMark')) {obj = document.getElementById('arctTailMark');}if(obj!=null){var str = '(image_address=""http://i.thsi.cn/images/article/logo.jpg"")  返回首页';var showed = 0;try{var oo = obj.previousSibling;while(oo.nodeType!=1 || oo.innerHTML.replace(/\s|\u3000/g,'').length==0){oo = oo.previousSibling;}if(oo.nodeType==1 && oo.tagName.toLowerCase()=='p') {var span = document.createElement('span');span.innerHTML =str;oo.appendChild(span);showed = 1;}}catch (e){}if(showed == 0){obj.innerHTML =str;}}})();
责任编辑：cyf",2020-06-04 19:51:48,同花顺
33,香港4月私楼落成量2508伙 按月升约77.5%,"6月4日，香港差估署资料显示，4月私楼落成量2508伙，较3月的1413伙，上升77.49%。
今年首四个月累积落成量合共6252伙，占当局预测全年私楼落成量20854伙中约29.98%；期内，新界区占5537伙、港岛及九龙区占390及325伙。
同花顺上线「疫情地图」
点击查看：新型肺炎疫情实时动态地图>>>
关注同花顺财经（ths518），获取更多机会
(function(){var obj = null;if(document.getElementById('arctTailMark')) {obj = document.getElementById('arctTailMark');}if(obj!=null){var str = '(image_address=""http://i.thsi.cn/images/article/logo.jpg"")  返回首页';var showed = 0;try{var oo = obj.previousSibling;while(oo.nodeType!=1 || oo.innerHTML.replace(/\s|\u3000/g,'').length==0){oo = oo.previousSibling;}if(oo.nodeType==1 && oo.tagName.toLowerCase()=='p') {var span = document.createElement('span');span.innerHTML =str;oo.appendChild(span);showed = 1;}}catch (e){}if(showed == 0){obj.innerHTML =str;}}})();
责任编辑：cyf",2020-06-04 19:50:55,同花顺
34,商务部回应经贸热点！中国没有出现外资撤离、产业链供应链外迁情况 坚决支持香港维护单独关税区地位,"6月4日，商务部举行网上例行新闻发布会。新闻发言人高峰回应了多个经贸热点问题并介绍了商务部支持湖北疫后经济发展的新政。
4月当月服务出口增长由负转正
高峰介绍，今年1-4月，我国服务进出口总额15144.3亿元，同比下降13.2%。4月当月，我国服务进出口总额3616.6亿元人民币，下降20.1%。
高峰表示，今年1-4月我国服务贸易主要呈现以下特点：
一是4月当月服务出口增长由负转正。随着我国采取的一系列推动企业复工复产和稳外贸稳外资的政策措施初显成效，4月当月我国服务出口1612.9亿元人民币，同比增长3.5%，扭转了疫情发生以来单月出口连续下降的局面。其中，知识产权使用费出口57.4亿元，增长54.9%；个人文化娱乐服务出口9.8亿元，增长28.9%；电信计算机和信息服务出口382.2亿元，增长28.5%；运输出口312.3亿元，增长23.3%；保险服务出口30.2亿元，增长20.3%。
二是服务贸易逆差大幅减少。4月，我国服务进口2003.2亿元，下降32.5%；服务贸易逆差同比下降72.3%至390.3亿元，减少1019.2亿元。1-4月，我国服务贸易逆差同比下降40%至3033.6亿元，减少2023.7亿元。
三是知识密集型服务贸易占比继续提高。4月当月，知识密集型服务进出口1704.3亿元人民币，增长3.8%，占服务进出口总额的比重达到47.1%，提升10.8个百分点。1-4月，知识密集型服务进出口6373.7亿元，增长6.7%，占服务进出口总额的比重达到42.1%，提升7.9个百分点。
2020年完成中欧投资协定谈判目标未变
高峰说，去年第二十一次中欧领导人会晤宣布将于2020年完成中欧投资协定谈判，这一目标并未改变。中欧双方均高度重视，希望协定早日惠及双方企业和投资者。近几个月来，双方谈判团队克服疫情带来的困难，积极推进谈判，3月-5月共举行了三轮谈判，工作富有成效。中欧双方于5月25-29日以视频方式举行了第二十九轮中欧投资协定谈判。双方围绕协定文本和清单出价进行了磋商，取得积极进展。目前，双方已经商定了未来几个月的谈判安排。
在回应媒体关于英国近期将号召G7成员国与印度、澳大利亚和韩国组成D10联盟，旨在摆脱5G领域对华依赖的报道时，高峰表示，中国电信设备企业在包括英国在内的许多国家经营多年，为当地经济社会发展做出了积极贡献。他强调，当前，全球经济正面对疫情带来的巨大挑战，各国应展现团结，加强合作，共同克服面临的困难。中方反对任何国家违反世贸组织规则，对中国和中国企业采取歧视性做法。中英两国都是经济全球化和贸易自由化的重要参与者、支持者、贡献者，在当前这个特殊时期，两国更应该共同维护贸易投资自由化便利化，反对任何形式的保护主义。
高峰表示，中方将坚定地维护多边贸易体制，积极构建立足周边、辐射“一带一路”、面向全球的高标准自贸区网络。我们希望各方能够秉持人类命运共同体理念，携手共同推动经济全球化和贸易自由化，实现互利共赢、共同发展。
对于如何看待下一阶段中国外贸发展走势。高峰重申，目前看，不确定不稳定因素仍然较多。同时，中国外贸发展的韧性强、潜力足、回旋余地大，长期向好的发展趋势没有改变。
中国没有出现外资撤离、产业链供应链外迁情况
在稳外资方面，高峰表示，目前，中国没有出现外资撤离、产业链供应链外迁的情况。相反，我们注意到，由于中国稳定的营商环境、较强的综合竞争优势、超大规模的市场优势和内需潜力，许多跨国公司正考虑在中国扩张产业链。
“我们将坚定不移扩大对外开放，继续放宽外资市场准入，扩大鼓励外商投资范围，推动国内产业链供应链提质升级，积极构建国内国际双循环相互促进的新发展格局。”高峰说。
坚决支持香港维护单独关税区地位
针对某些国家威胁取消香港单独关税区地位的话题，高峰表示，香港单独关税区地位的法律基础源自世贸组织协定，不是来自某一成员的单独赋予。中方将坚定不移贯彻“一国两制”方针，坚决反对外部势力干预香港事务，坚决支持香港维护单独关税区地位，坚定支持香港巩固和提升国际金融、贸易、航运中心地位。国家始终是香港繁荣发展的坚强后盾。
商务部出手支持湖北疫后经济重振
商务部网站同日公布了《关于支持中国（湖北）自由贸易试验区 加快发展若干措施的通知》，在提升贸易发展质量、优化营商环境、完善市场运行机制、深化国际经贸合作、加强组织保障等5个方面推出24项具体措施，支持湖北自贸试验区发挥全面深化改革和扩大开放试验田的作用，激发市场主体活力，增强发展新动能。此举旨在进一步加大对湖北疫后重振的支持力度。
文件提出了六项提升湖北贸易发展质量的举措，点名了武汉、襄阳、宜昌三座城市。
一是支持湖北自贸试验区建设国家外贸转型升级基地，发挥基地对外贸高质量发展的示范带动作用。
二是发挥自贸试验区创新引领作用，支持武汉跨境电子商务综合试验区建设，积极培育跨境电商等贸易新业态新模式。
三是发挥自贸试验区制度创新优势，支持武汉、襄阳、宜昌开展跨境电商零售进口试点。
四是支持湖北自贸试验区服务贸易创新发展。支持武汉以自贸片区为核心，进一步深化服务贸易创新发展试点，在完善管理体制、扩大对外开放、健全促进机制、创新政策体系等方面先行先试，打造服务贸易发展高地。支持襄阳片区和宜昌片区借鉴服务贸易创新发展试点经验和典型案例做法，推动服务贸易加快发展。
五是支持襄阳和宜昌以自贸片区为核心，充分发挥自贸试验区制度优势与对外开放优势，大力承接信息技术、生物医药研发、管理咨询、工程设计等服务外包业务，积极创建中国服务外包示范城市。
六是支持在湖北建立商务部应对贸易摩擦工作站，积极为自贸试验区内企业开展贸易摩擦预警和法律服务相关工作,指导湖北自贸试验区视情开展贸易调整援助工作。
文件还提出，支持湖北自贸试验区结合发展定位先行先试，探索建立反向定制（C2M）产业基地，推动产业链深度融合；支持有关片区开展供应链创新与应用试点，完善战略性新兴产业供应链体系；为培育建设国际消费中心城市提供指导，推进消费升级、服务升级。
中央制定了支持湖北重振的一揽子政策，除了商务部，国务院国资委日前也已经行动起来。
6月3日，国务院国资委与湖北省委、省政府共同举办中央企业助力湖北疫后重振发展视频会议。国资委旗下近百家央企掌门人在各自分会场全部参加；72个签约项目，总投资近3300亿元，平均每个项目投资超45亿元。
据了解，从行业类别看，新能源、新基建、战略性新兴产业、生态环保、智能制造、信息技术等项目占签约项目一半以上。
国务院发展研究中心产业经济部部长、研究员赵昌文认为，中央制定了支持湖北重振的一揽子政策，但政策是阶段性的，湖北今后社会经济发展应转到主要依靠改革、开放和创新驱动的轨道上来。
为支持商贸流通领域小微企业，商务部将会同有关部门，以推动发展小店经济为主要抓手，加快小店便民化、特色化、数字化发展，推动形成多层次、多类别的小店经济体系，促进商贸流通小微企业增加就业、扩大消费、提升经济活力。
根据商务部监测，截至6月1日，零售各业态限额以上企业复工率超过95%，商务部确定的11条改造提升试点步行街店铺开业率达到了94.5%，客流量和营业额分别恢复到去年同期的80.3%和81.6%；5月下旬，重点监测零售企业日均销售额比5月中旬增长4.8%。另据国家统计局数据，5月份零售业、餐饮业商务活动指数保持在55%以上，其中，零售业商务活动指数连续三个月在50%的荣枯线以上，餐饮业连续两个月在荣枯线以上。
“消费市场保持回暖复苏的良好态势。”高峰说。
同花顺上线「疫情地图」
点击查看：新型肺炎疫情实时动态地图>>>
关注同花顺财经（ths518），获取更多机会
(function(){var obj = null;if(document.getElementById('arctTailMark')) {obj = document.getElementById('arctTailMark');}if(obj!=null){var str = '(image_address=""http://i.thsi.cn/images/article/logo.jpg"")  返回首页';var showed = 0;try{var oo = obj.previousSibling;while(oo.nodeType!=1 || oo.innerHTML.replace(/\s|\u3000/g,'').length==0){oo = oo.previousSibling;}if(oo.nodeType==1 && oo.tagName.toLowerCase()=='p') {var span = document.createElement('span');span.innerHTML =str;oo.appendChild(span);showed = 1;}}catch (e){}if(showed == 0){obj.innerHTML =str;}}})();
责任编辑：cyf",2020-06-04 19:50:46,同花顺
35,6月3日发送旅客2353.9万人次,"6月3日，全国铁路、道路、水路、民航发送旅客总量为2353.9万人次，环比增长0.13%，同比下降49.09%。
其中：
铁路发送旅客500.2万人次，环比下降2.19%，同比下降45.8%;
道路发送旅客1718万人次，环比增长0.70%，同比下降50.39%；
水路发送旅客41.92万人次，环比下降2.35%，同比下降46.00%；
民航发送旅客93.78万人次，环比增长3.67%，同比下降41.50%；
全国高速公路网车流量2724.20万辆次，环比上升1.42%，同比下降2.67%。
注：道路、水路客运量及总量同比数为去年同月日均客运量。
同花顺上线「疫情地图」
点击查看：新型肺炎疫情实时动态地图>>>
关注同花顺财经（ths518），获取更多机会
(function(){var obj = null;if(document.getElementById('arctTailMark')) {obj = document.getElementById('arctTailMark');}if(obj!=null){var str = '(image_address=""http://i.thsi.cn/images/article/logo.jpg"")  返回首页';var showed = 0;try{var oo = obj.previousSibling;while(oo.nodeType!=1 || oo.innerHTML.replace(/\s|\u3000/g,'').length==0){oo = oo.previousSibling;}if(oo.nodeType==1 && oo.tagName.toLowerCase()=='p') {var span = document.createElement('span');span.innerHTML =str;oo.appendChild(span);showed = 1;}}catch (e){}if(showed == 0){obj.innerHTML =str;}}})();
责任编辑：cyf",2020-06-04 19:50:28,同花顺
36,王石：做不完的人生“证明题”,"从万科淡出之后，王石从未淡出公众视野。
(image_address=""http://e.thsi.cn/img/cfd771f5b2a1e12e"")
万科创始人、董事会名誉主席王石 （宋春雨/摄）
三个小时访谈、近四万字速记，这是万科创始人王石留给我们的问答“题库”。在这些“题库”中，王石复盘了自己的若干人生“证明题”。
时间回到2017年6月30日，也就是“万宝之争”大结局的日子：这一天，万科召开股东大会，王石正式卸任董事会主席，尽管王石当时表现得很洒脱，但这一天终究是其人生的重要分野。
在此之前，王石在多个赛道衔枚疾进，留下一道道令人艳羡的“证明题”：
2003年王石首次登上珠峰，之后两年踏遍七大洲最高峰；2005年前后，王石带领万科成为世界最大的房地产企业；2011年去哈佛游学，他称之为“百战归来再读书”；2014年9月，酷爱赛艇运动的王石，当选亚洲赛艇联合会主席……
毋庸置疑，王石能在其他赛道纵横自如，离不开万科掌门人身份加持。他挥别万科之初，想必也很落寞，就像他1999年辞任总经理时那样――“尝到了各种失落感，难受极了”。不过，王石很快重新出发，找到证明自己的新赛道。
――他接受华大基因（300676）创始人汪建邀请，出任华大控股联席董事长。新冠疫情刚爆发，他参与创办的猛犸公益基金率先在全国征集20家核酸测试实验室，并第一时间向日本国立传染病研究所捐赠新冠病毒检测试剂盒。
――王石更加醉心公益与慈善事业，在他看来，如何把钱花得有价值、有公信力，甚至比挣钱还要难。4月份他牵头向清华大学捐赠巨额万科股票，设立清华大学共建公共卫生与健康学院。他解释说，自己十年前就想建一所国际一流儿童医院，这次捐赠“了却一桩心愿”。
――王石依然酷爱运动，登山、滑雪、赛艇、攀岩……就在我们采访前不久，他在8天之内完成了“深圳十峰”的攀登打卡，并因为分泌了“非常多的多巴胺”而自喜。
――王石也在积极创业，创办了企业家培训项目“深潜”。他坦陈“万科已经翻篇”，作为企业家还是要积极创造财富，并落实到个人资产负债表上：总资产减去总负债，剩下的净资产才是自己真正的财富。
就在去年，王石还出版了自己的第三本书――《我的改变：个人的现代化40年》，从《道路与梦想：我与万科》再到《大道当然：我与万科》，他正在有意拉远与万科的距离。
从万科淡出之后，王石从未淡出公众视野。
他告诉我们，自己很喜欢巴顿将军这句名言：“衡量一个人的成功标志，不是看他登到顶峰的高度，而是看他跌到低谷的反弹力。”不过褚时健才是王石的偶像。褚老75岁高龄重新出发，以耄耋之躯创立了个人品牌“褚橙”――惺惺相惜，王石也以亲送褚老最后一程而感到释然。
由此我们不难理解，为什么王石告别万科之后依然激情满满，忙于一道道人生“证明题”，因为他要用行动证明：自己有很棒的身体，自己有创造财富的能力，自己在跌到低谷之后依然有充足的反弹力！
当然，王石是人不是神，对于剧烈运动，他也坦言过程并不幸福甚至非常痛苦，但是享受运动之后的快感――攀登“深圳十峰”期间，他连续三个晚上吃火锅，美其名曰“大开杀戒”。对于哈佛那段游学经历，他倍感“压力山大”甚至一度想放弃――有一次忙于写作业，听到窗外鸟鸣声，才发现东方既白。
重视家庭――这是王石挂在嘴边的高频词。他在餐桌上告诉我们：自己人生的一大遗憾，就是没能在老父亲健在的时候好好陪陪他。不过他用行动弥补遗憾：他把老母亲接到身边，陪伴她走完人生的最后十年。老人家最后几年记忆力严重衰退，但是王石体味到“陪伴是最长情的告白”，他话锋一转：“我是支持安乐死的，希望最后能有尊严地离开！”
王石也有一颗“玻璃心”！其倔强甚至倨傲的外表之下，分明是乐观主义与悲观主义的复合体。他骨子里应该是一个悲观的乐观主义者，因为他对这个日新月异的世界依然充满好奇，热衷手机直播，与年轻人交流没有代沟。
王石曾经说过，登山是人生的浓缩，“我仍需要继续攀登一座峰，就是每个人心中的那座峰”……他告诉我们，自己下一个目标就是打造一家在国际上有影响力的中国民间NGO组织，或许这就是他心中的那座峰，也是他急于求解的下一道“证明题”！
同花顺上线「疫情地图」
点击查看：新型肺炎疫情实时动态地图>>>
关注同花顺财经（ths518），获取更多机会
(function(){var obj = null;if(document.getElementById('arctTailMark')) {obj = document.getElementById('arctTailMark');}if(obj!=null){var str = '(image_address=""http://i.thsi.cn/images/article/logo.jpg"")  返回首页';var showed = 0;try{var oo = obj.previousSibling;while(oo.nodeType!=1 || oo.innerHTML.replace(/\s|\u3000/g,'').length==0){oo = oo.previousSibling;}if(oo.nodeType==1 && oo.tagName.toLowerCase()=='p') {var span = document.createElement('span');span.innerHTML =str;oo.appendChild(span);showed = 1;}}catch (e){}if(showed == 0){obj.innerHTML =str;}}})();
责任编辑：cyf",2020-06-04 19:48:58,同花顺
37,湖北自贸试验区！商务部重磅发声 超强经济信号,"为进一步加大对湖北疫后重振的支持力度，近日，商务部出台了支持中国（湖北）自由贸易试验区加快发展的若干措施，推出24项具体措施，推动湖北自贸试验区高质量发展。这些措施包括：
培育湖北外贸发展新动能。支持湖北自贸试验区建设国家外贸转型升级基地、开展跨境电商零售进口试点，支持相关片区建设跨境电子商务综合试验区、创建服务外包示范城市等。
建立健全外商投资促进、投资服务、投资保护等工作机制。积极为湖北自贸试验区外资企业纾困解难，推进重点外资项目落地，支持企业复工复产，不断优化营商环境。
支持湖北自贸试验区结合发展定位先行先试，探索建立反向定制产业基地，推动产业链深度融合；支持有关片区开展供应链创新与应用试点，完善战略性新兴产业供应链体系；为培育建设国际消费中心城市提供指导，推进消费升级、服务升级。
利用双边经贸合作机制和中国国际进口博览会、中国-北欧经贸合作论坛等展会、论坛平台，发挥驻外经商机构作用，积极支持湖北自贸试验区开展国际采购、投资促进、人文交流等国际经贸合作。
支持湖北自贸试验区进一步做好制度创新成果复制推广工作，围绕战略定位深入开展差别化探索，加强人员交流及专题培训，推动湖北自贸试验区高质量发展。
同花顺上线「疫情地图」
点击查看：新型肺炎疫情实时动态地图>>>
关注同花顺财经（ths518），获取更多机会
(function(){var obj = null;if(document.getElementById('arctTailMark')) {obj = document.getElementById('arctTailMark');}if(obj!=null){var str = '(image_address=""http://i.thsi.cn/images/article/logo.jpg"")  返回首页';var showed = 0;try{var oo = obj.previousSibling;while(oo.nodeType!=1 || oo.innerHTML.replace(/\s|\u3000/g,'').length==0){oo = oo.previousSibling;}if(oo.nodeType==1 && oo.tagName.toLowerCase()=='p') {var span = document.createElement('span');span.innerHTML =str;oo.appendChild(span);showed = 1;}}catch (e){}if(showed == 0){obj.innerHTML =str;}}})();
责任编辑：cyf",2020-06-04 19:48:40,同花顺
38,凯赛生物：高科技硬核企业 不惧竞争脱颖而出,"上海凯赛生物技术股份有限公司（以下简称“凯赛生物”）是一家以合成生物学等学科为基础，利用生物制造技术，从事新型生物基材料的研发、生产及销售的高新技术企业。公司目前实现商业化生产的产品主要聚焦酰胺产业链，为生物基聚酰胺以及可用于生物基聚酰胺生产的原料，是全球领先的利用生物制造规模化生产新型材料的企业之一。
硬核技术代表世界级水准 优势突出
凯赛生物拥有四大核心技术包括：利用合成生物学手段，开发微生物代谢途径和构建高效工程菌；微生物代谢调控和微生物高效转化技术；生物转化/发酵体系的分离纯化技术和聚合工艺及其下游应用开发技术。据公开资料显示，公司核心技术均应用于公司主营业务上，技术先进性直接反映在公司产品的质量、性能、客户认可度及经济性上。
值得一提的是公司生产的生物法长链二元酸系列产品，随着技术的升级进步和产量的提高，已经稳稳占据全球市场主导地位，是行业中当之无愧的领军者。更值得注意的是，以生物合成技术为杠杆，凯赛生物成功动摇了以英威达为代表的化学合成巨头的垄断地位。长链二元酸早在20余年前已在生物实验室实现生物转化，但由于技术瓶颈、产出率低、成本高和产品质量不达标，无法实现产业化。而凯赛生物自成立起，不断加大对长链二元酸的研发成本和时间精力，通过无数次尝试、改进、提升，最终实现商业化。
与此同时，凯赛生物主攻的生物基材料不仅具有商业价值，更具有极强的科学价值与社会意义。
硬核维权紧握核心专利 不惧竞争
凯赛生物的核心竞争力不仅体现在其主要产品的绝对市场占有率上，更体现在其核心技术研发和掌握能力中。凯赛生物自创立以来，经过近二十年的研发投入和技术积累，在生物制造领域积累了深厚的经验，已发展成为全球知名的生物制造理论技术及产业化方法研发、制造平台，设有合成生物学、细胞工程、生物化工、高分子材料与工程等学科的研发团队，并拥有上百项专利。
虽然此前，凯赛生物曾经历了长达十年的漫漫维权之路，但在其不懈努力和坚持下，经过一审、终审并经最高院的再审，凯赛生物均胜诉，所涉10项专利/专利申请的权属全部归属凯赛，目前已不存在权属纠纷。对科技创新型企业而言，研发投入所产出技术成果的权利载体是知识产权，知识产权保护对于公司未来的市场收益至关重要。而权属的确认也增强了凯赛生物在长链二元酸核心技术的知识产权保护壁垒。
通过公开资料不难发现，凯赛生物既有稳定增长的金牛产品，也有快速增长的明星产品，还有多项储备技术有望在远期提供增长。公司同时具备技术实力、行业地位和财务基础，产品格局使收入处在快速上升通道中，生物技术的多种可能性也为它筑起了更高的护城河。
同花顺上线「疫情地图」
点击查看：新型肺炎疫情实时动态地图>>>
关注同花顺财经（ths518），获取更多机会
(function(){var obj = null;if(document.getElementById('arctTailMark')) {obj = document.getElementById('arctTailMark');}if(obj!=null){var str = '(image_address=""http://i.thsi.cn/images/article/logo.jpg"")  返回首页';var showed = 0;try{var oo = obj.previousSibling;while(oo.nodeType!=1 || oo.innerHTML.replace(/\s|\u3000/g,'').length==0){oo = oo.previousSibling;}if(oo.nodeType==1 && oo.tagName.toLowerCase()=='p') {var span = document.createElement('span');span.innerHTML =str;oo.appendChild(span);showed = 1;}}catch (e){}if(showed == 0){obj.innerHTML =str;}}})();
责任编辑：xr",2020-06-04 19:48:40,同花顺
39,同业存单到期收益率上行 银行揽储压力显现,"北京商报讯临近年中，银行的揽储压力有所上升。6月4日，据中国货币网披露的最新数据显示，同业存单收益率较上个月小幅上涨。其中，对应城商行和农商行的同业存单到期收盘收益率AA+曲线，一个月期收益率为1.6369%，比5月初高出约0.32个百分点。分析人士指出，受年中考核压力等因素影响，同业存单的发行利率有所上升。
在国有银行和股份制银行方面，对应国有大行的同业存单（AAA+）到期收盘收益率曲线，一个月期收益率为1.4889%，较5月初上涨0.425个百分点；对应股份制银行的同业存单（AAA）到期收盘一个月期收益率为1.5030%，比5月初的1.0773%高约0.426个百分点。
对于同业存单收益率的上涨，苏宁金融研究院高级研究员陶金表示，尽管上周央行放量投放逆回购，但近几日银行体系流动性明显收紧，带动了同业存单收益率上行。对于不同类型银行对应的同业存单收益率涨幅不同的情况，陶金认为，地方银行因为《关于加大小微企业信用贷款支持力度的通知》（以下简称《通知》）中对地方法人银行的普惠小微贷款的购买政策，获得了更多流动性支持，令其同业存单利率上行幅度较小。
在收益率上涨的同时，同业存单的发行量也开始增多。据上海清算所公布的清算结算与发行托管业务每日统计信息，6月3日共发行86只同业存单，相较6月1日的47只、6月2日的46只增长明显。今年5月同业存单的需求较为平淡，当月同业存单发行数量为2121只，发行金额达到10873.1亿元，相较4月的2273只、13262.5亿元有所下滑。
从银行类别来看，中小银行资金压力更为紧张。根据中国货币网披露的同业存单发行信息表，5月1日至6月4日16时许，商业银行发行的同业存单共计2395只，发行规模达到11389.3亿元。在2395只同业存单中，中小银行合计发行1999只，占比超过八成；股份制银行和国有银行分别发行347只和36只。
从单个同业存单收益率也可看出中小银行的资金压力。以1个月期同业存单为例，锦州银行、辽阳银行、温州民商银行、贵州兴义农商行、云南普洱思茅农商行等多家银行发行的同业存单参考收益率已超过2%；而兴业银行、浦发银行等同期发行的存单收益率仅在1.15%左右。
中小银行对同业存单的依赖与其揽储能力较弱有关。邮储银行（601658）战略发展部研究员娄飞鹏表示，目前临近年中，商业银行面临MPA（宏观审慎评估体系）等考核压力，资金压力较大，此时便采用提高同业存单发行利率的方式来吸引资金。中小银行受限于网点、知名度、产品不足等因素，本身吸储压力较大，而且难以从央行的公开市场操作中获得流动性支持，因而对同业存单的依赖度较高。
监管机构近期也采取措施，缓解中小银行资金压力。央行日前发布《通知》，明确自6月1日起，央行通过创新货币政策工具使用4000亿元再贷款专用额度，购买符合条件的地方法人银行2020年3月1日-12月31日期间新发放普惠小微信用贷款的40%。在分析人士看来，这不仅支持小微企业和实体经济，也有助于缓解中小银行的资金压力。娄飞鹏表示，保持流动性合理充裕是货币政策的目标，从这个角度看同业存单利率走势大概率趋于稳定，也不排除在半年的时间点过后有所下行。另外，除了同业负债外，存款也是银行的主要负债来源。在面临吸储压力较大的情况下，中小银行需要跳出存款发展存款，要通过发展资产业务、中间业务等吸收沉淀存款。
同花顺上线「疫情地图」
点击查看：新型肺炎疫情实时动态地图>>>
关注同花顺财经（ths518），获取更多机会
(function(){var obj = null;if(document.getElementById('arctTailMark')) {obj = document.getElementById('arctTailMark');}if(obj!=null){var str = '(image_address=""http://i.thsi.cn/images/article/logo.jpg"")  返回首页';var showed = 0;try{var oo = obj.previousSibling;while(oo.nodeType!=1 || oo.innerHTML.replace(/\s|\u3000/g,'').length==0){oo = oo.previousSibling;}if(oo.nodeType==1 && oo.tagName.toLowerCase()=='p') {var span = document.createElement('span');span.innerHTML =str;oo.appendChild(span);showed = 1;}}catch (e){}if(showed == 0){obj.innerHTML =str;}}})();",2020-06-04 19:47:56,同花顺
40,同业存单到期收益率上行 银行揽储压力显现,"北京商报讯临近年中，银行的揽储压力有所上升。6月4日，据中国货币网披露的最新数据显示，同业存单收益率较上个月小幅上涨。其中，对应城商行和农商行的同业存单到期收盘收益率AA+曲线，一个月期收益率为1.6369%，比5月初高出约0.32个百分点。分析人士指出，受年中考核压力等因素影响，同业存单的发行利率有所上升。
在国有银行和股份制银行方面，对应国有大行的同业存单（AAA+）到期收盘收益率曲线，一个月期收益率为1.4889%，较5月初上涨0.425个百分点；对应股份制银行的同业存单（AAA）到期收盘一个月期收益率为1.5030%，比5月初的1.0773%高约0.426个百分点。
对于同业存单收益率的上涨，苏宁金融研究院高级研究员陶金表示，尽管上周央行放量投放逆回购，但近几日银行体系流动性明显收紧，带动了同业存单收益率上行。对于不同类型银行对应的同业存单收益率涨幅不同的情况，陶金认为，地方银行因为《关于加大小微企业信用贷款支持力度的通知》（以下简称《通知》）中对地方法人银行的普惠小微贷款的购买政策，获得了更多流动性支持，令其同业存单利率上行幅度较小。
在收益率上涨的同时，同业存单的发行量也开始增多。据上海清算所公布的清算结算与发行托管业务每日统计信息，6月3日共发行86只同业存单，相较6月1日的47只、6月2日的46只增长明显。今年5月同业存单的需求较为平淡，当月同业存单发行数量为2121只，发行金额达到10873.1亿元，相较4月的2273只、13262.5亿元有所下滑。
从银行类别来看，中小银行资金压力更为紧张。根据中国货币网披露的同业存单发行信息表，5月1日至6月4日16时许，商业银行发行的同业存单共计2395只，发行规模达到11389.3亿元。在2395只同业存单中，中小银行合计发行1999只，占比超过八成；股份制银行和国有银行分别发行347只和36只。
从单个同业存单收益率也可看出中小银行的资金压力。以1个月期同业存单为例，锦州银行、辽阳银行、温州民商银行、贵州兴义农商行、云南普洱思茅农商行等多家银行发行的同业存单参考收益率已超过2%；而兴业银行、浦发银行等同期发行的存单收益率仅在1.15%左右。
中小银行对同业存单的依赖与其揽储能力较弱有关。邮储银行（601658）战略发展部研究员娄飞鹏表示，目前临近年中，商业银行面临MPA（宏观审慎评估体系）等考核压力，资金压力较大，此时便采用提高同业存单发行利率的方式来吸引资金。中小银行受限于网点、知名度、产品不足等因素，本身吸储压力较大，而且难以从央行的公开市场操作中获得流动性支持，因而对同业存单的依赖度较高。
监管机构近期也采取措施，缓解中小银行资金压力。央行日前发布《通知》，明确自6月1日起，央行通过创新货币政策工具使用4000亿元再贷款专用额度，购买符合条件的地方法人银行2020年3月1日-12月31日期间新发放普惠小微信用贷款的40%。在分析人士看来，这不仅支持小微企业和实体经济，也有助于缓解中小银行的资金压力。娄飞鹏表示，保持流动性合理充裕是货币政策的目标，从这个角度看同业存单利率走势大概率趋于稳定，也不排除在半年的时间点过后有所下行。另外，除了同业负债外，存款也是银行的主要负债来源。在面临吸储压力较大的情况下，中小银行需要跳出存款发展存款，要通过发展资产业务、中间业务等吸收沉淀存款。
同花顺上线「疫情地图」
点击查看：新型肺炎疫情实时动态地图>>>
关注同花顺财经（ths518），获取更多机会
(function(){var obj = null;if(document.getElementById('arctTailMark')) {obj = document.getElementById('arctTailMark');}if(obj!=null){var str = '(image_address=""http://i.thsi.cn/images/article/logo.jpg"")  返回首页';var showed = 0;try{var oo = obj.previousSibling;while(oo.nodeType!=1 || oo.innerHTML.replace(/\s|\u3000/g,'').length==0){oo = oo.previousSibling;}if(oo.nodeType==1 && oo.tagName.toLowerCase()=='p') {var span = document.createElement('span');span.innerHTML =str;oo.appendChild(span);showed = 1;}}catch (e){}if(showed == 0){obj.innerHTML =str;}}})();",2020-06-04 19:47:56,同花顺
41,同业存单到期收益率上行 银行揽储压力显现,"北京商报讯临近年中，银行的揽储压力有所上升。6月4日，据中国货币网披露的最新数据显示，同业存单收益率较上个月小幅上涨。其中，对应城商行和农商行的同业存单到期收盘收益率AA+曲线，一个月期收益率为1.6369%，比5月初高出约0.32个百分点。分析人士指出，受年中考核压力等因素影响，同业存单的发行利率有所上升。
在国有银行和股份制银行方面，对应国有大行的同业存单（AAA+）到期收盘收益率曲线，一个月期收益率为1.4889%，较5月初上涨0.425个百分点；对应股份制银行的同业存单（AAA）到期收盘一个月期收益率为1.5030%，比5月初的1.0773%高约0.426个百分点。
对于同业存单收益率的上涨，苏宁金融研究院高级研究员陶金表示，尽管上周央行放量投放逆回购，但近几日银行体系流动性明显收紧，带动了同业存单收益率上行。对于不同类型银行对应的同业存单收益率涨幅不同的情况，陶金认为，地方银行因为《关于加大小微企业信用贷款支持力度的通知》（以下简称《通知》）中对地方法人银行的普惠小微贷款的购买政策，获得了更多流动性支持，令其同业存单利率上行幅度较小。
在收益率上涨的同时，同业存单的发行量也开始增多。据上海清算所公布的清算结算与发行托管业务每日统计信息，6月3日共发行86只同业存单，相较6月1日的47只、6月2日的46只增长明显。今年5月同业存单的需求较为平淡，当月同业存单发行数量为2121只，发行金额达到10873.1亿元，相较4月的2273只、13262.5亿元有所下滑。
从银行类别来看，中小银行资金压力更为紧张。根据中国货币网披露的同业存单发行信息表，5月1日至6月4日16时许，商业银行发行的同业存单共计2395只，发行规模达到11389.3亿元。在2395只同业存单中，中小银行合计发行1999只，占比超过八成；股份制银行和国有银行分别发行347只和36只。
从单个同业存单收益率也可看出中小银行的资金压力。以1个月期同业存单为例，锦州银行、辽阳银行、温州民商银行、贵州兴义农商行、云南普洱思茅农商行等多家银行发行的同业存单参考收益率已超过2%；而兴业银行、浦发银行等同期发行的存单收益率仅在1.15%左右。
中小银行对同业存单的依赖与其揽储能力较弱有关。邮储银行（601658）战略发展部研究员娄飞鹏表示，目前临近年中，商业银行面临MPA（宏观审慎评估体系）等考核压力，资金压力较大，此时便采用提高同业存单发行利率的方式来吸引资金。中小银行受限于网点、知名度、产品不足等因素，本身吸储压力较大，而且难以从央行的公开市场操作中获得流动性支持，因而对同业存单的依赖度较高。
监管机构近期也采取措施，缓解中小银行资金压力。央行日前发布《通知》，明确自6月1日起，央行通过创新货币政策工具使用4000亿元再贷款专用额度，购买符合条件的地方法人银行2020年3月1日-12月31日期间新发放普惠小微信用贷款的40%。在分析人士看来，这不仅支持小微企业和实体经济，也有助于缓解中小银行的资金压力。娄飞鹏表示，保持流动性合理充裕是货币政策的目标，从这个角度看同业存单利率走势大概率趋于稳定，也不排除在半年的时间点过后有所下行。另外，除了同业负债外，存款也是银行的主要负债来源。在面临吸储压力较大的情况下，中小银行需要跳出存款发展存款，要通过发展资产业务、中间业务等吸收沉淀存款。
同花顺上线「疫情地图」
点击查看：新型肺炎疫情实时动态地图>>>
关注同花顺财经（ths518），获取更多机会
(function(){var obj = null;if(document.getElementById('arctTailMark')) {obj = document.getElementById('arctTailMark');}if(obj!=null){var str = '(image_address=""http://i.thsi.cn/images/article/logo.jpg"")  返回首页';var showed = 0;try{var oo = obj.previousSibling;while(oo.nodeType!=1 || oo.innerHTML.replace(/\s|\u3000/g,'').length==0){oo = oo.previousSibling;}if(oo.nodeType==1 && oo.tagName.toLowerCase()=='p') {var span = document.createElement('span');span.innerHTML =str;oo.appendChild(span);showed = 1;}}catch (e){}if(showed == 0){obj.innerHTML =str;}}})();",2020-06-04 19:47:56,同花顺
42,同业存单到期收益率上行 银行揽储压力显现,"北京商报讯临近年中，银行的揽储压力有所上升。6月4日，据中国货币网披露的最新数据显示，同业存单收益率较上个月小幅上涨。其中，对应城商行和农商行的同业存单到期收盘收益率AA+曲线，一个月期收益率为1.6369%，比5月初高出约0.32个百分点。分析人士指出，受年中考核压力等因素影响，同业存单的发行利率有所上升。
在国有银行和股份制银行方面，对应国有大行的同业存单（AAA+）到期收盘收益率曲线，一个月期收益率为1.4889%，较5月初上涨0.425个百分点；对应股份制银行的同业存单（AAA）到期收盘一个月期收益率为1.5030%，比5月初的1.0773%高约0.426个百分点。
对于同业存单收益率的上涨，苏宁金融研究院高级研究员陶金表示，尽管上周央行放量投放逆回购，但近几日银行体系流动性明显收紧，带动了同业存单收益率上行。对于不同类型银行对应的同业存单收益率涨幅不同的情况，陶金认为，地方银行因为《关于加大小微企业信用贷款支持力度的通知》（以下简称《通知》）中对地方法人银行的普惠小微贷款的购买政策，获得了更多流动性支持，令其同业存单利率上行幅度较小。
在收益率上涨的同时，同业存单的发行量也开始增多。据上海清算所公布的清算结算与发行托管业务每日统计信息，6月3日共发行86只同业存单，相较6月1日的47只、6月2日的46只增长明显。今年5月同业存单的需求较为平淡，当月同业存单发行数量为2121只，发行金额达到10873.1亿元，相较4月的2273只、13262.5亿元有所下滑。
从银行类别来看，中小银行资金压力更为紧张。根据中国货币网披露的同业存单发行信息表，5月1日至6月4日16时许，商业银行发行的同业存单共计2395只，发行规模达到11389.3亿元。在2395只同业存单中，中小银行合计发行1999只，占比超过八成；股份制银行和国有银行分别发行347只和36只。
从单个同业存单收益率也可看出中小银行的资金压力。以1个月期同业存单为例，锦州银行、辽阳银行、温州民商银行、贵州兴义农商行、云南普洱思茅农商行等多家银行发行的同业存单参考收益率已超过2%；而兴业银行、浦发银行等同期发行的存单收益率仅在1.15%左右。
中小银行对同业存单的依赖与其揽储能力较弱有关。邮储银行（601658）战略发展部研究员娄飞鹏表示，目前临近年中，商业银行面临MPA（宏观审慎评估体系）等考核压力，资金压力较大，此时便采用提高同业存单发行利率的方式来吸引资金。中小银行受限于网点、知名度、产品不足等因素，本身吸储压力较大，而且难以从央行的公开市场操作中获得流动性支持，因而对同业存单的依赖度较高。
监管机构近期也采取措施，缓解中小银行资金压力。央行日前发布《通知》，明确自6月1日起，央行通过创新货币政策工具使用4000亿元再贷款专用额度，购买符合条件的地方法人银行2020年3月1日-12月31日期间新发放普惠小微信用贷款的40%。在分析人士看来，这不仅支持小微企业和实体经济，也有助于缓解中小银行的资金压力。娄飞鹏表示，保持流动性合理充裕是货币政策的目标，从这个角度看同业存单利率走势大概率趋于稳定，也不排除在半年的时间点过后有所下行。另外，除了同业负债外，存款也是银行的主要负债来源。在面临吸储压力较大的情况下，中小银行需要跳出存款发展存款，要通过发展资产业务、中间业务等吸收沉淀存款。
同花顺上线「疫情地图」
点击查看：新型肺炎疫情实时动态地图>>>
关注同花顺财经（ths518），获取更多机会
(function(){var obj = null;if(document.getElementById('arctTailMark')) {obj = document.getElementById('arctTailMark');}if(obj!=null){var str = '(image_address=""http://i.thsi.cn/images/article/logo.jpg"")  返回首页';var showed = 0;try{var oo = obj.previousSibling;while(oo.nodeType!=1 || oo.innerHTML.replace(/\s|\u3000/g,'').length==0){oo = oo.previousSibling;}if(oo.nodeType==1 && oo.tagName.toLowerCase()=='p') {var span = document.createElement('span');span.innerHTML =str;oo.appendChild(span);showed = 1;}}catch (e){}if(showed == 0){obj.innerHTML =str;}}})();",2020-06-04 19:47:56,同花顺
43,同业存单到期收益率上行 银行揽储压力显现,"北京商报讯临近年中，银行的揽储压力有所上升。6月4日，据中国货币网披露的最新数据显示，同业存单收益率较上个月小幅上涨。其中，对应城商行和农商行的同业存单到期收盘收益率AA+曲线，一个月期收益率为1.6369%，比5月初高出约0.32个百分点。分析人士指出，受年中考核压力等因素影响，同业存单的发行利率有所上升。
在国有银行和股份制银行方面，对应国有大行的同业存单（AAA+）到期收盘收益率曲线，一个月期收益率为1.4889%，较5月初上涨0.425个百分点；对应股份制银行的同业存单（AAA）到期收盘一个月期收益率为1.5030%，比5月初的1.0773%高约0.426个百分点。
对于同业存单收益率的上涨，苏宁金融研究院高级研究员陶金表示，尽管上周央行放量投放逆回购，但近几日银行体系流动性明显收紧，带动了同业存单收益率上行。对于不同类型银行对应的同业存单收益率涨幅不同的情况，陶金认为，地方银行因为《关于加大小微企业信用贷款支持力度的通知》（以下简称《通知》）中对地方法人银行的普惠小微贷款的购买政策，获得了更多流动性支持，令其同业存单利率上行幅度较小。
在收益率上涨的同时，同业存单的发行量也开始增多。据上海清算所公布的清算结算与发行托管业务每日统计信息，6月3日共发行86只同业存单，相较6月1日的47只、6月2日的46只增长明显。今年5月同业存单的需求较为平淡，当月同业存单发行数量为2121只，发行金额达到10873.1亿元，相较4月的2273只、13262.5亿元有所下滑。
从银行类别来看，中小银行资金压力更为紧张。根据中国货币网披露的同业存单发行信息表，5月1日至6月4日16时许，商业银行发行的同业存单共计2395只，发行规模达到11389.3亿元。在2395只同业存单中，中小银行合计发行1999只，占比超过八成；股份制银行和国有银行分别发行347只和36只。
从单个同业存单收益率也可看出中小银行的资金压力。以1个月期同业存单为例，锦州银行、辽阳银行、温州民商银行、贵州兴义农商行、云南普洱思茅农商行等多家银行发行的同业存单参考收益率已超过2%；而兴业银行、浦发银行等同期发行的存单收益率仅在1.15%左右。
中小银行对同业存单的依赖与其揽储能力较弱有关。邮储银行（601658）战略发展部研究员娄飞鹏表示，目前临近年中，商业银行面临MPA（宏观审慎评估体系）等考核压力，资金压力较大，此时便采用提高同业存单发行利率的方式来吸引资金。中小银行受限于网点、知名度、产品不足等因素，本身吸储压力较大，而且难以从央行的公开市场操作中获得流动性支持，因而对同业存单的依赖度较高。
监管机构近期也采取措施，缓解中小银行资金压力。央行日前发布《通知》，明确自6月1日起，央行通过创新货币政策工具使用4000亿元再贷款专用额度，购买符合条件的地方法人银行2020年3月1日-12月31日期间新发放普惠小微信用贷款的40%。在分析人士看来，这不仅支持小微企业和实体经济，也有助于缓解中小银行的资金压力。娄飞鹏表示，保持流动性合理充裕是货币政策的目标，从这个角度看同业存单利率走势大概率趋于稳定，也不排除在半年的时间点过后有所下行。另外，除了同业负债外，存款也是银行的主要负债来源。在面临吸储压力较大的情况下，中小银行需要跳出存款发展存款，要通过发展资产业务、中间业务等吸收沉淀存款。
同花顺上线「疫情地图」
点击查看：新型肺炎疫情实时动态地图>>>
关注同花顺财经（ths518），获取更多机会
(function(){var obj = null;if(document.getElementById('arctTailMark')) {obj = document.getElementById('arctTailMark');}if(obj!=null){var str = '(image_address=""http://i.thsi.cn/images/article/logo.jpg"")  返回首页';var showed = 0;try{var oo = obj.previousSibling;while(oo.nodeType!=1 || oo.innerHTML.replace(/\s|\u3000/g,'').length==0){oo = oo.previousSibling;}if(oo.nodeType==1 && oo.tagName.toLowerCase()=='p') {var span = document.createElement('span');span.innerHTML =str;oo.appendChild(span);showed = 1;}}catch (e){}if(showed == 0){obj.innerHTML =str;}}})();",2020-06-04 19:47:56,同花顺
44,同业存单到期收益率上行 银行揽储压力显现,"北京商报讯临近年中，银行的揽储压力有所上升。6月4日，据中国货币网披露的最新数据显示，同业存单收益率较上个月小幅上涨。其中，对应城商行和农商行的同业存单到期收盘收益率AA+曲线，一个月期收益率为1.6369%，比5月初高出约0.32个百分点。分析人士指出，受年中考核压力等因素影响，同业存单的发行利率有所上升。
在国有银行和股份制银行方面，对应国有大行的同业存单（AAA+）到期收盘收益率曲线，一个月期收益率为1.4889%，较5月初上涨0.425个百分点；对应股份制银行的同业存单（AAA）到期收盘一个月期收益率为1.5030%，比5月初的1.0773%高约0.426个百分点。
对于同业存单收益率的上涨，苏宁金融研究院高级研究员陶金表示，尽管上周央行放量投放逆回购，但近几日银行体系流动性明显收紧，带动了同业存单收益率上行。对于不同类型银行对应的同业存单收益率涨幅不同的情况，陶金认为，地方银行因为《关于加大小微企业信用贷款支持力度的通知》（以下简称《通知》）中对地方法人银行的普惠小微贷款的购买政策，获得了更多流动性支持，令其同业存单利率上行幅度较小。
在收益率上涨的同时，同业存单的发行量也开始增多。据上海清算所公布的清算结算与发行托管业务每日统计信息，6月3日共发行86只同业存单，相较6月1日的47只、6月2日的46只增长明显。今年5月同业存单的需求较为平淡，当月同业存单发行数量为2121只，发行金额达到10873.1亿元，相较4月的2273只、13262.5亿元有所下滑。
从银行类别来看，中小银行资金压力更为紧张。根据中国货币网披露的同业存单发行信息表，5月1日至6月4日16时许，商业银行发行的同业存单共计2395只，发行规模达到11389.3亿元。在2395只同业存单中，中小银行合计发行1999只，占比超过八成；股份制银行和国有银行分别发行347只和36只。
从单个同业存单收益率也可看出中小银行的资金压力。以1个月期同业存单为例，锦州银行、辽阳银行、温州民商银行、贵州兴义农商行、云南普洱思茅农商行等多家银行发行的同业存单参考收益率已超过2%；而兴业银行、浦发银行等同期发行的存单收益率仅在1.15%左右。
中小银行对同业存单的依赖与其揽储能力较弱有关。邮储银行（601658）战略发展部研究员娄飞鹏表示，目前临近年中，商业银行面临MPA（宏观审慎评估体系）等考核压力，资金压力较大，此时便采用提高同业存单发行利率的方式来吸引资金。中小银行受限于网点、知名度、产品不足等因素，本身吸储压力较大，而且难以从央行的公开市场操作中获得流动性支持，因而对同业存单的依赖度较高。
监管机构近期也采取措施，缓解中小银行资金压力。央行日前发布《通知》，明确自6月1日起，央行通过创新货币政策工具使用4000亿元再贷款专用额度，购买符合条件的地方法人银行2020年3月1日-12月31日期间新发放普惠小微信用贷款的40%。在分析人士看来，这不仅支持小微企业和实体经济，也有助于缓解中小银行的资金压力。娄飞鹏表示，保持流动性合理充裕是货币政策的目标，从这个角度看同业存单利率走势大概率趋于稳定，也不排除在半年的时间点过后有所下行。另外，除了同业负债外，存款也是银行的主要负债来源。在面临吸储压力较大的情况下，中小银行需要跳出存款发展存款，要通过发展资产业务、中间业务等吸收沉淀存款。
同花顺上线「疫情地图」
点击查看：新型肺炎疫情实时动态地图>>>
关注同花顺财经（ths518），获取更多机会
(function(){var obj = null;if(document.getElementById('arctTailMark')) {obj = document.getElementById('arctTailMark');}if(obj!=null){var str = '(image_address=""http://i.thsi.cn/images/article/logo.jpg"")  返回首页';var showed = 0;try{var oo = obj.previousSibling;while(oo.nodeType!=1 || oo.innerHTML.replace(/\s|\u3000/g,'').length==0){oo = oo.previousSibling;}if(oo.nodeType==1 && oo.tagName.toLowerCase()=='p') {var span = document.createElement('span');span.innerHTML =str;oo.appendChild(span);showed = 1;}}catch (e){}if(showed == 0){obj.innerHTML =str;}}})();",2020-06-04 19:47:56,同花顺
45,同业存单到期收益率上行 银行揽储压力显现,"北京商报讯临近年中，银行的揽储压力有所上升。6月4日，据中国货币网披露的最新数据显示，同业存单收益率较上个月小幅上涨。其中，对应城商行和农商行的同业存单到期收盘收益率AA+曲线，一个月期收益率为1.6369%，比5月初高出约0.32个百分点。分析人士指出，受年中考核压力等因素影响，同业存单的发行利率有所上升。
在国有银行和股份制银行方面，对应国有大行的同业存单（AAA+）到期收盘收益率曲线，一个月期收益率为1.4889%，较5月初上涨0.425个百分点；对应股份制银行的同业存单（AAA）到期收盘一个月期收益率为1.5030%，比5月初的1.0773%高约0.426个百分点。
对于同业存单收益率的上涨，苏宁金融研究院高级研究员陶金表示，尽管上周央行放量投放逆回购，但近几日银行体系流动性明显收紧，带动了同业存单收益率上行。对于不同类型银行对应的同业存单收益率涨幅不同的情况，陶金认为，地方银行因为《关于加大小微企业信用贷款支持力度的通知》（以下简称《通知》）中对地方法人银行的普惠小微贷款的购买政策，获得了更多流动性支持，令其同业存单利率上行幅度较小。
在收益率上涨的同时，同业存单的发行量也开始增多。据上海清算所公布的清算结算与发行托管业务每日统计信息，6月3日共发行86只同业存单，相较6月1日的47只、6月2日的46只增长明显。今年5月同业存单的需求较为平淡，当月同业存单发行数量为2121只，发行金额达到10873.1亿元，相较4月的2273只、13262.5亿元有所下滑。
从银行类别来看，中小银行资金压力更为紧张。根据中国货币网披露的同业存单发行信息表，5月1日至6月4日16时许，商业银行发行的同业存单共计2395只，发行规模达到11389.3亿元。在2395只同业存单中，中小银行合计发行1999只，占比超过八成；股份制银行和国有银行分别发行347只和36只。
从单个同业存单收益率也可看出中小银行的资金压力。以1个月期同业存单为例，锦州银行、辽阳银行、温州民商银行、贵州兴义农商行、云南普洱思茅农商行等多家银行发行的同业存单参考收益率已超过2%；而兴业银行、浦发银行等同期发行的存单收益率仅在1.15%左右。
中小银行对同业存单的依赖与其揽储能力较弱有关。邮储银行（601658）战略发展部研究员娄飞鹏表示，目前临近年中，商业银行面临MPA（宏观审慎评估体系）等考核压力，资金压力较大，此时便采用提高同业存单发行利率的方式来吸引资金。中小银行受限于网点、知名度、产品不足等因素，本身吸储压力较大，而且难以从央行的公开市场操作中获得流动性支持，因而对同业存单的依赖度较高。
监管机构近期也采取措施，缓解中小银行资金压力。央行日前发布《通知》，明确自6月1日起，央行通过创新货币政策工具使用4000亿元再贷款专用额度，购买符合条件的地方法人银行2020年3月1日-12月31日期间新发放普惠小微信用贷款的40%。在分析人士看来，这不仅支持小微企业和实体经济，也有助于缓解中小银行的资金压力。娄飞鹏表示，保持流动性合理充裕是货币政策的目标，从这个角度看同业存单利率走势大概率趋于稳定，也不排除在半年的时间点过后有所下行。另外，除了同业负债外，存款也是银行的主要负债来源。在面临吸储压力较大的情况下，中小银行需要跳出存款发展存款，要通过发展资产业务、中间业务等吸收沉淀存款。
同花顺上线「疫情地图」
点击查看：新型肺炎疫情实时动态地图>>>
关注同花顺财经（ths518），获取更多机会
(function(){var obj = null;if(document.getElementById('arctTailMark')) {obj = document.getElementById('arctTailMark');}if(obj!=null){var str = '(image_address=""http://i.thsi.cn/images/article/logo.jpg"")  返回首页';var showed = 0;try{var oo = obj.previousSibling;while(oo.nodeType!=1 || oo.innerHTML.replace(/\s|\u3000/g,'').length==0){oo = oo.previousSibling;}if(oo.nodeType==1 && oo.tagName.toLowerCase()=='p') {var span = document.createElement('span');span.innerHTML =str;oo.appendChild(span);showed = 1;}}catch (e){}if(showed == 0){obj.innerHTML =str;}}})();",2020-06-04 19:47:56,同花顺
46,同业存单到期收益率上行 银行揽储压力显现,"北京商报讯临近年中，银行的揽储压力有所上升。6月4日，据中国货币网披露的最新数据显示，同业存单收益率较上个月小幅上涨。其中，对应城商行和农商行的同业存单到期收盘收益率AA+曲线，一个月期收益率为1.6369%，比5月初高出约0.32个百分点。分析人士指出，受年中考核压力等因素影响，同业存单的发行利率有所上升。
在国有银行和股份制银行方面，对应国有大行的同业存单（AAA+）到期收盘收益率曲线，一个月期收益率为1.4889%，较5月初上涨0.425个百分点；对应股份制银行的同业存单（AAA）到期收盘一个月期收益率为1.5030%，比5月初的1.0773%高约0.426个百分点。
对于同业存单收益率的上涨，苏宁金融研究院高级研究员陶金表示，尽管上周央行放量投放逆回购，但近几日银行体系流动性明显收紧，带动了同业存单收益率上行。对于不同类型银行对应的同业存单收益率涨幅不同的情况，陶金认为，地方银行因为《关于加大小微企业信用贷款支持力度的通知》（以下简称《通知》）中对地方法人银行的普惠小微贷款的购买政策，获得了更多流动性支持，令其同业存单利率上行幅度较小。
在收益率上涨的同时，同业存单的发行量也开始增多。据上海清算所公布的清算结算与发行托管业务每日统计信息，6月3日共发行86只同业存单，相较6月1日的47只、6月2日的46只增长明显。今年5月同业存单的需求较为平淡，当月同业存单发行数量为2121只，发行金额达到10873.1亿元，相较4月的2273只、13262.5亿元有所下滑。
从银行类别来看，中小银行资金压力更为紧张。根据中国货币网披露的同业存单发行信息表，5月1日至6月4日16时许，商业银行发行的同业存单共计2395只，发行规模达到11389.3亿元。在2395只同业存单中，中小银行合计发行1999只，占比超过八成；股份制银行和国有银行分别发行347只和36只。
从单个同业存单收益率也可看出中小银行的资金压力。以1个月期同业存单为例，锦州银行、辽阳银行、温州民商银行、贵州兴义农商行、云南普洱思茅农商行等多家银行发行的同业存单参考收益率已超过2%；而兴业银行、浦发银行等同期发行的存单收益率仅在1.15%左右。
中小银行对同业存单的依赖与其揽储能力较弱有关。邮储银行（601658）战略发展部研究员娄飞鹏表示，目前临近年中，商业银行面临MPA（宏观审慎评估体系）等考核压力，资金压力较大，此时便采用提高同业存单发行利率的方式来吸引资金。中小银行受限于网点、知名度、产品不足等因素，本身吸储压力较大，而且难以从央行的公开市场操作中获得流动性支持，因而对同业存单的依赖度较高。
监管机构近期也采取措施，缓解中小银行资金压力。央行日前发布《通知》，明确自6月1日起，央行通过创新货币政策工具使用4000亿元再贷款专用额度，购买符合条件的地方法人银行2020年3月1日-12月31日期间新发放普惠小微信用贷款的40%。在分析人士看来，这不仅支持小微企业和实体经济，也有助于缓解中小银行的资金压力。娄飞鹏表示，保持流动性合理充裕是货币政策的目标，从这个角度看同业存单利率走势大概率趋于稳定，也不排除在半年的时间点过后有所下行。另外，除了同业负债外，存款也是银行的主要负债来源。在面临吸储压力较大的情况下，中小银行需要跳出存款发展存款，要通过发展资产业务、中间业务等吸收沉淀存款。
关注同花顺财经（ths518），获取更多机会
(function(){var obj = null;if(document.getElementById('arctTailMark')) {obj = document.getElementById('arctTailMark');}if(obj!=null){var str = '(image_address=""http://i.thsi.cn/images/article/logo.jpg"")  返回首页';var showed = 0;try{var oo = obj.previousSibling;while(oo.nodeType!=1 || oo.innerHTML.replace(/\s|\u3000/g,'').length==0){oo = oo.previousSibling;}if(oo.nodeType==1 && oo.tagName.toLowerCase()=='p') {var span = document.createElement('span');span.innerHTML =str;oo.appendChild(span);showed = 1;}}catch (e){}if(showed == 0){obj.innerHTML =str;}}})();",2020-06-04 19:47:56,同花顺
47,同业存单到期收益率上行 银行揽储压力显现,"北京商报讯临近年中，银行的揽储压力有所上升。6月4日，据中国货币网披露的最新数据显示，同业存单收益率较上个月小幅上涨。其中，对应城商行和农商行的同业存单到期收盘收益率AA+曲线，一个月期收益率为1.6369%，比5月初高出约0.32个百分点。分析人士指出，受年中考核压力等因素影响，同业存单的发行利率有所上升。
在国有银行和股份制银行方面，对应国有大行的同业存单（AAA+）到期收盘收益率曲线，一个月期收益率为1.4889%，较5月初上涨0.425个百分点；对应股份制银行的同业存单（AAA）到期收盘一个月期收益率为1.5030%，比5月初的1.0773%高约0.426个百分点。
对于同业存单收益率的上涨，苏宁金融研究院高级研究员陶金表示，尽管上周央行放量投放逆回购，但近几日银行体系流动性明显收紧，带动了同业存单收益率上行。对于不同类型银行对应的同业存单收益率涨幅不同的情况，陶金认为，地方银行因为《关于加大小微企业信用贷款支持力度的通知》（以下简称《通知》）中对地方法人银行的普惠小微贷款的购买政策，获得了更多流动性支持，令其同业存单利率上行幅度较小。
在收益率上涨的同时，同业存单的发行量也开始增多。据上海清算所公布的清算结算与发行托管业务每日统计信息，6月3日共发行86只同业存单，相较6月1日的47只、6月2日的46只增长明显。今年5月同业存单的需求较为平淡，当月同业存单发行数量为2121只，发行金额达到10873.1亿元，相较4月的2273只、13262.5亿元有所下滑。
从银行类别来看，中小银行资金压力更为紧张。根据中国货币网披露的同业存单发行信息表，5月1日至6月4日16时许，商业银行发行的同业存单共计2395只，发行规模达到11389.3亿元。在2395只同业存单中，中小银行合计发行1999只，占比超过八成；股份制银行和国有银行分别发行347只和36只。
从单个同业存单收益率也可看出中小银行的资金压力。以1个月期同业存单为例，锦州银行、辽阳银行、温州民商银行、贵州兴义农商行、云南普洱思茅农商行等多家银行发行的同业存单参考收益率已超过2%；而兴业银行、浦发银行等同期发行的存单收益率仅在1.15%左右。
中小银行对同业存单的依赖与其揽储能力较弱有关。邮储银行（601658）战略发展部研究员娄飞鹏表示，目前临近年中，商业银行面临MPA（宏观审慎评估体系）等考核压力，资金压力较大，此时便采用提高同业存单发行利率的方式来吸引资金。中小银行受限于网点、知名度、产品不足等因素，本身吸储压力较大，而且难以从央行的公开市场操作中获得流动性支持，因而对同业存单的依赖度较高。
监管机构近期也采取措施，缓解中小银行资金压力。央行日前发布《通知》，明确自6月1日起，央行通过创新货币政策工具使用4000亿元再贷款专用额度，购买符合条件的地方法人银行2020年3月1日-12月31日期间新发放普惠小微信用贷款的40%。在分析人士看来，这不仅支持小微企业和实体经济，也有助于缓解中小银行的资金压力。娄飞鹏表示，保持流动性合理充裕是货币政策的目标，从这个角度看同业存单利率走势大概率趋于稳定，也不排除在半年的时间点过后有所下行。另外，除了同业负债外，存款也是银行的主要负债来源。在面临吸储压力较大的情况下，中小银行需要跳出存款发展存款，要通过发展资产业务、中间业务等吸收沉淀存款。
同花顺上线「疫情地图」
点击查看：新型肺炎疫情实时动态地图>>>
关注同花顺财经（ths518），获取更多机会
(function(){var obj = null;if(document.getElementById('arctTailMark')) {obj = document.getElementById('arctTailMark');}if(obj!=null){var str = '(image_address=""http://i.thsi.cn/images/article/logo.jpg"")  返回首页';var showed = 0;try{var oo = obj.previousSibling;while(oo.nodeType!=1 || oo.innerHTML.replace(/\s|\u3000/g,'').length==0){oo = oo.previousSibling;}if(oo.nodeType==1 && oo.tagName.toLowerCase()=='p') {var span = document.createElement('span');span.innerHTML =str;oo.appendChild(span);showed = 1;}}catch (e){}if(showed == 0){obj.innerHTML =str;}}})();",2020-06-04 19:47:56,同花顺
48,同业存单到期收益率上行 银行揽储压力显现,"北京商报讯临近年中，银行的揽储压力有所上升。6月4日，据中国货币网披露的最新数据显示，同业存单收益率较上个月小幅上涨。其中，对应城商行和农商行的同业存单到期收盘收益率AA+曲线，一个月期收益率为1.6369%，比5月初高出约0.32个百分点。分析人士指出，受年中考核压力等因素影响，同业存单的发行利率有所上升。
在国有银行和股份制银行方面，对应国有大行的同业存单（AAA+）到期收盘收益率曲线，一个月期收益率为1.4889%，较5月初上涨0.425个百分点；对应股份制银行的同业存单（AAA）到期收盘一个月期收益率为1.5030%，比5月初的1.0773%高约0.426个百分点。
对于同业存单收益率的上涨，苏宁金融研究院高级研究员陶金表示，尽管上周央行放量投放逆回购，但近几日银行体系流动性明显收紧，带动了同业存单收益率上行。对于不同类型银行对应的同业存单收益率涨幅不同的情况，陶金认为，地方银行因为《关于加大小微企业信用贷款支持力度的通知》（以下简称《通知》）中对地方法人银行的普惠小微贷款的购买政策，获得了更多流动性支持，令其同业存单利率上行幅度较小。
在收益率上涨的同时，同业存单的发行量也开始增多。据上海清算所公布的清算结算与发行托管业务每日统计信息，6月3日共发行86只同业存单，相较6月1日的47只、6月2日的46只增长明显。今年5月同业存单的需求较为平淡，当月同业存单发行数量为2121只，发行金额达到10873.1亿元，相较4月的2273只、13262.5亿元有所下滑。
从银行类别来看，中小银行资金压力更为紧张。根据中国货币网披露的同业存单发行信息表，5月1日至6月4日16时许，商业银行发行的同业存单共计2395只，发行规模达到11389.3亿元。在2395只同业存单中，中小银行合计发行1999只，占比超过八成；股份制银行和国有银行分别发行347只和36只。
从单个同业存单收益率也可看出中小银行的资金压力。以1个月期同业存单为例，锦州银行、辽阳银行、温州民商银行、贵州兴义农商行、云南普洱思茅农商行等多家银行发行的同业存单参考收益率已超过2%；而兴业银行、浦发银行等同期发行的存单收益率仅在1.15%左右。
中小银行对同业存单的依赖与其揽储能力较弱有关。邮储银行（601658）战略发展部研究员娄飞鹏表示，目前临近年中，商业银行面临MPA（宏观审慎评估体系）等考核压力，资金压力较大，此时便采用提高同业存单发行利率的方式来吸引资金。中小银行受限于网点、知名度、产品不足等因素，本身吸储压力较大，而且难以从央行的公开市场操作中获得流动性支持，因而对同业存单的依赖度较高。
监管机构近期也采取措施，缓解中小银行资金压力。央行日前发布《通知》，明确自6月1日起，央行通过创新货币政策工具使用4000亿元再贷款专用额度，购买符合条件的地方法人银行2020年3月1日-12月31日期间新发放普惠小微信用贷款的40%。在分析人士看来，这不仅支持小微企业和实体经济，也有助于缓解中小银行的资金压力。娄飞鹏表示，保持流动性合理充裕是货币政策的目标，从这个角度看同业存单利率走势大概率趋于稳定，也不排除在半年的时间点过后有所下行。另外，除了同业负债外，存款也是银行的主要负债来源。在面临吸储压力较大的情况下，中小银行需要跳出存款发展存款，要通过发展资产业务、中间业务等吸收沉淀存款。
同花顺上线「疫情地图」
点击查看：新型肺炎疫情实时动态地图>>>
关注同花顺财经（ths518），获取更多机会
(function(){var obj = null;if(document.getElementById('arctTailMark')) {obj = document.getElementById('arctTailMark');}if(obj!=null){var str = '(image_address=""http://i.thsi.cn/images/article/logo.jpg"")  返回首页';var showed = 0;try{var oo = obj.previousSibling;while(oo.nodeType!=1 || oo.innerHTML.replace(/\s|\u3000/g,'').length==0){oo = oo.previousSibling;}if(oo.nodeType==1 && oo.tagName.toLowerCase()=='p') {var span = document.createElement('span');span.innerHTML =str;oo.appendChild(span);showed = 1;}}catch (e){}if(showed == 0){obj.innerHTML =str;}}})();",2020-06-04 19:47:56,同花顺
49,同业存单到期收益率上行 银行揽储压力显现,"北京商报讯临近年中，银行的揽储压力有所上升。6月4日，据中国货币网披露的最新数据显示，同业存单收益率较上个月小幅上涨。其中，对应城商行和农商行的同业存单到期收盘收益率AA+曲线，一个月期收益率为1.6369%，比5月初高出约0.32个百分点。分析人士指出，受年中考核压力等因素影响，同业存单的发行利率有所上升。
在国有银行和股份制银行方面，对应国有大行的同业存单（AAA+）到期收盘收益率曲线，一个月期收益率为1.4889%，较5月初上涨0.425个百分点；对应股份制银行的同业存单（AAA）到期收盘一个月期收益率为1.5030%，比5月初的1.0773%高约0.426个百分点。
对于同业存单收益率的上涨，苏宁金融研究院高级研究员陶金表示，尽管上周央行放量投放逆回购，但近几日银行体系流动性明显收紧，带动了同业存单收益率上行。对于不同类型银行对应的同业存单收益率涨幅不同的情况，陶金认为，地方银行因为《关于加大小微企业信用贷款支持力度的通知》（以下简称《通知》）中对地方法人银行的普惠小微贷款的购买政策，获得了更多流动性支持，令其同业存单利率上行幅度较小。
在收益率上涨的同时，同业存单的发行量也开始增多。据上海清算所公布的清算结算与发行托管业务每日统计信息，6月3日共发行86只同业存单，相较6月1日的47只、6月2日的46只增长明显。今年5月同业存单的需求较为平淡，当月同业存单发行数量为2121只，发行金额达到10873.1亿元，相较4月的2273只、13262.5亿元有所下滑。
从银行类别来看，中小银行资金压力更为紧张。根据中国货币网披露的同业存单发行信息表，5月1日至6月4日16时许，商业银行发行的同业存单共计2395只，发行规模达到11389.3亿元。在2395只同业存单中，中小银行合计发行1999只，占比超过八成；股份制银行和国有银行分别发行347只和36只。
从单个同业存单收益率也可看出中小银行的资金压力。以1个月期同业存单为例，锦州银行、辽阳银行、温州民商银行、贵州兴义农商行、云南普洱思茅农商行等多家银行发行的同业存单参考收益率已超过2%；而兴业银行、浦发银行等同期发行的存单收益率仅在1.15%左右。
中小银行对同业存单的依赖与其揽储能力较弱有关。邮储银行（601658）战略发展部研究员娄飞鹏表示，目前临近年中，商业银行面临MPA（宏观审慎评估体系）等考核压力，资金压力较大，此时便采用提高同业存单发行利率的方式来吸引资金。中小银行受限于网点、知名度、产品不足等因素，本身吸储压力较大，而且难以从央行的公开市场操作中获得流动性支持，因而对同业存单的依赖度较高。
监管机构近期也采取措施，缓解中小银行资金压力。央行日前发布《通知》，明确自6月1日起，央行通过创新货币政策工具使用4000亿元再贷款专用额度，购买符合条件的地方法人银行2020年3月1日-12月31日期间新发放普惠小微信用贷款的40%。在分析人士看来，这不仅支持小微企业和实体经济，也有助于缓解中小银行的资金压力。娄飞鹏表示，保持流动性合理充裕是货币政策的目标，从这个角度看同业存单利率走势大概率趋于稳定，也不排除在半年的时间点过后有所下行。另外，除了同业负债外，存款也是银行的主要负债来源。在面临吸储压力较大的情况下，中小银行需要跳出存款发展存款，要通过发展资产业务、中间业务等吸收沉淀存款。
同花顺上线「疫情地图」
点击查看：新型肺炎疫情实时动态地图>>>
关注同花顺财经（ths518），获取更多机会
(function(){var obj = null;if(document.getElementById('arctTailMark')) {obj = document.getElementById('arctTailMark');}if(obj!=null){var str = '(image_address=""http://i.thsi.cn/images/article/logo.jpg"")  返回首页';var showed = 0;try{var oo = obj.previousSibling;while(oo.nodeType!=1 || oo.innerHTML.replace(/\s|\u3000/g,'').length==0){oo = oo.previousSibling;}if(oo.nodeType==1 && oo.tagName.toLowerCase()=='p') {var span = document.createElement('span');span.innerHTML =str;oo.appendChild(span);showed = 1;}}catch (e){}if(showed == 0){obj.innerHTML =str;}}})();",2020-06-04 19:47:56,同花顺
50,同业存单到期收益率上行 银行揽储压力显现,"北京商报讯临近年中，银行的揽储压力有所上升。6月4日，据中国货币网披露的最新数据显示，同业存单收益率较上个月小幅上涨。其中，对应城商行和农商行的同业存单到期收盘收益率AA+曲线，一个月期收益率为1.6369%，比5月初高出约0.32个百分点。分析人士指出，受年中考核压力等因素影响，同业存单的发行利率有所上升。
在国有银行和股份制银行方面，对应国有大行的同业存单（AAA+）到期收盘收益率曲线，一个月期收益率为1.4889%，较5月初上涨0.425个百分点；对应股份制银行的同业存单（AAA）到期收盘一个月期收益率为1.5030%，比5月初的1.0773%高约0.426个百分点。
对于同业存单收益率的上涨，苏宁金融研究院高级研究员陶金表示，尽管上周央行放量投放逆回购，但近几日银行体系流动性明显收紧，带动了同业存单收益率上行。对于不同类型银行对应的同业存单收益率涨幅不同的情况，陶金认为，地方银行因为《关于加大小微企业信用贷款支持力度的通知》（以下简称《通知》）中对地方法人银行的普惠小微贷款的购买政策，获得了更多流动性支持，令其同业存单利率上行幅度较小。
在收益率上涨的同时，同业存单的发行量也开始增多。据上海清算所公布的清算结算与发行托管业务每日统计信息，6月3日共发行86只同业存单，相较6月1日的47只、6月2日的46只增长明显。今年5月同业存单的需求较为平淡，当月同业存单发行数量为2121只，发行金额达到10873.1亿元，相较4月的2273只、13262.5亿元有所下滑。
从银行类别来看，中小银行资金压力更为紧张。根据中国货币网披露的同业存单发行信息表，5月1日至6月4日16时许，商业银行发行的同业存单共计2395只，发行规模达到11389.3亿元。在2395只同业存单中，中小银行合计发行1999只，占比超过八成；股份制银行和国有银行分别发行347只和36只。
从单个同业存单收益率也可看出中小银行的资金压力。以1个月期同业存单为例，锦州银行、辽阳银行、温州民商银行、贵州兴义农商行、云南普洱思茅农商行等多家银行发行的同业存单参考收益率已超过2%；而兴业银行、浦发银行等同期发行的存单收益率仅在1.15%左右。
中小银行对同业存单的依赖与其揽储能力较弱有关。邮储银行（601658）战略发展部研究员娄飞鹏表示，目前临近年中，商业银行面临MPA（宏观审慎评估体系）等考核压力，资金压力较大，此时便采用提高同业存单发行利率的方式来吸引资金。中小银行受限于网点、知名度、产品不足等因素，本身吸储压力较大，而且难以从央行的公开市场操作中获得流动性支持，因而对同业存单的依赖度较高。
监管机构近期也采取措施，缓解中小银行资金压力。央行日前发布《通知》，明确自6月1日起，央行通过创新货币政策工具使用4000亿元再贷款专用额度，购买符合条件的地方法人银行2020年3月1日-12月31日期间新发放普惠小微信用贷款的40%。在分析人士看来，这不仅支持小微企业和实体经济，也有助于缓解中小银行的资金压力。娄飞鹏表示，保持流动性合理充裕是货币政策的目标，从这个角度看同业存单利率走势大概率趋于稳定，也不排除在半年的时间点过后有所下行。另外，除了同业负债外，存款也是银行的主要负债来源。在面临吸储压力较大的情况下，中小银行需要跳出存款发展存款，要通过发展资产业务、中间业务等吸收沉淀存款。
同花顺上线「疫情地图」
点击查看：新型肺炎疫情实时动态地图>>>
关注同花顺财经（ths518），获取更多机会
(function(){var obj = null;if(document.getElementById('arctTailMark')) {obj = document.getElementById('arctTailMark');}if(obj!=null){var str = '(image_address=""http://i.thsi.cn/images/article/logo.jpg"")  返回首页';var showed = 0;try{var oo = obj.previousSibling;while(oo.nodeType!=1 || oo.innerHTML.replace(/\s|\u3000/g,'').length==0){oo = oo.previousSibling;}if(oo.nodeType==1 && oo.tagName.toLowerCase()=='p') {var span = document.createElement('span');span.innerHTML =str;oo.appendChild(span);showed = 1;}}catch (e){}if(showed == 0){obj.innerHTML =str;}}})();",2020-06-04 19:47:56,同花顺
51,同业存单到期收益率上行 银行揽储压力显现,"北京商报讯临近年中，银行的揽储压力有所上升。6月4日，据中国货币网披露的最新数据显示，同业存单收益率较上个月小幅上涨。其中，对应城商行和农商行的同业存单到期收盘收益率AA+曲线，一个月期收益率为1.6369%，比5月初高出约0.32个百分点。分析人士指出，受年中考核压力等因素影响，同业存单的发行利率有所上升。
在国有银行和股份制银行方面，对应国有大行的同业存单（AAA+）到期收盘收益率曲线，一个月期收益率为1.4889%，较5月初上涨0.425个百分点；对应股份制银行的同业存单（AAA）到期收盘一个月期收益率为1.5030%，比5月初的1.0773%高约0.426个百分点。
对于同业存单收益率的上涨，苏宁金融研究院高级研究员陶金表示，尽管上周央行放量投放逆回购，但近几日银行体系流动性明显收紧，带动了同业存单收益率上行。对于不同类型银行对应的同业存单收益率涨幅不同的情况，陶金认为，地方银行因为《关于加大小微企业信用贷款支持力度的通知》（以下简称《通知》）中对地方法人银行的普惠小微贷款的购买政策，获得了更多流动性支持，令其同业存单利率上行幅度较小。
在收益率上涨的同时，同业存单的发行量也开始增多。据上海清算所公布的清算结算与发行托管业务每日统计信息，6月3日共发行86只同业存单，相较6月1日的47只、6月2日的46只增长明显。今年5月同业存单的需求较为平淡，当月同业存单发行数量为2121只，发行金额达到10873.1亿元，相较4月的2273只、13262.5亿元有所下滑。
从银行类别来看，中小银行资金压力更为紧张。根据中国货币网披露的同业存单发行信息表，5月1日至6月4日16时许，商业银行发行的同业存单共计2395只，发行规模达到11389.3亿元。在2395只同业存单中，中小银行合计发行1999只，占比超过八成；股份制银行和国有银行分别发行347只和36只。
从单个同业存单收益率也可看出中小银行的资金压力。以1个月期同业存单为例，锦州银行、辽阳银行、温州民商银行、贵州兴义农商行、云南普洱思茅农商行等多家银行发行的同业存单参考收益率已超过2%；而兴业银行、浦发银行等同期发行的存单收益率仅在1.15%左右。
中小银行对同业存单的依赖与其揽储能力较弱有关。邮储银行（601658）战略发展部研究员娄飞鹏表示，目前临近年中，商业银行面临MPA（宏观审慎评估体系）等考核压力，资金压力较大，此时便采用提高同业存单发行利率的方式来吸引资金。中小银行受限于网点、知名度、产品不足等因素，本身吸储压力较大，而且难以从央行的公开市场操作中获得流动性支持，因而对同业存单的依赖度较高。
监管机构近期也采取措施，缓解中小银行资金压力。央行日前发布《通知》，明确自6月1日起，央行通过创新货币政策工具使用4000亿元再贷款专用额度，购买符合条件的地方法人银行2020年3月1日-12月31日期间新发放普惠小微信用贷款的40%。在分析人士看来，这不仅支持小微企业和实体经济，也有助于缓解中小银行的资金压力。娄飞鹏表示，保持流动性合理充裕是货币政策的目标，从这个角度看同业存单利率走势大概率趋于稳定，也不排除在半年的时间点过后有所下行。另外，除了同业负债外，存款也是银行的主要负债来源。在面临吸储压力较大的情况下，中小银行需要跳出存款发展存款，要通过发展资产业务、中间业务等吸收沉淀存款。
同花顺上线「疫情地图」
点击查看：新型肺炎疫情实时动态地图>>>
关注同花顺财经（ths518），获取更多机会
(function(){var obj = null;if(document.getElementById('arctTailMark')) {obj = document.getElementById('arctTailMark');}if(obj!=null){var str = '(image_address=""http://i.thsi.cn/images/article/logo.jpg"")  返回首页';var showed = 0;try{var oo = obj.previousSibling;while(oo.nodeType!=1 || oo.innerHTML.replace(/\s|\u3000/g,'').length==0){oo = oo.previousSibling;}if(oo.nodeType==1 && oo.tagName.toLowerCase()=='p') {var span = document.createElement('span');span.innerHTML =str;oo.appendChild(span);showed = 1;}}catch (e){}if(showed == 0){obj.innerHTML =str;}}})();",2020-06-04 19:47:56,同花顺
52,同业存单到期收益率上行 银行揽储压力显现,"北京商报讯临近年中，银行的揽储压力有所上升。6月4日，据中国货币网披露的最新数据显示，同业存单收益率较上个月小幅上涨。其中，对应城商行和农商行的同业存单到期收盘收益率AA+曲线，一个月期收益率为1.6369%，比5月初高出约0.32个百分点。分析人士指出，受年中考核压力等因素影响，同业存单的发行利率有所上升。
在国有银行和股份制银行方面，对应国有大行的同业存单（AAA+）到期收盘收益率曲线，一个月期收益率为1.4889%，较5月初上涨0.425个百分点；对应股份制银行的同业存单（AAA）到期收盘一个月期收益率为1.5030%，比5月初的1.0773%高约0.426个百分点。
对于同业存单收益率的上涨，苏宁金融研究院高级研究员陶金表示，尽管上周央行放量投放逆回购，但近几日银行体系流动性明显收紧，带动了同业存单收益率上行。对于不同类型银行对应的同业存单收益率涨幅不同的情况，陶金认为，地方银行因为《关于加大小微企业信用贷款支持力度的通知》（以下简称《通知》）中对地方法人银行的普惠小微贷款的购买政策，获得了更多流动性支持，令其同业存单利率上行幅度较小。
在收益率上涨的同时，同业存单的发行量也开始增多。据上海清算所公布的清算结算与发行托管业务每日统计信息，6月3日共发行86只同业存单，相较6月1日的47只、6月2日的46只增长明显。今年5月同业存单的需求较为平淡，当月同业存单发行数量为2121只，发行金额达到10873.1亿元，相较4月的2273只、13262.5亿元有所下滑。
从银行类别来看，中小银行资金压力更为紧张。根据中国货币网披露的同业存单发行信息表，5月1日至6月4日16时许，商业银行发行的同业存单共计2395只，发行规模达到11389.3亿元。在2395只同业存单中，中小银行合计发行1999只，占比超过八成；股份制银行和国有银行分别发行347只和36只。
从单个同业存单收益率也可看出中小银行的资金压力。以1个月期同业存单为例，锦州银行、辽阳银行、温州民商银行、贵州兴义农商行、云南普洱思茅农商行等多家银行发行的同业存单参考收益率已超过2%；而兴业银行、浦发银行等同期发行的存单收益率仅在1.15%左右。
中小银行对同业存单的依赖与其揽储能力较弱有关。邮储银行（601658）战略发展部研究员娄飞鹏表示，目前临近年中，商业银行面临MPA（宏观审慎评估体系）等考核压力，资金压力较大，此时便采用提高同业存单发行利率的方式来吸引资金。中小银行受限于网点、知名度、产品不足等因素，本身吸储压力较大，而且难以从央行的公开市场操作中获得流动性支持，因而对同业存单的依赖度较高。
监管机构近期也采取措施，缓解中小银行资金压力。央行日前发布《通知》，明确自6月1日起，央行通过创新货币政策工具使用4000亿元再贷款专用额度，购买符合条件的地方法人银行2020年3月1日-12月31日期间新发放普惠小微信用贷款的40%。在分析人士看来，这不仅支持小微企业和实体经济，也有助于缓解中小银行的资金压力。娄飞鹏表示，保持流动性合理充裕是货币政策的目标，从这个角度看同业存单利率走势大概率趋于稳定，也不排除在半年的时间点过后有所下行。另外，除了同业负债外，存款也是银行的主要负债来源。在面临吸储压力较大的情况下，中小银行需要跳出存款发展存款，要通过发展资产业务、中间业务等吸收沉淀存款。
同花顺上线「疫情地图」
点击查看：新型肺炎疫情实时动态地图>>>
关注同花顺财经（ths518），获取更多机会
(function(){var obj = null;if(document.getElementById('arctTailMark')) {obj = document.getElementById('arctTailMark');}if(obj!=null){var str = '(image_address=""http://i.thsi.cn/images/article/logo.jpg"")  返回首页';var showed = 0;try{var oo = obj.previousSibling;while(oo.nodeType!=1 || oo.innerHTML.replace(/\s|\u3000/g,'').length==0){oo = oo.previousSibling;}if(oo.nodeType==1 && oo.tagName.toLowerCase()=='p') {var span = document.createElement('span');span.innerHTML =str;oo.appendChild(span);showed = 1;}}catch (e){}if(showed == 0){obj.innerHTML =str;}}})();",2020-06-04 19:47:56,同花顺
53,同业存单到期收益率上行 银行揽储压力显现,"北京商报讯临近年中，银行的揽储压力有所上升。6月4日，据中国货币网披露的最新数据显示，同业存单收益率较上个月小幅上涨。其中，对应城商行和农商行的同业存单到期收盘收益率AA+曲线，一个月期收益率为1.6369%，比5月初高出约0.32个百分点。分析人士指出，受年中考核压力等因素影响，同业存单的发行利率有所上升。
在国有银行和股份制银行方面，对应国有大行的同业存单（AAA+）到期收盘收益率曲线，一个月期收益率为1.4889%，较5月初上涨0.425个百分点；对应股份制银行的同业存单（AAA）到期收盘一个月期收益率为1.5030%，比5月初的1.0773%高约0.426个百分点。
对于同业存单收益率的上涨，苏宁金融研究院高级研究员陶金表示，尽管上周央行放量投放逆回购，但近几日银行体系流动性明显收紧，带动了同业存单收益率上行。对于不同类型银行对应的同业存单收益率涨幅不同的情况，陶金认为，地方银行因为《关于加大小微企业信用贷款支持力度的通知》（以下简称《通知》）中对地方法人银行的普惠小微贷款的购买政策，获得了更多流动性支持，令其同业存单利率上行幅度较小。
在收益率上涨的同时，同业存单的发行量也开始增多。据上海清算所公布的清算结算与发行托管业务每日统计信息，6月3日共发行86只同业存单，相较6月1日的47只、6月2日的46只增长明显。今年5月同业存单的需求较为平淡，当月同业存单发行数量为2121只，发行金额达到10873.1亿元，相较4月的2273只、13262.5亿元有所下滑。
从银行类别来看，中小银行资金压力更为紧张。根据中国货币网披露的同业存单发行信息表，5月1日至6月4日16时许，商业银行发行的同业存单共计2395只，发行规模达到11389.3亿元。在2395只同业存单中，中小银行合计发行1999只，占比超过八成；股份制银行和国有银行分别发行347只和36只。
从单个同业存单收益率也可看出中小银行的资金压力。以1个月期同业存单为例，锦州银行、辽阳银行、温州民商银行、贵州兴义农商行、云南普洱思茅农商行等多家银行发行的同业存单参考收益率已超过2%；而兴业银行、浦发银行等同期发行的存单收益率仅在1.15%左右。
中小银行对同业存单的依赖与其揽储能力较弱有关。邮储银行（601658）战略发展部研究员娄飞鹏表示，目前临近年中，商业银行面临MPA（宏观审慎评估体系）等考核压力，资金压力较大，此时便采用提高同业存单发行利率的方式来吸引资金。中小银行受限于网点、知名度、产品不足等因素，本身吸储压力较大，而且难以从央行的公开市场操作中获得流动性支持，因而对同业存单的依赖度较高。
监管机构近期也采取措施，缓解中小银行资金压力。央行日前发布《通知》，明确自6月1日起，央行通过创新货币政策工具使用4000亿元再贷款专用额度，购买符合条件的地方法人银行2020年3月1日-12月31日期间新发放普惠小微信用贷款的40%。在分析人士看来，这不仅支持小微企业和实体经济，也有助于缓解中小银行的资金压力。娄飞鹏表示，保持流动性合理充裕是货币政策的目标，从这个角度看同业存单利率走势大概率趋于稳定，也不排除在半年的时间点过后有所下行。另外，除了同业负债外，存款也是银行的主要负债来源。在面临吸储压力较大的情况下，中小银行需要跳出存款发展存款，要通过发展资产业务、中间业务等吸收沉淀存款。
关注同花顺财经（ths518），获取更多机会
(function(){var obj = null;if(document.getElementById('arctTailMark')) {obj = document.getElementById('arctTailMark');}if(obj!=null){var str = '(image_address=""http://i.thsi.cn/images/article/logo.jpg"")  返回首页';var showed = 0;try{var oo = obj.previousSibling;while(oo.nodeType!=1 || oo.innerHTML.replace(/\s|\u3000/g,'').length==0){oo = oo.previousSibling;}if(oo.nodeType==1 && oo.tagName.toLowerCase()=='p') {var span = document.createElement('span');span.innerHTML =str;oo.appendChild(span);showed = 1;}}catch (e){}if(showed == 0){obj.innerHTML =str;}}})();",2020-06-04 19:47:56,同花顺
54,同业存单到期收益率上行 银行揽储压力显现,"北京商报讯临近年中，银行的揽储压力有所上升。6月4日，据中国货币网披露的最新数据显示，同业存单收益率较上个月小幅上涨。其中，对应城商行和农商行的同业存单到期收盘收益率AA+曲线，一个月期收益率为1.6369%，比5月初高出约0.32个百分点。分析人士指出，受年中考核压力等因素影响，同业存单的发行利率有所上升。
在国有银行和股份制银行方面，对应国有大行的同业存单（AAA+）到期收盘收益率曲线，一个月期收益率为1.4889%，较5月初上涨0.425个百分点；对应股份制银行的同业存单（AAA）到期收盘一个月期收益率为1.5030%，比5月初的1.0773%高约0.426个百分点。
对于同业存单收益率的上涨，苏宁金融研究院高级研究员陶金表示，尽管上周央行放量投放逆回购，但近几日银行体系流动性明显收紧，带动了同业存单收益率上行。对于不同类型银行对应的同业存单收益率涨幅不同的情况，陶金认为，地方银行因为《关于加大小微企业信用贷款支持力度的通知》（以下简称《通知》）中对地方法人银行的普惠小微贷款的购买政策，获得了更多流动性支持，令其同业存单利率上行幅度较小。
在收益率上涨的同时，同业存单的发行量也开始增多。据上海清算所公布的清算结算与发行托管业务每日统计信息，6月3日共发行86只同业存单，相较6月1日的47只、6月2日的46只增长明显。今年5月同业存单的需求较为平淡，当月同业存单发行数量为2121只，发行金额达到10873.1亿元，相较4月的2273只、13262.5亿元有所下滑。
从银行类别来看，中小银行资金压力更为紧张。根据中国货币网披露的同业存单发行信息表，5月1日至6月4日16时许，商业银行发行的同业存单共计2395只，发行规模达到11389.3亿元。在2395只同业存单中，中小银行合计发行1999只，占比超过八成；股份制银行和国有银行分别发行347只和36只。
从单个同业存单收益率也可看出中小银行的资金压力。以1个月期同业存单为例，锦州银行、辽阳银行、温州民商银行、贵州兴义农商行、云南普洱思茅农商行等多家银行发行的同业存单参考收益率已超过2%；而兴业银行、浦发银行等同期发行的存单收益率仅在1.15%左右。
中小银行对同业存单的依赖与其揽储能力较弱有关。邮储银行（601658）战略发展部研究员娄飞鹏表示，目前临近年中，商业银行面临MPA（宏观审慎评估体系）等考核压力，资金压力较大，此时便采用提高同业存单发行利率的方式来吸引资金。中小银行受限于网点、知名度、产品不足等因素，本身吸储压力较大，而且难以从央行的公开市场操作中获得流动性支持，因而对同业存单的依赖度较高。
监管机构近期也采取措施，缓解中小银行资金压力。央行日前发布《通知》，明确自6月1日起，央行通过创新货币政策工具使用4000亿元再贷款专用额度，购买符合条件的地方法人银行2020年3月1日-12月31日期间新发放普惠小微信用贷款的40%。在分析人士看来，这不仅支持小微企业和实体经济，也有助于缓解中小银行的资金压力。娄飞鹏表示，保持流动性合理充裕是货币政策的目标，从这个角度看同业存单利率走势大概率趋于稳定，也不排除在半年的时间点过后有所下行。另外，除了同业负债外，存款也是银行的主要负债来源。在面临吸储压力较大的情况下，中小银行需要跳出存款发展存款，要通过发展资产业务、中间业务等吸收沉淀存款。
同花顺上线「疫情地图」
点击查看：新型肺炎疫情实时动态地图>>>
关注同花顺财经（ths518），获取更多机会
(function(){var obj = null;if(document.getElementById('arctTailMark')) {obj = document.getElementById('arctTailMark');}if(obj!=null){var str = '(image_address=""http://i.thsi.cn/images/article/logo.jpg"")  返回首页';var showed = 0;try{var oo = obj.previousSibling;while(oo.nodeType!=1 || oo.innerHTML.replace(/\s|\u3000/g,'').length==0){oo = oo.previousSibling;}if(oo.nodeType==1 && oo.tagName.toLowerCase()=='p') {var span = document.createElement('span');span.innerHTML =str;oo.appendChild(span);showed = 1;}}catch (e){}if(showed == 0){obj.innerHTML =str;}}})();",2020-06-04 19:47:56,同花顺
55,同业存单到期收益率上行 银行揽储压力显现,"北京商报讯临近年中，银行的揽储压力有所上升。6月4日，据中国货币网披露的最新数据显示，同业存单收益率较上个月小幅上涨。其中，对应城商行和农商行的同业存单到期收盘收益率AA+曲线，一个月期收益率为1.6369%，比5月初高出约0.32个百分点。分析人士指出，受年中考核压力等因素影响，同业存单的发行利率有所上升。
在国有银行和股份制银行方面，对应国有大行的同业存单（AAA+）到期收盘收益率曲线，一个月期收益率为1.4889%，较5月初上涨0.425个百分点；对应股份制银行的同业存单（AAA）到期收盘一个月期收益率为1.5030%，比5月初的1.0773%高约0.426个百分点。
对于同业存单收益率的上涨，苏宁金融研究院高级研究员陶金表示，尽管上周央行放量投放逆回购，但近几日银行体系流动性明显收紧，带动了同业存单收益率上行。对于不同类型银行对应的同业存单收益率涨幅不同的情况，陶金认为，地方银行因为《关于加大小微企业信用贷款支持力度的通知》（以下简称《通知》）中对地方法人银行的普惠小微贷款的购买政策，获得了更多流动性支持，令其同业存单利率上行幅度较小。
在收益率上涨的同时，同业存单的发行量也开始增多。据上海清算所公布的清算结算与发行托管业务每日统计信息，6月3日共发行86只同业存单，相较6月1日的47只、6月2日的46只增长明显。今年5月同业存单的需求较为平淡，当月同业存单发行数量为2121只，发行金额达到10873.1亿元，相较4月的2273只、13262.5亿元有所下滑。
从银行类别来看，中小银行资金压力更为紧张。根据中国货币网披露的同业存单发行信息表，5月1日至6月4日16时许，商业银行发行的同业存单共计2395只，发行规模达到11389.3亿元。在2395只同业存单中，中小银行合计发行1999只，占比超过八成；股份制银行和国有银行分别发行347只和36只。
从单个同业存单收益率也可看出中小银行的资金压力。以1个月期同业存单为例，锦州银行、辽阳银行、温州民商银行、贵州兴义农商行、云南普洱思茅农商行等多家银行发行的同业存单参考收益率已超过2%；而兴业银行、浦发银行等同期发行的存单收益率仅在1.15%左右。
中小银行对同业存单的依赖与其揽储能力较弱有关。邮储银行（601658）战略发展部研究员娄飞鹏表示，目前临近年中，商业银行面临MPA（宏观审慎评估体系）等考核压力，资金压力较大，此时便采用提高同业存单发行利率的方式来吸引资金。中小银行受限于网点、知名度、产品不足等因素，本身吸储压力较大，而且难以从央行的公开市场操作中获得流动性支持，因而对同业存单的依赖度较高。
监管机构近期也采取措施，缓解中小银行资金压力。央行日前发布《通知》，明确自6月1日起，央行通过创新货币政策工具使用4000亿元再贷款专用额度，购买符合条件的地方法人银行2020年3月1日-12月31日期间新发放普惠小微信用贷款的40%。在分析人士看来，这不仅支持小微企业和实体经济，也有助于缓解中小银行的资金压力。娄飞鹏表示，保持流动性合理充裕是货币政策的目标，从这个角度看同业存单利率走势大概率趋于稳定，也不排除在半年的时间点过后有所下行。另外，除了同业负债外，存款也是银行的主要负债来源。在面临吸储压力较大的情况下，中小银行需要跳出存款发展存款，要通过发展资产业务、中间业务等吸收沉淀存款。
同花顺上线「疫情地图」
点击查看：新型肺炎疫情实时动态地图>>>
关注同花顺财经（ths518），获取更多机会
(function(){var obj = null;if(document.getElementById('arctTailMark')) {obj = document.getElementById('arctTailMark');}if(obj!=null){var str = '(image_address=""http://i.thsi.cn/images/article/logo.jpg"")  返回首页';var showed = 0;try{var oo = obj.previousSibling;while(oo.nodeType!=1 || oo.innerHTML.replace(/\s|\u3000/g,'').length==0){oo = oo.previousSibling;}if(oo.nodeType==1 && oo.tagName.toLowerCase()=='p') {var span = document.createElement('span');span.innerHTML =str;oo.appendChild(span);showed = 1;}}catch (e){}if(showed == 0){obj.innerHTML =str;}}})();",2020-06-04 19:47:56,同花顺
56,同业存单到期收益率上行 银行揽储压力显现,"北京商报讯临近年中，银行的揽储压力有所上升。6月4日，据中国货币网披露的最新数据显示，同业存单收益率较上个月小幅上涨。其中，对应城商行和农商行的同业存单到期收盘收益率AA+曲线，一个月期收益率为1.6369%，比5月初高出约0.32个百分点。分析人士指出，受年中考核压力等因素影响，同业存单的发行利率有所上升。
在国有银行和股份制银行方面，对应国有大行的同业存单（AAA+）到期收盘收益率曲线，一个月期收益率为1.4889%，较5月初上涨0.425个百分点；对应股份制银行的同业存单（AAA）到期收盘一个月期收益率为1.5030%，比5月初的1.0773%高约0.426个百分点。
对于同业存单收益率的上涨，苏宁金融研究院高级研究员陶金表示，尽管上周央行放量投放逆回购，但近几日银行体系流动性明显收紧，带动了同业存单收益率上行。对于不同类型银行对应的同业存单收益率涨幅不同的情况，陶金认为，地方银行因为《关于加大小微企业信用贷款支持力度的通知》（以下简称《通知》）中对地方法人银行的普惠小微贷款的购买政策，获得了更多流动性支持，令其同业存单利率上行幅度较小。
在收益率上涨的同时，同业存单的发行量也开始增多。据上海清算所公布的清算结算与发行托管业务每日统计信息，6月3日共发行86只同业存单，相较6月1日的47只、6月2日的46只增长明显。今年5月同业存单的需求较为平淡，当月同业存单发行数量为2121只，发行金额达到10873.1亿元，相较4月的2273只、13262.5亿元有所下滑。
从银行类别来看，中小银行资金压力更为紧张。根据中国货币网披露的同业存单发行信息表，5月1日至6月4日16时许，商业银行发行的同业存单共计2395只，发行规模达到11389.3亿元。在2395只同业存单中，中小银行合计发行1999只，占比超过八成；股份制银行和国有银行分别发行347只和36只。
从单个同业存单收益率也可看出中小银行的资金压力。以1个月期同业存单为例，锦州银行、辽阳银行、温州民商银行、贵州兴义农商行、云南普洱思茅农商行等多家银行发行的同业存单参考收益率已超过2%；而兴业银行、浦发银行等同期发行的存单收益率仅在1.15%左右。
中小银行对同业存单的依赖与其揽储能力较弱有关。邮储银行（601658）战略发展部研究员娄飞鹏表示，目前临近年中，商业银行面临MPA（宏观审慎评估体系）等考核压力，资金压力较大，此时便采用提高同业存单发行利率的方式来吸引资金。中小银行受限于网点、知名度、产品不足等因素，本身吸储压力较大，而且难以从央行的公开市场操作中获得流动性支持，因而对同业存单的依赖度较高。
监管机构近期也采取措施，缓解中小银行资金压力。央行日前发布《通知》，明确自6月1日起，央行通过创新货币政策工具使用4000亿元再贷款专用额度，购买符合条件的地方法人银行2020年3月1日-12月31日期间新发放普惠小微信用贷款的40%。在分析人士看来，这不仅支持小微企业和实体经济，也有助于缓解中小银行的资金压力。娄飞鹏表示，保持流动性合理充裕是货币政策的目标，从这个角度看同业存单利率走势大概率趋于稳定，也不排除在半年的时间点过后有所下行。另外，除了同业负债外，存款也是银行的主要负债来源。在面临吸储压力较大的情况下，中小银行需要跳出存款发展存款，要通过发展资产业务、中间业务等吸收沉淀存款。
同花顺上线「疫情地图」
点击查看：新型肺炎疫情实时动态地图>>>
关注同花顺财经（ths518），获取更多机会
(function(){var obj = null;if(document.getElementById('arctTailMark')) {obj = document.getElementById('arctTailMark');}if(obj!=null){var str = '(image_address=""http://i.thsi.cn/images/article/logo.jpg"")  返回首页';var showed = 0;try{var oo = obj.previousSibling;while(oo.nodeType!=1 || oo.innerHTML.replace(/\s|\u3000/g,'').length==0){oo = oo.previousSibling;}if(oo.nodeType==1 && oo.tagName.toLowerCase()=='p') {var span = document.createElement('span');span.innerHTML =str;oo.appendChild(span);showed = 1;}}catch (e){}if(showed == 0){obj.innerHTML =str;}}})();",2020-06-04 19:47:56,同花顺
57,同业存单到期收益率上行 银行揽储压力显现,"北京商报讯临近年中，银行的揽储压力有所上升。6月4日，据中国货币网披露的最新数据显示，同业存单收益率较上个月小幅上涨。其中，对应城商行和农商行的同业存单到期收盘收益率AA+曲线，一个月期收益率为1.6369%，比5月初高出约0.32个百分点。分析人士指出，受年中考核压力等因素影响，同业存单的发行利率有所上升。
在国有银行和股份制银行方面，对应国有大行的同业存单（AAA+）到期收盘收益率曲线，一个月期收益率为1.4889%，较5月初上涨0.425个百分点；对应股份制银行的同业存单（AAA）到期收盘一个月期收益率为1.5030%，比5月初的1.0773%高约0.426个百分点。
对于同业存单收益率的上涨，苏宁金融研究院高级研究员陶金表示，尽管上周央行放量投放逆回购，但近几日银行体系流动性明显收紧，带动了同业存单收益率上行。对于不同类型银行对应的同业存单收益率涨幅不同的情况，陶金认为，地方银行因为《关于加大小微企业信用贷款支持力度的通知》（以下简称《通知》）中对地方法人银行的普惠小微贷款的购买政策，获得了更多流动性支持，令其同业存单利率上行幅度较小。
在收益率上涨的同时，同业存单的发行量也开始增多。据上海清算所公布的清算结算与发行托管业务每日统计信息，6月3日共发行86只同业存单，相较6月1日的47只、6月2日的46只增长明显。今年5月同业存单的需求较为平淡，当月同业存单发行数量为2121只，发行金额达到10873.1亿元，相较4月的2273只、13262.5亿元有所下滑。
从银行类别来看，中小银行资金压力更为紧张。根据中国货币网披露的同业存单发行信息表，5月1日至6月4日16时许，商业银行发行的同业存单共计2395只，发行规模达到11389.3亿元。在2395只同业存单中，中小银行合计发行1999只，占比超过八成；股份制银行和国有银行分别发行347只和36只。
从单个同业存单收益率也可看出中小银行的资金压力。以1个月期同业存单为例，锦州银行、辽阳银行、温州民商银行、贵州兴义农商行、云南普洱思茅农商行等多家银行发行的同业存单参考收益率已超过2%；而兴业银行、浦发银行等同期发行的存单收益率仅在1.15%左右。
中小银行对同业存单的依赖与其揽储能力较弱有关。邮储银行（601658）战略发展部研究员娄飞鹏表示，目前临近年中，商业银行面临MPA（宏观审慎评估体系）等考核压力，资金压力较大，此时便采用提高同业存单发行利率的方式来吸引资金。中小银行受限于网点、知名度、产品不足等因素，本身吸储压力较大，而且难以从央行的公开市场操作中获得流动性支持，因而对同业存单的依赖度较高。
监管机构近期也采取措施，缓解中小银行资金压力。央行日前发布《通知》，明确自6月1日起，央行通过创新货币政策工具使用4000亿元再贷款专用额度，购买符合条件的地方法人银行2020年3月1日-12月31日期间新发放普惠小微信用贷款的40%。在分析人士看来，这不仅支持小微企业和实体经济，也有助于缓解中小银行的资金压力。娄飞鹏表示，保持流动性合理充裕是货币政策的目标，从这个角度看同业存单利率走势大概率趋于稳定，也不排除在半年的时间点过后有所下行。另外，除了同业负债外，存款也是银行的主要负债来源。在面临吸储压力较大的情况下，中小银行需要跳出存款发展存款，要通过发展资产业务、中间业务等吸收沉淀存款。
同花顺上线「疫情地图」
点击查看：新型肺炎疫情实时动态地图>>>
关注同花顺财经（ths518），获取更多机会
(function(){var obj = null;if(document.getElementById('arctTailMark')) {obj = document.getElementById('arctTailMark');}if(obj!=null){var str = '(image_address=""http://i.thsi.cn/images/article/logo.jpg"")  返回首页';var showed = 0;try{var oo = obj.previousSibling;while(oo.nodeType!=1 || oo.innerHTML.replace(/\s|\u3000/g,'').length==0){oo = oo.previousSibling;}if(oo.nodeType==1 && oo.tagName.toLowerCase()=='p') {var span = document.createElement('span');span.innerHTML =str;oo.appendChild(span);showed = 1;}}catch (e){}if(showed == 0){obj.innerHTML =str;}}})();",2020-06-04 19:47:56,同花顺
58,同业存单到期收益率上行 银行揽储压力显现,"北京商报讯临近年中，银行的揽储压力有所上升。6月4日，据中国货币网披露的最新数据显示，同业存单收益率较上个月小幅上涨。其中，对应城商行和农商行的同业存单到期收盘收益率AA+曲线，一个月期收益率为1.6369%，比5月初高出约0.32个百分点。分析人士指出，受年中考核压力等因素影响，同业存单的发行利率有所上升。
在国有银行和股份制银行方面，对应国有大行的同业存单（AAA+）到期收盘收益率曲线，一个月期收益率为1.4889%，较5月初上涨0.425个百分点；对应股份制银行的同业存单（AAA）到期收盘一个月期收益率为1.5030%，比5月初的1.0773%高约0.426个百分点。
对于同业存单收益率的上涨，苏宁金融研究院高级研究员陶金表示，尽管上周央行放量投放逆回购，但近几日银行体系流动性明显收紧，带动了同业存单收益率上行。对于不同类型银行对应的同业存单收益率涨幅不同的情况，陶金认为，地方银行因为《关于加大小微企业信用贷款支持力度的通知》（以下简称《通知》）中对地方法人银行的普惠小微贷款的购买政策，获得了更多流动性支持，令其同业存单利率上行幅度较小。
在收益率上涨的同时，同业存单的发行量也开始增多。据上海清算所公布的清算结算与发行托管业务每日统计信息，6月3日共发行86只同业存单，相较6月1日的47只、6月2日的46只增长明显。今年5月同业存单的需求较为平淡，当月同业存单发行数量为2121只，发行金额达到10873.1亿元，相较4月的2273只、13262.5亿元有所下滑。
从银行类别来看，中小银行资金压力更为紧张。根据中国货币网披露的同业存单发行信息表，5月1日至6月4日16时许，商业银行发行的同业存单共计2395只，发行规模达到11389.3亿元。在2395只同业存单中，中小银行合计发行1999只，占比超过八成；股份制银行和国有银行分别发行347只和36只。
从单个同业存单收益率也可看出中小银行的资金压力。以1个月期同业存单为例，锦州银行、辽阳银行、温州民商银行、贵州兴义农商行、云南普洱思茅农商行等多家银行发行的同业存单参考收益率已超过2%；而兴业银行、浦发银行等同期发行的存单收益率仅在1.15%左右。
中小银行对同业存单的依赖与其揽储能力较弱有关。邮储银行（601658）战略发展部研究员娄飞鹏表示，目前临近年中，商业银行面临MPA（宏观审慎评估体系）等考核压力，资金压力较大，此时便采用提高同业存单发行利率的方式来吸引资金。中小银行受限于网点、知名度、产品不足等因素，本身吸储压力较大，而且难以从央行的公开市场操作中获得流动性支持，因而对同业存单的依赖度较高。
监管机构近期也采取措施，缓解中小银行资金压力。央行日前发布《通知》，明确自6月1日起，央行通过创新货币政策工具使用4000亿元再贷款专用额度，购买符合条件的地方法人银行2020年3月1日-12月31日期间新发放普惠小微信用贷款的40%。在分析人士看来，这不仅支持小微企业和实体经济，也有助于缓解中小银行的资金压力。娄飞鹏表示，保持流动性合理充裕是货币政策的目标，从这个角度看同业存单利率走势大概率趋于稳定，也不排除在半年的时间点过后有所下行。另外，除了同业负债外，存款也是银行的主要负债来源。在面临吸储压力较大的情况下，中小银行需要跳出存款发展存款，要通过发展资产业务、中间业务等吸收沉淀存款。
同花顺上线「疫情地图」
点击查看：新型肺炎疫情实时动态地图>>>
关注同花顺财经（ths518），获取更多机会
(function(){var obj = null;if(document.getElementById('arctTailMark')) {obj = document.getElementById('arctTailMark');}if(obj!=null){var str = '(image_address=""http://i.thsi.cn/images/article/logo.jpg"")  返回首页';var showed = 0;try{var oo = obj.previousSibling;while(oo.nodeType!=1 || oo.innerHTML.replace(/\s|\u3000/g,'').length==0){oo = oo.previousSibling;}if(oo.nodeType==1 && oo.tagName.toLowerCase()=='p') {var span = document.createElement('span');span.innerHTML =str;oo.appendChild(span);showed = 1;}}catch (e){}if(showed == 0){obj.innerHTML =str;}}})();",2020-06-04 19:47:56,同花顺
59,同业存单到期收益率上行 银行揽储压力显现,"北京商报讯临近年中，银行的揽储压力有所上升。6月4日，据中国货币网披露的最新数据显示，同业存单收益率较上个月小幅上涨。其中，对应城商行和农商行的同业存单到期收盘收益率AA+曲线，一个月期收益率为1.6369%，比5月初高出约0.32个百分点。分析人士指出，受年中考核压力等因素影响，同业存单的发行利率有所上升。
在国有银行和股份制银行方面，对应国有大行的同业存单（AAA+）到期收盘收益率曲线，一个月期收益率为1.4889%，较5月初上涨0.425个百分点；对应股份制银行的同业存单（AAA）到期收盘一个月期收益率为1.5030%，比5月初的1.0773%高约0.426个百分点。
对于同业存单收益率的上涨，苏宁金融研究院高级研究员陶金表示，尽管上周央行放量投放逆回购，但近几日银行体系流动性明显收紧，带动了同业存单收益率上行。对于不同类型银行对应的同业存单收益率涨幅不同的情况，陶金认为，地方银行因为《关于加大小微企业信用贷款支持力度的通知》（以下简称《通知》）中对地方法人银行的普惠小微贷款的购买政策，获得了更多流动性支持，令其同业存单利率上行幅度较小。
在收益率上涨的同时，同业存单的发行量也开始增多。据上海清算所公布的清算结算与发行托管业务每日统计信息，6月3日共发行86只同业存单，相较6月1日的47只、6月2日的46只增长明显。今年5月同业存单的需求较为平淡，当月同业存单发行数量为2121只，发行金额达到10873.1亿元，相较4月的2273只、13262.5亿元有所下滑。
从银行类别来看，中小银行资金压力更为紧张。根据中国货币网披露的同业存单发行信息表，5月1日至6月4日16时许，商业银行发行的同业存单共计2395只，发行规模达到11389.3亿元。在2395只同业存单中，中小银行合计发行1999只，占比超过八成；股份制银行和国有银行分别发行347只和36只。
从单个同业存单收益率也可看出中小银行的资金压力。以1个月期同业存单为例，锦州银行、辽阳银行、温州民商银行、贵州兴义农商行、云南普洱思茅农商行等多家银行发行的同业存单参考收益率已超过2%；而兴业银行、浦发银行等同期发行的存单收益率仅在1.15%左右。
中小银行对同业存单的依赖与其揽储能力较弱有关。邮储银行（601658）战略发展部研究员娄飞鹏表示，目前临近年中，商业银行面临MPA（宏观审慎评估体系）等考核压力，资金压力较大，此时便采用提高同业存单发行利率的方式来吸引资金。中小银行受限于网点、知名度、产品不足等因素，本身吸储压力较大，而且难以从央行的公开市场操作中获得流动性支持，因而对同业存单的依赖度较高。
监管机构近期也采取措施，缓解中小银行资金压力。央行日前发布《通知》，明确自6月1日起，央行通过创新货币政策工具使用4000亿元再贷款专用额度，购买符合条件的地方法人银行2020年3月1日-12月31日期间新发放普惠小微信用贷款的40%。在分析人士看来，这不仅支持小微企业和实体经济，也有助于缓解中小银行的资金压力。娄飞鹏表示，保持流动性合理充裕是货币政策的目标，从这个角度看同业存单利率走势大概率趋于稳定，也不排除在半年的时间点过后有所下行。另外，除了同业负债外，存款也是银行的主要负债来源。在面临吸储压力较大的情况下，中小银行需要跳出存款发展存款，要通过发展资产业务、中间业务等吸收沉淀存款。
同花顺上线「疫情地图」
点击查看：新型肺炎疫情实时动态地图>>>
关注同花顺财经（ths518），获取更多机会
(function(){var obj = null;if(document.getElementById('arctTailMark')) {obj = document.getElementById('arctTailMark');}if(obj!=null){var str = '(image_address=""http://i.thsi.cn/images/article/logo.jpg"")  返回首页';var showed = 0;try{var oo = obj.previousSibling;while(oo.nodeType!=1 || oo.innerHTML.replace(/\s|\u3000/g,'').length==0){oo = oo.previousSibling;}if(oo.nodeType==1 && oo.tagName.toLowerCase()=='p') {var span = document.createElement('span');span.innerHTML =str;oo.appendChild(span);showed = 1;}}catch (e){}if(showed == 0){obj.innerHTML =str;}}})();",2020-06-04 19:47:56,同花顺
