,title,content,pub_time,src
0,WEMONEY朝闻：2019年信托行业A类公司“缩容”； 广发银行停用直销银行网站端口,"安徽全省94家P2P全部停业退出新力金融旗下P2P累计逾期7885.01万元何解？
WEMONEY研究室讯5月20日，安徽省宣布截至4月末，全省94家P2P网络借贷机构全部停业退出。据WEMONEY研究室不完全统计，目前安徽省待收最高的P2P平台为德众金融，据德众金融官网实时数据显示，截至2020年5月21日，平台借贷余额为8129.3万元，涉及出借人2326人。其中，平台历史累计逾期金额7885.01万元，累计代偿5425.96万元。公开资料显示，德众金融为安徽省供销社下属的安徽新力投资集团发起成立的安徽省国资背景网络借贷平台，经重组收购，现变更为安徽省供销社旗下、上市公司新力金融控股的兼具国资金融集团及上市公司双重背景的互联网金融平台。【详情点击标题】
2019年信托行业A类公司“缩容”
相较往年行业评级有超过25家信托公司拿A的情况，2019年A类名单或有不小幅度缩水。根据记者采访调查，确认爱建信托、百瑞信托、国投泰康信托、华宝信托、华能信托、华润信托、华鑫信托、建信信托、交银信托、民生信托、上海信托、外贸信托、西藏信托、兴业信托、中航信托、中融信托、中铁信托、中信信托及重庆信托等19家公司在2019年信托行业评级中拿下A评级。【证券时报】
直销银行成“前浪”广发银行停用相应端口
随着传统手机银行功能的丰富，直销银行的地位也越发尴尬，从成立之初的一拥而上到现在关闭部分端口。广发银行近日表示，直销银行网站将于6月12日停止提供登录窗口。在此之前，浦发银行、平安银行等多家银行已将直销银行与手机银行合并。分析人士指出，银行关闭直销银行相应端口的背后体现了投入回报不匹配，在重视手机银行的同时，更应思考直销银行留存的必要性。【北京商报】
全国人大代表王天宇：建议成立专门针对小微的AMC
加快处置不良资产，盘活存量贷款，是商业银行增加信贷供给的重要方式。不过，全国人大代表、郑州银行董事长王天宇认为，不良资产处置市场化推进较为缓慢，其中的因素包括金融资产管理公司（AMC）融资成本较高及盈利压力。为此，王天宇代表建议，放宽AMC对商业银行不良资产的受让规定，放宽不良处置市场化准入标准，允许符合资格的非持牌AMC承接商业银行不良资产包，成立针对中小微企业的资产管理公司。同时，降低商业银行与资产管理公司融资成本及资本占用。【21世纪经济报道】
延期产品再度延期！国元信托称本月底前完成兑付
近日，有投资者反馈，安徽国元信托有限责任公司（国元信托）已延期兑付的“国元&middot;安盈&middot;201705032号集合资金信托计划”再度未按期给付，本应于2020年5月15日偿还兑付30%信托贷款及到期利息至今仍未到账。针对投资者所反映情况，记者向国元信托了解到，由于受到疫情影响兑付延期，当地政府正在筹措资金并承诺于十个工作日内还清该笔款项。同时，国元信托表示，目前已积极应对，于5月16日派部门经理、项目经理进驻催收。据了解，该产品本应于2020年1月全部到期，但在2019年11月中旬，国元信托便因融资方资金吃紧提前宣告“违约”，向投资者征询意见，要求延期至2020年10月15日。还披露了如下还款方案：在该项目每期到期日，融资方偿还该期贷款金额的30%及到期利息；2020年5月15日，融资方偿还信托贷款总规模30%及到期利息；2020年10月15日，融资方偿还剩余本金及到期利息。【财联社】
蛟河农商行2019年净亏损1.56亿元36亿投资款仍未追回
被重重困境包围的吉林蛟河农村商业银行，2019年度报告给其业绩再添阴影。从年报披露信息来看，蛟河农商行2019年资产规模有所下滑，营业收入、净利润均为负值，且净利润已是连续三年处于亏损状态。截至2019年12月，该行资产规模为95.7亿元，较上一年同期的103.4亿元下降7.45%；负债总额为92.5亿元，上年同期为98.7亿元；净利润为亏损1.56亿元。值得注意的是，在资产规模收缩的同时，蛟河农商行的资产质量也是逐年下滑，不良率呈连续攀升态势。此外，因踩雷两个银行投资项目，致巨额应收款项无法按期收回，蛟河农商行自2016年起就陷入流动性危机之中。据悉，两笔投资款项金额高达36亿元。【新华融媒看财经】
整理：林小林",2020-05-22 08:41:28,凤凰财经
1,房地产税推进定调从“稳步”到“稳妥”，一字之差有何深意？,"(image_address=""https://x0.ifengimg.com/res/2020/8F34289A946640845073C198A778A64D39946FF3_size50_w1080_h720.jpeg"")
中国城市房地产研究院院长谢逸枫指出，房地产税包括房产开发、流通、保有等诸多环节，涉及房产税、土地增值税、城镇土地使用税等诸多税种，其实施目标是为了完善房地产税收体系。
近年来楼市上空一直悬着一只“靴子”——房地产税。每年两会，房地产税的进程都引发各界关注，今年亦不例外。
5月18日，中共中央、国务院发布《关于新时代加快完善社会主义市场经济体制的意见》（以下简称“《意见》”）。在加快建立现代财税制度一项中，《意见》提出要“稳妥推进房地产税立法”。
这与2018年相关表述相同，而2019年政府工作报告关于房地产税的表述则是“稳步推进房地产税立法”。从“稳妥”到“稳步”，一度被解读为房地产税立法工作或已有推进步骤。
如今，从“稳步”再回到“稳妥”，一字之差却别有深意。中国财政科学研究院研究员贾康向时代财经表示，“稳妥是一个更谨慎的词，（原因）还是感觉比较棘手、难度比较大，但是方向不变，改革的确定性和势在必行是没有变的。”
调控楼市不是立法初衷
房地产税的立法工作在艰难中推进。2013年，房地产税立法首次被提上日程，2015年被列入预备项目，2016年被列入第一类立法项目。到了2017年，十二届全国人大五次会议新闻发布会上，发言人傅莹表示，没有把房地产税草案提请常委会审议的安排，但把制定房地产税法列入了五年立法规划。
随后，从2018年的“稳妥推进”到2019年的“稳步推进”，房地产税的落地似乎越来越近了。2019年，继3月5日政府工作报告中明确提出“稳步推进房地产税立法”后，3月8日的十三届全国人大第二次会议上再次提到房地产税法，称要集中力量落实好党中央确立的重大立法事项，制定房地产税法等多项立法的调研、起草都要加紧工作，确保如期完成。
中国城市房地产研究院院长谢逸枫对时代财经指出，房地产税包括房产开发、流通、保有等诸多环节，涉及房产税、土地增值税、城镇土地使用税等诸多税种，其实施目标是为了完善房地产税收体系。
我国目前现行的房产税于第二步利改税以后开征，以房屋为征税对象。1986年9月15日，国务院发布《中华人民共和国房产税暂行条例》，该《条例》从1986年10月1日起开始实施。
“房产税和房地产税，两者有一定的替代关系，但是不完全一样。房产税只针对商业性房产征税，对于自主物业暂时免征；房地产税一旦开征，则面向所有的房产，无论其是否属于商业性质。2016年5月我国全面推行营改增之后，地方税的主体税种消失了，需要新的主体税种取而代之，房地产税就成为首选。”中山大学岭南学院财政税务系主任、教授林江对时代财经称。
在金杜律师事务所合伙人叶永青律师看来，调控楼市并不是房地产税的立法初衷，其主要立法目的是为地方政府筹集财政收入、健全地方税体系，及通过对普通房产不征税、对大部分房产征收轻税、对少量奢侈性房产征收重税的方式调节和促进社会公平。
但房地产税还是多被认为是房产行业的重大利空。2019年3月8日的十三届全国人大第二次会议上再次提到房地产税法后，港股、内房股于当日全线大跌，恒生中国内地地产指数跌5.17%，多家龙头房企股价跌幅超5%。
“靴子”还难落地
关于房地产税的讨论已超过十年，而无论从立法层面还是执法层面，房地产税的落地或许还有一段很长的路要走。
“房地产税立法工作由全国人大预算工作委员会会同财政部牵头起草草案。对于重要税种的立法，在草案起草阶段、最迟在提交人大形成征求意见稿后，会向社会公开征求意见；通常全国人大还会通过中国法学会组织法学专家论证、提出修改建议。融合公众和专家修改意见后的文本会提交全国人大常委会进行三次审读。”叶永青律师对时代财经介绍到。
“理论上，房地产税法不属于基本法律，可以由全国人大常委会直接审议通过，但考虑到社会关注程度很高，也不能完全排除提交全国人民代表大会表决的可能性。”
他认为，房地产税一旦开征，由于整体税负上升对房地产产业链的利空、部分闲置房产被集中释放等原因，短期内可能导致房价下挫。但如果开征时间节点把控得精准，房地产税不会长期地、显著地对楼市造成不利影响。
在林江看来，房地产税一旦开征，短期内不一定会直接对楼市产生很大的影响，因为房地产税出台后，会合并或取消原来征收的部分房地产相关税收，如土地增值税、房产税。从总体税负上说，房地产税的开征不一定会直接增加房产持有人的负担。
“但其影响是长期的，特别是目前我们还没有办法确定房地产税推出后的具体细节，如果不是简单地把现在征收的房产税及其他相关税种平移到房地产税，就可能增加税负。但税负增加是否一定导致房价下跌，答案也不确定，主要还是得看供需关系。如果购房者众多，持有房产的人并不担心房子卖不出去，卖房者会把房地产税负转嫁给购房者，从而导致房价不跌反升；反之，房价会下跌。”
而房地产税面临征税范围、税率、计税依据等诸多技术性问题，在叶永青律师看来，即便通过立法，房地产税在实施中也将面临两大难点，一是全面、透明的产权登记，二是房地产评估机制。
“这两点可谓是实行房地产税的基础性制度环境要素。特别是后者，由于目前以房地产评估值作为房地产税计税依据基本成为房地产税立法的共识，如何对全国不同地域的房地产进行估值，由哪一机构负责发布估值，以什么频率或周期进行重新估值等等，都是需要解答的问题。”
全国人大常委会曾表示2020年要全面落实税收法定原则。目前来看，房地产税大概率不受此时间节点的倒逼。林江认为，今年人大会否讨论房地产税法的可能性皆为50%。
“应该推出的原因是，新冠肺炎疫情背景下，地方政府的财政压力比较大，急需通过开征房地产税这个地方税主体税种来增加财政收入来源；但同样，如果疫情使购房者收入不稳定甚至下降，房地产税会让他们倍感供楼压力增大、购房意愿下降，进而导致房价下跌。因此我认为，应该在疫情基本结束、经济反弹迹象比较明显的时候再通过房地产税的立法。”
叶永青律师则表示，房地产依然在宏观经济中扮演重要作用，基于当前内外宏观经济形势，2-3年内房地产税不会真正落地。但3-5年内，不论是出于抑制资金进一步流向房地产市场的目的，还是出于缓解地方政府债务压力、优化地方政府财政状况的目的，房地产税都应当落地。
而在贾康看来，作为房地产市场长期发展中构建健康长效机制必须解决的基础性制度建设问题，房地产税并不存在法理上的硬障碍，一旦条件具备，还是应该积极地考虑推出它的立法程序。“‘稳妥推进’并不代表在本届人大任期内不考虑这项工作。”",2020-05-22 08:21:59,凤凰财经
2,青蛙王子败退港股,"(image_address=""https://x0.ifengimg.com/ucms/2020_21/2FFF9C3912936717206AAA08F8DFB1DFE403E31E_w800_h800.jpg"")
5月19日，未来发展控股（01259.HK）对外披露，公司以5000万元对价出售青蛙王子（福建）婴童护理用品有限公司全部股权，剥离个人护理业务。
这就意味着，曾经的中国儿童洗护第一品牌青蛙王子，正式告别港股市场。
青蛙王子1998年创立于福建漳州，很快成为中国儿童润肤露第一品牌，儿童沐浴露及洗发水第二品牌，2011年7月在港交所主板上市。
公司“软硬兼施”，不仅做儿童洗护用品，动画片《青蛙王子》出了好几季，业绩蒸蒸日上。2012年，公司营业收入15.72亿元，同比增长23.87%，净利润2.41亿元，同比增长31.10%。随后，公司市值一路飙升，2013年下半年超过60亿港元。
不过，一切在2013年10月戛然而止。美国做空机构劳克斯发布沽空报告，认为青蛙王子的实质销售不足公司声称的25%。
后面的剧本都差不多，股价暴跌、紧急停牌，公司从此一蹶不振。
尽管做空发生在四季度，但仍然影响了公司2013年的业绩。当年，公司营业收入17.12亿元，同比增长仅8.91%，净利润2.00亿元，同比下降17.21%。
2014年7月，上市公司为降低负面影响，将公司名从“青蛙王子”变更为“中国儿童护理”，这并未从实际上解决公司的信任危机。
2015年，公司净利润-5030万元，首次陷入亏损，并延续至今。2019年，公司营业收入8.30亿元，净利润-7340万元。5年来，公司合计亏损8.37亿元。
被做空后长期巨亏，公司股价一再探底，后长期稳定在0.1港元以下，公司市值仅剩1亿港元多一点。
实际上，上市公司剥离青蛙王子，早有先兆。2019年初，公司再度更名，从“中国儿童护理”变更为“未来发展控股”，并未突出日化属性，想必已经做好了剥离的打算。
另外，2019年，公司终止经营网上平台业务，出售相关公司，该业务可以看作是公司洗护业务的配套业务。
2019年，公司个人护理业务营业收入5.25亿元，同比上升32.42%，毛利率17.83%，较上年提升3.77个百分点，亏损3850万元，较上年大幅减亏88.61%。
尽管已经亏损多年，但青蛙王子当年撑起了接近60亿元的市值，如今以5000万元的价格出售，令人唏嘘不已。
而且，在这5000万元的对价中，还包括公司在福建漳州总地盘面积约24253平方米的地块，连同其上建筑面积约55854平方米的工业大厦。
尽管如此，对于上市公司和青蛙王子来说，剥离，可能是一个皆大欢喜的结局。
青蛙王子与这家连年亏损的上市公司切割，脱胎换骨，可以重新开始。
承接青蛙王子（福建）这个标的资产的北京汇通达，正是青蛙王子的运营方之一。启信宝显示，北京汇通达原本持有福建和润70%股权，标的公司青蛙王子（福建）的核心资产正是福建和润30%的股份。
也就是说，上市公司剥离的资产，让日化品牌青蛙王子，成为一个更加独立和完整的主体。
即便青蛙王子被资本市场列入“黑名单”，但它在消费终端，还是具有相当的影响力，如今仍然是一线儿童洗护品牌之一。而且，随着供给侧改革、消费升级、婴儿潮等原因，儿童护理市场前景广阔。
对于上市公司来说，未来发展控股急于通过资产腾挪刮骨疗伤。剥离洗护业务，减亏损、降负债，可以帮助上市公司轻装上阵。
近年，未来发展控股已经从一家日化公司，转型为投资控股公司。目前，公司旗下业务包括放贷、买卖商品、证券投资、物业持有、餐饮五大板块。
近期，公司从百盛手中收购力裕公司，间接持有领先环球公司的股份。领先环球在香港从属农产品交易，主要产品为急冻牛肉、猪肉及鸡肉相关制品。
就目前的混业经营来看，公司各项业务的表现并不好。2019年，公司除洗护业务以外的五大业务板块，只有餐饮业务实现盈利，当年赚了570万元。
从公司董监高构成来看，日化主导的格局已经让位于投资主导，公司三位执行董事，均来自金融或地产行业。
青蛙王子创始人李振辉，从2016年开始便退出公司管理层，陆续清空所持股权。",2020-05-22 08:14:05,凤凰财经
3,同有科技高管减持：举债收购难阻业绩下滑 商誉减值压力不容忽视,"同有科技日前发布公告，持有公司339.13万股股份的董事、副总经理罗华计划在公告披露日起15个交易日后的3个月内以集中竞价或大宗交易方式减持公司股份不超过847,813股，即不超过公司总股本的0.1767%。
分析公司财务报告发现，同有科技2019年3月收购并表鸿秦科技，公司闪存存储业务得以迅速发展，该产品收入同比增长超11倍。但这并未能扭转乾坤，同有科技2019年营业收入和归母净利润仍双双下滑。
值得注意的是，为支付收购交易对价以及保证日常经营需要，同有科技申请了长期借款和短期借款，财务费用因此大幅增长，对公司利润产生一定负面影响。2020年一季度期间，受到新冠疫情以及财务费用的双重压力，同有科技归母净利润锐减。另外，公司2019年报和2020一季报的经营性现金流接连保持流出状态，本金或利息的持续性支付或将面临压力。
业绩连续三年下降，2019净利润减少逾四成
根据资料，同有科技主要从事数据存储、闪存存储、容灾等技术的研究、开发和应用，为政府、特殊行业、金融、能源、交通、制造业、医疗和教育等行业用户构建高效、稳定、可靠的存储产品及解决方案。目前，公司已形成包括混合闪存、全闪存等传统存储、软件定义的分布式存储和行业应用定制存储的产品体系。
2019年年报显示，同有科技实现营业收入3.45亿元，同比减少8.48%；归母净利润1122.22万元，同比减少44.50%；经营活动产生的现金流量净额为-1589.76万元。
(image_address=""https://x0.ifengimg.com/ucms/2020_21/5FFD5D62300AA97DE5078897C5E1984A5440C680_w864_h504.png"")
图1：同有科技2015年至2019年营业收入和归母净利润
需要注意的是，2019年是同有科技经营业绩连续下滑的第三个年头。
数据显示，2017年和2018年，公司分别实现营业收入3.8亿元和3.77亿元，分别同比下降19.49%和0.56%；归母净利润5082.66亿元和2021.94亿元，分别同比下降60.53%和60.22%。
收购并表贡献2019年主要利润
同有科技2019年仍然录得账面利润，主要的原因是并表了鸿秦科技。
从公司主营产品的收入构成来看，同有科技2019年容灾产品实现营业收入1.04亿元，同比减少29.01%；数据存储实现营业收入8764.06万元，同比减少59.89%；闪存存储实现营业收入1.53亿元，同比增长超过11倍。
(image_address=""https://x0.ifengimg.com/ucms/2020_21/22B0DEA14588636126EF6A476F06C82DD1CD526C_w864_h210.png"")
图2：同有科技2019年主营产品收益情况
根据资料，公司闪存存储业务的爆发式增长来源于同有科技对鸿秦科技的收购。
年报信息显示，2019年3月，同有科技完成对鸿秦科技的收购并将其纳入合并范围，充实了公司在闪存存储领域的竞争力。鸿秦科技产品主要在存储产业链的部件及芯片层，目前拥有固态硬盘、存储板卡、安全产品及定制化四大类数十款产品。
2019年，鸿秦科技贡献营业收入1.5亿元，净利润4780.1万元，分别占公司营业收入的43.48%和归母净利润的425.95%。若扣除鸿秦科技并表所带来的收入和利润，同有科技2019年的营业收入将为1.96亿元，较2018年下降48.14%，收入近乎腰斩，而净利润则处于亏损状态。
商誉占比近三成，收购标的压线完成业绩承诺
收购鸿秦科技虽然让公司在2019年避免亏损，但却形成了较高的商誉。截至2019年末，同有科技的账面商誉有4.61亿元，占公司总资产的29.65%。
收购鸿秦科技时，交易对方承诺2018年至2021年扣除非经常性损益后的盈利分别不少于2900万元、4600万元、5900万元、7100万元，承诺盈利共计不少于2.05亿元。
根据相关资料，2018年和2019年鸿秦科技扣除非经常性损益后净利润分别为2961.69万元和4617.80万元，均超过当年承诺利润。公司商誉无减值迹象。不过，2018年和2019年的利润完成度并不高，分别仅有102.13%和100.39%，压线完成业绩承诺。
(image_address=""https://x0.ifengimg.com/ucms/2020_21/BF00A2BC853AA1D72E686D32BFBEB3EE358E9CF1_w864_h247.png"")
图3：鸿秦科技业绩承诺完成情况
研发费用、财务费用大幅增长拖累利润
分析发现，2019年同有科技的归母净利润相较营业收入下滑更为严重的主要原因在于研发费用和财务费用的快速增长。
数据显示，同有科技2019年研发费用为4345.09万元，同比增长44.6%，研发投入占营业收入的比例为12.58%；财务费用为1177.64万元，同比增长454.99%，财务费用占营业收入的比例为3.41%。
根据年报信息，公司财务费用大幅增加主要原因在于2019年3月因收购鸿秦科技支付交易对价增加长期借款1.39亿元，以及为满足日常经营需要增加短期借款，导致财务费用增加1000余万元。
(image_address=""https://x0.ifengimg.com/ucms/2020_21/C87F53C9EB65F162075FCCA9A7034DB1FBAAED90_w864_h504.png"")
图4：同有科技2017年至2019年各项费用
2020年一季度净利润锐减，贷款利息压力较大
公司此前公布的2020年一季报显示，同有科技1月~3月实现营业收入1903.58万元，较上年同期减少61.85%；归母净利润为-1344.46万元，较上年同期减少90.34%。
同有科技在一季报中表示，公司继续围绕“闪存、云计算、自主可控”三大产业方向，积极落实“从芯到系统”的存储全产业链布局，聚焦信创市场。但受新型冠状病毒肺炎疫情的影响，公司及下游客户复工延缓，公司已有项目的推动实施、新项目的拓展均相应推迟，由此导致第一季度毛利减少。此外，因支付利息费用，导致本期财务费用明显增加。
相关数据显示，同有科技2020年1月~3月经营活动产生的现金流量净额为-2516.38万元，利息费用为426.64万元，现金流量利息保障倍数为-5.9。截至3月底，同有科技货币资金有7806.54万元，短期借款有7705.37万元。若未来经营性现金净流量持续为负，公司每期财务费用以及短期账款的持续性偿还将面临一定的压力。",2020-05-22 08:07:16,凤凰财经
4,健帆生物重要股东频套现 行业天花板尚待突破,"健帆生物5月12日晚间发布公告,拟发行可转债募资不超过10亿元，主要用于产能扩张、生产基地建设以及营销升级等项目。
新华财经和面包财经研究员发现，近年来，伴随股价上涨，健帆生物重要股东频繁公告减持。与此同时，健帆生物还面临着行业天花板相对偏低、研发投入占比排名靠后等潜在风险。
业绩高速增长估值处于相对高位
健帆生物主营为血液灌流相关产品及设备的研发、生产和销售，具体包括一次性使用血液灌流器、一次性使用血浆胆红素吸附器、DNA免疫吸附柱及血液净化设备等产品，应用于尿毒症、中毒、重型肝病、自身免疫性疾病等领域的治疗。根据健帆生物2019年年报披露，一次性使用血液灌流器产品贡献营业收入12.98亿元，占公司主营业务收入的比例为90.82%，构成最主要的收入来源。
2015年至2019年，健帆生物的期末营业收入从5.09亿元上升至14.32亿元，同期的归母净利润从2亿元上升至5.71亿元，营收和净利润的年均复合增速分别达到29.51%和29.99%。
(image_address=""https://x0.ifengimg.com/ucms/2020_21/38803A0747BA70DB15C109BDED3E9E80348B2629_w864_h570.png"")
图1：2015-2019年健帆生物营业收入、归母净利润及增速
健帆生物曾在2016年出现业绩增速放缓，当年营收、归母净利润增速分别只有6.83%和0.84%。其中，营收占比93.85%的一次性使用血液灌流器营收增速仅为5.44%。对于这一情况，公司给出的解释是“受宏观经济环境整体影响，产品销售增速放缓。”就在这一年，健帆生物完成了创业板上市。
2017年以来的三年间，健帆生物业绩增速持续回升，期间每年的归母净利润增速均在40%以上。伴随业绩上升，健帆生物的股价2018年、2019年、2020年初至5月21日分别上涨33.14%、77.39%和64.17%。2020年一季度，健帆生物实现营业收入3.79亿元、归母净利润1.84亿元，同比分别增长28.36%和42.32%。
不过，由于股价涨幅超过业绩增幅，目前，健帆生物的市盈率（TTM）接近80倍，处于2017年以来的相对高位。
(image_address=""https://x0.ifengimg.com/ucms/2020_21/9B8BC348A60FF8847A94EB43A8F9578725CA73AA_w864_h570.png"")
图2：2017年至今健帆生物市盈率变化
控股股东及董监高频减持拟发可转债扩产能
伴随股价上涨，2019年以来控股股东已经两次公告减持。第一次发生于2019年3月22日，其控股股东董凡公告计划减持不超过公司总股本0.7%的股份。截至2019年7月25日，董凡最终减持约290万股，占公司总股本的0.6925%，累计套现1.76亿元。
到了2019年11月，健帆生物公告称，董凡拟再次减持不超过1675万股，占公司总股本的比例不超过4%。截至2020年5月8日，董凡已通过大宗交易、集中竞价交易等方式合计减持约758万股，占公司总股本的1.81%。
不仅是控股股东，健帆生物的董监高也频繁公告减持。据不完全统计，2018年9月以来，公司董监高人员至少已经有五次公告减持计划。
2020年5月12日盘后，健帆生物公告将公开发行可转债，预计发行总额不超过10亿元，存续期6年。募集资金将用于血液净化产品产能扩建项目、湖北健帆血液透析粉液产品生产基地项目以及学术推广及营销升级项目。
(image_address=""https://x0.ifengimg.com/ucms/2020_21/66F9C86ED3BD41670FDD57D8417E394F963F1085_w864_h239.png"")
图3：健帆生物发行可转债拟募投项目
行业天花板尚待突破研发投入与高市值不匹配
目前，健帆生物面临着行业天花板相对偏低、研发投入占比排名靠后等潜在风险。
根据光大证券测算，2019年全国血液灌流器的市场规模不到20亿元，而健帆生物的市场占有率超过80%。由此推测，健帆生物未来若想继续保持高速增长，可能需要在提高产品渗透率、使用频率以及拓展新治疗领域方面作出更大的努力。
肝病是健帆生物一个重点布局的领域，2019年其主要肝病产品BS330血液灌流器销售收入为7328.21万元，同比增长63.65%。但是，公司产品在肝病领域的学术证据较为薄弱，或影响其长期销售潜力。健帆生物在2020年4月20日公告的一份投资者关系活动记录表中表示：“目前肝科领域行业内无任何RCT（随机对照试验）研究支撑，公司计划未来开展相关的临床试验研究。”
此外，健帆生物的研发投入排名也相对靠后。数据显示，公司2019年研发投入金额为6815.16万元，占同期营业收入的比例为4.78%。对比同属于Wind医疗保健设备分类且数据完整的另外23家同行企业，健帆生物的研发支出占比排在第18名，研发支出绝对额排在第14名。与之形成对比的是，截至5月21日，健帆生物的总市值排在24家同类企业的第2位，仅次于迈瑞医疗。",2020-05-22 08:03:35,凤凰财经
5,5G概念还要火？一堆上市公司要筹巨资砸入！板块拐点将至？,"5G概念回调，但却拦不住A股的上市公司们押注5G的步伐。
5月21日晚间，深圳两家上市公司发布非公开发行预案，二者合计金额近30亿元，他们的募资用途之一都直指5G。
5G概念卷土重来？
上市公司加速5G投资
经历过年初的急速上涨后，5G概念持续回调已经将近3个月了。从2月26日至今，5G概念板块整体下挫已超过20%。
(image_address=""https://x0.ifengimg.com/ucms/2020_21/16C053436DFB2FBA3840E29EB7EE1133DD5D7413_w578_h340.png"")
一些5G概念的明星股也不能独善其身，如大牛股闻泰科技的股价，从2月26日一度高达171.88元到现在“直逼”100元。
(image_address=""https://x0.ifengimg.com/ucms/2020_21/A1ACDEC0FC1B4B47EBF4E86D0E914A1ACA0D944D_w754_h499.png"")
5G概念在二级市场表现不佳，但上市公司们押注5G的决心却未减一分。
5月21日晚间，深圳的两家上市公司卓翼科技和共进股份双双发布了分别不超过12.2亿元和17.65亿元的非公开发行预案，目标直指5G。
卓翼科技的公告显示，其本次募投的项目主要为“武汉生产基地建设项目”和“厦门TWS耳机等物联网产品生产基地建设项目”。其中“武汉生产基地建设项目”总投资金额为7.62亿元，使用募集资金投入6.20亿元，该项目建成后，生产的产品包括智能路由器、无线路由器、4G/5G模块和其它泛智能硬件。
而共进股份在公告中也表示，在扣除发行费用后将用于“新一代家庭无线终端研发及产业化建设项目”、“5G小基站研发及产业化建设项目”、“5G通信模块研发及产业化建设项目”等。
(image_address=""https://x0.ifengimg.com/ucms/2020_21/8EB9AD00D3DA97A2793E1F8D71C72A42336A1C56_w732_h271.png"")
到底为什么要去搞5G项目？共进股份在其预案中说，随着5G作为国家战略开始大规模商用、新一代通信技术的发展以及通信应用领域的拓展，实施本项目是巩固公司行业地位的必然选择。
增发搞5G的还有很多！
据中国证券报记者不完全统计，5月以来，除了卓翼科技和共进股份，还有很多上市公司近期都在准备增发去投资5G项目或与之相关的项目：
1、5月19日，华脉科技公告称，准备募集资金用于投资“5G无线网络覆盖射频器件产品研发及产业化项目”等项目；
2、5月18日，永鼎股份公告称，准备募集资金用于投资“5G承载网光器件核心芯片研发基地建设项目”；
3、5月9日，梅安森公告称，准备募集资金用于投资“基于5G+AI技术的智慧矿山大数据管控平台项目”等项目；
4、5月7日，诚迈科技公告称，准备募集资金用于投资“面向5G智能手机操作系统的软件平台开发项目”。
虽然上述投资5G及相关的上市公司数量不少，但就投资的绝对金额而言并不大。而在4月底时，紫光股份却是发布了一项总金额高达120亿元的非公开发行预案，其中更是有超过37亿元的资金将用于“5G网络应用关键芯片及设备研发”。
紫光股份在其公告中表示，本项目的实施，将进一步提高公司在5G小基站芯片、5G承载交换芯片、智能化处理技术的研究和开发，并为后续5G相关产品的融合解决方案和产业化奠定良好基础。
5G概念还能再火起来吗？
目前，国内通信行业正处于4G与5G的相互叠加期，国家业已颁布一系列文件推动5G建设，如《国民经济和社会发展第十三个五年规划纲要》提出加快构建高速、移动、安全、泛在的新一代信息基础设施，积极推进5G商用；《国家信息化发展战略纲要》指出5G要在2020取得突破性进展。
同时，5G作为新基建的重要组成部分，上市公司们争先恐后上马5G项目其实是意料之中。二级市场的5G概念还能再火起来吗？
对此，安信证券表示，5G产业大趋势不会变。2020年一季度，通信板块整体实现营业收入2617.36亿元，同比下降3.03%，板块实现归母净利润68.09亿元，同比下降40.55%。一季度板块整体业绩下滑，主要因为2-3月在全国疫情防控措施下，通信企业开工延迟，下游交付受到限制，而产线摊销、折旧及费用支出则相对刚性，导致板块整体收入和毛利率有所下滑。但是，2020年5G及车联网、工业互联网等“新基建”资本开支总量增加，预计二季度全国全面复工复产后，通信板块特别是5G上游产业链，将迎来交付高峰，业绩有望迅速复苏。
国信证券也表示，5G全年业绩确定性强，从二季度开始有望逐步复苏。",2020-05-22 08:02:09,凤凰财经
6,两连板后，江淮汽车一则公告透露出车企新一轮混改启幕,"两连板后，江淮汽车发布公告称，控股股东正在“筹划引进战略投资者”。
(image_address=""https://x0.ifengimg.com/ucms/2020_21/96829FF4EF15E0AEA3A0C75610A1606CF0BA984F_w800_h1018.jpg"")
5月21晚间，江淮汽车就股票交易异常波动情况公告称，经向公司控股股东江汽控股书面问询，江汽控股正在筹划引进战略投资者的相关工作，不涉及公司控制权的变更，目前尚未形成最终方案，存在重大不确定性，对公司目前的生产经营也不构成影响。
(image_address=""https://x0.ifengimg.com/ucms/2020_21/B91B9224949536B8E41B3E25D6CA08652BBFB9A5_w800_h625.jpg"")
江淮汽车“二次混改”？
江汽控股系安徽省国资委全资子公司，安徽省属公司之一。此番引入战略投资者，混改之意昭然若揭。
江汽控股在给上市公司的回函中表示，引进战投的相关工作目前处于商议筹划阶段，既没有形成最终方案，也没有签署任何意向书或相关协议。
为此，江汽控股在回函中一口气向投资者提示了8条风险，用了7个“重大不确定性”。
(image_address=""https://x0.ifengimg.com/ucms/2020_21/A02AC0CAA1A524E3386859D4BEFAC42A074DE8B9_w800_h710.jpg"")
早在6年前的2014年，江淮汽车原控股股东江汽集团曾有过一次混改。
(image_address=""https://x0.ifengimg.com/ucms/2020_21/D3E7BA51FEA855D259BABD2ECB2A4211741AD9A7_w800_h660.jpg"")
根据彼时的方案，江淮汽车通过向江汽集团全体股东发行股份的方式吸收合并江汽集团，交易对价约为64.12亿元，江淮汽车为吸收合并完成后的存续方。在此之前，江汽集团已经引入建投投资和实勤投资两位外部投资者，前者为央企，后者则代表管理层持股。当时，江汽集团的混改和管理层持股被视为“尝鲜”之举。
注册成立于2013年10月的江汽控股，便是在此次过程中通过无偿受让安徽国资委所持江汽集团的股份，成为江淮汽车的控股股东。江汽控股目前持有江淮汽车25.23%股权，若此次引入战投顺利实施，交易对方将间接持有江淮汽车的股份。
江汽控股现任董事长和总经理分别为安进和项兴初，两者同时也是江淮汽车的董事长和副董事长兼总经理。引入战投实施后，江汽控股的管理层会发生怎样的变动，也值得关注。
有业内人士表示，此举对江淮汽车的具体影响几何，取决于战投方的身份，“现在还是太早期了，公布的消息太少，很难判断。战投是什么背景，有哪些资源，造成的影响都不一样。”
车企新一轮混改启幕？
江淮汽车最近的一次两连板，也与“混改”有关。
2月25日，蔚来汽车与合肥市签署蔚来汽车中国总部落户合肥的框架协议。次日，江淮汽车发布股票交易异常波动公告，表示控股股东不存在应披露而未披露的重大事项，且公司与蔚来汽车之间不存在除已披露外的其他合作计划，也没有“混改”的任何计划。
(image_address=""https://x0.ifengimg.com/ucms/2020_21/66DC45D5D6CB4ECFD6B5A9198293FF440D0DBE33_w800_h718.jpg"")
值得关注的是，去年12月4日，两家国资车企曾同时传出混改消息。
当日早间，长江产权交易所公告，奇瑞控股、奇瑞汽车增资扩股项目顺利成交，青岛五道口新能源汽车产业基金企业（有限合伙）（简称“青岛五道口”）成为奇瑞控股、奇瑞汽车的新股东。奇瑞汽车是安徽省内另一家国资车企。
根据公告，青岛五道口持有奇瑞控股和奇瑞汽车的股权比例分别为30.99%和18.5185%，成交总金额为144.5亿元。青岛五道口董事长周建民在接受上证报记者采访时表示，青岛五道口此次参与奇瑞增资扩股的交易总规模约为200亿元。其中，144.5亿元将按照长江产权交易所关公告和要求执行，其余则用于受让奇瑞控股现有股东的部分股权。
(image_address=""https://x0.ifengimg.com/ucms/2020_21/09177F32C0A459A6B7E90DDB4328245CE32CB1F1_w800_h662.jpg"")
同日，长安汽车也公告称，全资子公司长安新能源拟引入南京润科、长新基金、两江基金、南方工业基金作为战略投资者，此次增资完成后，长安新能源变为联营公司。公司今年一季报显示，全资子公司长安新能源引入战略投资者，公司对其丧失控制权后确认的非经常性损益为20.84亿元。
(image_address=""https://x0.ifengimg.com/ucms/2020_21/3D670F4078EFDA4FD99A20BECF47E913440D03BA_w800_h371.jpg"")
值得注意的背景是，4月20日，国资委秘书长、新闻发言人彭华岗在国务院新闻办新闻发布会上表示，《国企改革三年行动方案》已经形成了初步方案，目前正在履行审批程序。",2020-05-22 08:00:19,凤凰财经
