,title,content,pub_time,src
0,银行急缺“长钱”：同业存单利率反超MLF 与回购利差创两年新高,"结构性存款压降、股市太火
商业银行负债来源出现结构性压力，同业存单利率大幅，不仅反超MLF利率，与回购利率之间的利差已创下两年来的新高。
9月15日，1年期AAA级同业存单收益率当日收盘3.0587%，与银行间7天回购利差加权平均利率的利差创2018年中以来的新高，并连续多日超过同期限的1年期中期借贷便利（MLF）利率2.95%。
银行缺少“长钱”
同日，央行开展6000亿元1年期MLF操作，中标利率2.95%维持不变，今日有1700亿元逆回购到期，9月17日有2000亿元MLF到期。
在流动性大幅宽松下，同业存单收益率在今年快速下行，1年期AAA级同业存单收益率在4月11日创下1.6%的历史新低，随后随货币政策收紧而收益率大幅反弹。6月5日、7月10日，1年期AAA级同业存单收益率先后突破2%、2.5%。8月28日，1年期AAA级同业存单收益率至2.9516%，超过1年起MLF中标利率的2.9500%。
与此同时，银行间市场资金利率实际上并未大幅收紧，银行间7天回购利差加权平均利率今年以来不断震荡下行。
造成业内人士指出，造成上述现象的原因，主要是银行负债缺少“长钱”，长期限负债匮乏，超储率处于地位，导致银行同业存单发行利率持续上升，超过1年期MLF中标利率。若同业存单利率继续上行，则可能继续拖累债券市场。
(image_address=""https://x0.ifengimg.com/res/2020/C76FEF90A0DBCB94E7EA8AA5CB1A916869AE5608_size94_w1454_h849.jpeg"")
光大证券首席金融业分析师王一峰认为，自7月份开始，货币市场短期与中长期资金利率运行出现明显分化迹象，表现为DR001和DR007以及利率走廊形态运行稳定，而同业存单利率则明显上行，特别是1年期NCD利率已突破1年期MLF利率，上行至3.05%。这反映出，当前银行间市场资金面在期限上存在分层现象，即银行并不缺“短钱”，而缺稳定的“长钱”。
降准概率不大
造成这种现象出现的原因，一方面主要与结构性存款压降以及股市对一般存款的分流，造成银行负债稳定性下降所致，流动性管理压力加大，对中长期稳定资金的需求较为旺盛。另一方面，央行连续暂停降准操作，通过公开市场操作、MLF模式投放基础货币，在政府债券持续发力影响下，银行体系超储率不断下滑，资金面边际收敛。
在此情况下，央行是否将准？王一峰认为，央行在超额续作MLF的同时，依然维持了MLF利率保持不变，基本符合市场预期。尽管近期资金利率有所上行，但银行仍在主动下调负债定价，预计9月份LPR报价将大概率保持不变。展望后期，年内仍有1.4万亿MLF到期，随着财政资金逐步拨付使用，将有助于缓解当前银行负债端的压力，央行仍将大概率通过等额或超额续作方式予以对冲，降准概率并不大。
今年以来，商业银行发行同业存单，连续创下历史纪录。Wind数据显示，8月共计发行19394亿元同业存单，创2018年10月以来新高。7月当月发行量逼近1.8万亿元。
（作者：辛继召）",2020-09-16 18:58:00,凤凰财经
1,ST妖股“天地板”也很骇人：连续11涨停后，8亿元1小时就被活埋！,"原标题：ST妖股“天地板”也很骇人：连续11涨停后，8亿元1小时就被活埋！“白衣骑士”救驾也没用了？
今日大盘走势沉闷，沪指全天弱势横盘震荡收跌。但是著名的“妖股”ST康美（600518）却走得异常的惊心动魄。
在前期连续11个涨停、期间涨幅超过70%之后，今日ST康美继续以涨停板开盘，不过随后股价快速下滑，不到11点就被封死在跌停板上，实现了ST股的“天地板”。早间买入的资金瞬间便损失达到10%。
9月2日公告将由国资背景的易林投资接手托管之后，之前“劣迹斑斑”的“妖股”ST康美迎来了连续上涨之旅。这家成立23年，曾经市值超千亿位列中国500强的中医药龙头企业，能否在国资入驻后走出困局？
1个小时内完成“天地板”8亿元被埋
今日ST康美延续前期强势，毫无悬念地以涨停板开盘。
(image_address=""https://x0.ifengimg.com/res/2020/283E96BD231FF4F4669067208202669D4F8F1E23_size31_w794_h481.png"")
ST康美今日分时图
(image_address=""https://x0.ifengimg.com/res/2020/8857D308673347E283674E508255B97A7033D710_size2_w310_h372.png"")
ST康美分时成交图
不过，9:42之后风云突变，不到1分钟内便有近20笔大卖单涌出，合计超过36万手，约合1.7亿元出逃。股价随之打开涨停板，并在3分钟后逼近跌停。之后股价几番上下折腾，但仍然在10:49之后封死跌停板直到收盘，也就是说，ST康美在大约1个小时内便经历了完整的“天地板”。
截至收盘，ST康美报4.36元/股，跌幅5.01%，成交金额8.98亿元，创出近1年新高。收盘时，跌停板上仍然有25.3万手卖单，约合1.1亿元未能出逃。
(image_address=""https://x0.ifengimg.com/res/2020/BD8AA3F12E7AA08CA3C02BDE792F69E98A33758F_size12_w797_h510.png"")
ST康美近期日K线图
从日K线图上来看，ST康美前期的暴涨势头或许在今日已被终结。自7月21日第一个涨停算起，之前ST康美已经连续收出11个涨停板，其中更包括7个一字涨停板，以今天的最高点来计算，12个交易日ST康美的最高涨幅达到了80%。虽然这80%的涨幅看上去并不是那么显眼，但是要知道的是，这是在涨幅限制在5%之下取得的成绩，确实也令人叹为观止。
9月8日起游资或开始出货
今日ST康美虽然未能登上上交所龙虎榜，但Wind数据显示，从9月3日复牌之后，ST康美不断因连续三个交易日内涨跌幅偏离值累计达15%而登上交易所龙虎榜。
(image_address=""https://x0.ifengimg.com/res/2020/F0AF70715C2CA51C1D1684165F47DEDE625C424B_size111_w1001_h706.png"")
图片来源：Wind数据
数据显示，9月3日到9月7日，买入卖出前五席位累计净买入约652万元。不过，9月8日到9月10日数据出现逆转，买入卖出前五席位累计净卖出1513万元，买入前二出现了两个著名的游资席位——东方财富证券拉萨团结路的两个营业部。
(image_address=""https://x0.ifengimg.com/res/2020/A96AC094FC485C876D0444EC83433CCF3A4A490C_size55_w842_h416.png"")
图片来源：Wind数据
从业绩表现来看，康美药业自2018年开始下滑，当年年报显示，归母净利润为11亿元，同比下滑47.20%。2019年年报则显示，归母净利润暴亏46.6亿元，同比下滑1344.53%。2020年半年报显示，上半年归母净利润亏损14亿元，同比下滑1765.31%。
康美药业于去年5月向上交所申请对公司股票实施“其他风险警示”，公司股票简称由“康美药业”变更为“ST康美”，股票代码不变，实施风险警示的起始日为2019年5月21日。
国资背景企业接手托管后连续涨停
据南方日报报道，自ST康美7月23日发布筹划重大事项停牌的公告，此后业内关于谁来“接盘”ST康美的猜测纷纭。
9月2日晚，ST康美发布公告，公司控股股东及实际控制人将发生变更，揭阳易林药业投资有限公司（以下简称“易林投资”）成为托管方。
根据公告，康美实业、公司实际控制人马兴田及其配偶许冬瑾、金信典当行、普宁国际与易林投资共同签署《表决权让渡协议》，康美实业拟将其持有的公司14.87亿股股份（对应公司29.90%股份）对应的表决权及提名和提案权等权利无条件且不可撤销地让渡给易林投资行使。同时，在托管期内，上述股东及实控人无条件且不可撤销地放弃其余所持8.38%的股份对应的表决权及提名和提案权等权利。
(image_address=""https://x0.ifengimg.com/res/2020/80F3C50222CB8884E5D6B489E6DA6EB7B0A24690_size64_w587_h396.png"")
图片来源：康美药业公告
易林投资则对康美药业的生产经营实施全权托管，托管期间，每6个月收取托管费用400万元。此外，康美药业控股股东及实控人还需将所持股份超出其控制的质押股份对应的债务总额增值部分的33%作为奖励支付给易林投资。本次托管期限为协议生效后二十四个月。
很快，ST康美因这一控制权变更和经营托管事项也收到了交易所的问询函：
(image_address=""https://x0.ifengimg.com/res/2020/88DD6AF809EFEDA917D90EF3413C865329FFA29F_size243_w607_h749.png"")
图片来源：康美药业公告
公告显示，易林投资成立于2020年8月18日，注册资本2000万元，分别由揭阳市城市投资建设集团有限公司持股40%；广东省金服股权托管中心有限公司持股30%；广州神农氏中医药发展有限责任公司持股30%。
而根据股权穿透资料显示，易林投资三名股东均有国资背景。其中，揭阳市城市投资建设集团由国开发展基金有限公司占股62.26%，揭阳市国资委占股37.74%；广东省金服股权托管中心由广东省国资委通过广东省交易控股集团有限公司100%控股；广州神农氏中医药发展有限责任公司由广州市人民政府通过广州医药集团有限公司100%控股。
值得注意的是，易林投资的股东之一广药集团，曾于2019年9月与康美药业签署战略合作协议，二者在中药材供应链、产品销售渠道等业务方面联系紧密。
业内人士指出，这也意味着，这家刚成立不到一个月的公司，正是为解决康美药业困局而设。
被证监会重罚业绩爆雷
ST康美（即康美药业）近年来也是A股市场的“话题人物”了。
证监会网站5月14日消息，近日，证监会依法对康美药业违法违规案作出行政处罚及市场禁入决定。
决定对康美药业责令改正，给予警告，并处以60万元罚款，对21名责任人员处以90万元至10万元不等罚款，对6名主要责任人采取10年至终身证券市场禁入措施。
相关中介机构涉嫌违法违规行为正在行政调查审理程序中。同时，证监会已将康美药业及相关人员涉嫌犯罪行为移送司法机关。
(image_address=""https://x0.ifengimg.com/res/2020/704927C69CE0FADF6C7534DAB4BB280C16D3E1C5_size135_w1000_h869.png"")
图片来源：证监会官网
证监会最终认定，2016年至2018年期间，康美药业虚增巨额营业收入，通过伪造、变造大额定期存单等方式虚增货币资金，将不满足会计确认和计量条件工程项目纳入报表，虚增固定资产等。同时，康美药业存在控股股东及其关联方非经营性占用资金情况。上述行为致使康美药业披露的相关年度报告存在虚假记载和重大遗漏。
康美药业有预谋、有组织，长期、系统实施财务欺诈行为，践踏法治，对市场和投资者毫无敬畏之心，严重破坏资本市场健康生态。证监会发现案涉违法行为后，立即集中力量查办，持续公布执法进展，疫情期间通过多地远程视频会议方式召开听证会，听取当事人陈述申辩，并在坚持法治原则下从严从重从快惩处。
证监会此前公布康美药业“四宗罪”
去年8月份，证监会对康美药业下发《行政处罚及市场禁入事先告知书》。
《行政处罚及市场禁入事先告知书》显示，康美药业存在以下四大方面的问题。
一是，康美药业涉嫌累计虚增营业收入291.28亿元，具体为：
《2016年年度报告》虚增营业收入89.99亿元，多计利息收入1.51亿元，虚增营业利润6.56亿元，占合并利润表当期披露利润总额的16.44%。
《2017年年度报告》虚增营业收入100.32亿元，多计利息收入2.28亿元，虚增营业利润12.51亿元，占合并利润表当期披露利润总额的25.91%。
《2018年半年度报告》虚增营业收入84.84亿元，多计利息收入1.31亿元，虚增营业利润20.29亿元，占合并利润表当期利润总额的65.52%。
《2018年年度报告》虚增营业收入16.13亿元，虚增营业利润1.65亿元，占合并利润表当期披露利润总额的12.11%。
二是，累计虚增货币资金886亿元。
康美药业《2016年年度报告》虚增货币资金225.49亿元，占公司披露总资产的41.13%和净资产的76.74%；《2017年年度报告》虚增货币资金299.44亿元，占公司披露总资产的43.57%和净资产的93.18%；《2018年半年度报告》虚增货币资金361.88亿元，占公司披露总资产的45.96%和净资产的108.24%。
也就是说，康美药业这几年虚增的300亿左右的货币资金并不存在。
(image_address=""https://x0.ifengimg.com/res/2020/CDFD9734D754814BBADF6F987FF265ACB9DDAEEE_size13_w806_h504.png"")
2018年以来康美药业日K线图
三是，《2018年年度报告》中存在虚假记载，虚增固定资产、在建工程、投资性房地产，共计36亿元。
康美药业在《2018年年度报告》中将前期未纳入报表的亳州华佗国际中药城、普宁中药城、普宁中药城中医馆、亳州新世界、甘肃陇西中药城、玉林中药产业园等6个工程项目纳入表内，分别调增固定资产11.89亿元，调增在建工程4.01亿元，调增投资性房地产20.15亿元，合计调增资产总额36.05亿元。
四是，《2016年年度报告》《2017年年度报告》《2018年年报告》中存在重大遗漏，未按规定披露控股股东及其关联方非经营性占用资金的关联交易情况。
2016年1月1日至2018年12月31日，康美药业在未经过决策审批或授权程序的情况下，累计向控股股东及其关联方提供非经营性资金116.19亿元用于购买股票、替控股股东及其关联方偿还融资本息、垫付解质押款或支付收购溢价款等用途。
在被立案调查前，康美药业公司市值最高达1300多亿元，为市场热议的千亿市值白马股，截至今日，市值仅剩下217亿元。
本文仅供参考，不构成买卖依据，入市风险自担。",2020-09-16 18:56:05,凤凰财经
2,中科院院长白春礼：把美国卡脖子清单变成科研任务清单,"9月16日讯，今天，在中国科学院“率先行动”计划第一阶段实施进展发布会上，中科院院长白春礼表示：面临美国对中国高科技产业的打压，我们希望在这方面能做一些工作。我们把美国“卡脖子”的清单变成我们科研任务清单进行布局，比如航空轮胎、轴承钢、光刻机，还有一些关键的核心技术、关键原材料等，我们争取将来在第二期，聚焦在国家最关注的重大的领域，集中我们全院的力量来做。（人民日报）
(image_address=""https://x0.ifengimg.com/ucms/2020_38/E84BD6E5EBDA93D6FF0385A991CE3C675269664F_w599_h527.png"")",2020-09-16 18:50:20,凤凰财经
3,特斯拉爆出大动作！要建全球最大超级充电桩，产业链最全名单来了,"原标题：特斯拉爆出大动作！极可能建全球最大超级充电桩，A股汽车巨头市值猛飙千亿，产业链最全名单来了
作者：数据宝梁谦刚
与去年底相比，宁德时代、比亚迪市值均飙升超千亿元。
新能源汽车两大千亿市值龙头比亚迪、长城汽车今日双双大涨，涨幅分别达到4.05%、5.75%，最新收盘价均创历史最高水平。截至目前，比亚迪最新A股市值1911亿元，长城汽车市值1107亿元。
(image_address=""https://x0.ifengimg.com/res/2020/1B3D8799B9DDC579C657E30E4002A8F1A01B7F14_size72_w350_h463.png"")
受到疫情之后销售端的提振，中美股市新能源车板块同步起舞。近日，高盛发布报告援引SensorTower数据指出，特斯拉应用的下载量激增，在中国市场的需求也正在回升；此外，即将在9月22日举行的电池日活动中，特斯拉也将引入突破性技术。在此影响下，特斯拉股价连续大涨两日，累计涨幅超20%。A股方面，新能源汽车指数日线四连阳，截至最新收盘，恩捷股份、比亚迪、长城汽车的股价均创历史新高。
新能源汽车进入快车道
特斯拉盯上充电桩
今年上半年，全球汽车产业链及供应链在疫情的冲击之下遭遇重创。得益于国内出色的疫情防控工作，国内汽车工厂率先实现复工复产，成为全球汽车产业复苏的稳定基石。中汽协发布的数据显示，8月，我国汽车产销分别完成211.9万辆和218.6万辆，同比分别增长6.3%和11.6%。
在我国“新基建”不断推进的背景下，高速低延迟的5G网络覆盖与新能源汽车充电桩的建设，将加速新能源汽车的发展与数据井喷，各个数据平台也从“坐拥一方”数据走向“破壁”融合。
今日盘后，特斯拉方面爆出大动作。据媒体消息称，特斯拉正在美国加州建设一个新的大型充电站，极有可能成为特斯拉在全世界最大的超级充电站。根据特斯拉公司提交给弗雷斯诺县规划部门的表格，这个超级充电站将有56个充电桩。过去，特斯拉公司在中国建设了若干家大型超级充电站，配置了50个充电桩。
据中国能源报，下一步，工信部将坚持从产业升级和促进消费双向发力，推动发布《新能源汽车产业发展规划（2021-2035）》。业内人士分析认为，未来十五年是我国汽车技术加速演进和产业激烈变革的一个关键时期。总体看，我国仍将是全球最大的汽车市场，并将保持一定增长空间。
新能源汽车产业链A股市值超2.4万亿
作为规模最庞大的产业链之一，新能源汽车产业涉及领域众多，从上游正负极材料、电解液，到中游电池、电路系统、热管理、电机，再到下游整车、充电桩。究竟有哪些A股公司布局到新能源产业链呢？根据上市公司公告及券商研报，证券时报&middot;数据宝粗略统计显示，新能源产业链公司有70家，A股市值合计达到2.44万亿元。
宁德时代、上汽集团、比亚迪、长城汽车A股市值均超千亿，其中比亚迪、长城汽车年内涨幅均已翻倍，分别达到121.26%、112.59%，与去年底相比，宁德时代、比亚迪市值增长均在千亿元以上。新能源汽车产业链中，奥特佳、天赐材料、易事特今年以来涨幅也已翻倍。不少产业链公司是北上资金重仓对象，据统计，北上资金超10亿元持仓的有15家，包括宁德时代、汇川技术、上汽集团、比亚迪、恩捷股份等，宁德时代获北上资金持仓超190亿元居首。
(image_address=""https://x0.ifengimg.com/res/2020/C7B9427422E5661617A23DAF9507DD92CBF3FC20_size68_w614_h1363.png"")
9家公司今年净利润有望翻倍增长
根据五家以上机构一致预测数据，今年有30家公司净利润有望同比增长，其中有望翻倍的有9家。千亿市值的比亚迪今年净利润预测均值为32.61亿元，同比增长102%。宁德时代、长城汽车今年净利润预测同比增长分别为15.59%、3.84%。
机构预测净利润增幅最高的是天赐材料，预测净利润为6.58亿元，同比增长39.31倍。天赐材料生产的锂离子电池材料主要为锂离子电池电解液和正极材料磷酸铁锂，在新能源汽车、消费电子产品、家用电器和储能领域均有广泛应用。上半年，公司作为排名前列的电解液供应商，市场份额仍保持领先。千亿市值的比亚迪今年净利润预测均值为32.61亿元，同比增长102%。
西部证券最新发布研报指出，未来仅靠内燃机技术无法实现减排，新能源汽车渗透率提升是必然路径，2019-2025年中欧新能源销量复合增长率达到30%以上。我国新能源汽车规划和规模领跑全球，带动国内产业链同步成长，电池、中上游材料、锂电设备等环节得到先发成长，全球布局同步推进。核心零部件如热管理、减速器等领域，国内供应商先发参与整车同步开发，有望打破海外固有配套格局。
(image_address=""https://x0.ifengimg.com/res/2020/8CDC7FF90735775C730CC8B24A6826C972831DCD_size32_w614_h703.png"")
声明：数据宝所有资讯内容不构成投资建议，股市有风险，投资需谨慎。",2020-09-16 18:42:40,凤凰财经
4,那家董事长称股民是赌博的千山药机退市了,"9月16日，千山药机股票被深圳证券交易所摘牌，正式告别A股。
上市近10年，千山药机从总市值一度超过260亿元，到退市前只剩0.69亿元，有股民调侃道：“千山鸟飞绝，市值飞灰灭！”
截至今年5月31日，千山药机还有4.8万股东。股票退市，这些股民怎么办？
最后一个交易日，谁在买卖千山药机？
千山药机于2011年5月上市，总市值曾超过260亿元，如今只剩下0.69亿元。千山药机的股票于2020年8月5日进入退市整理期，截至2020年9月15日已满三十个交易日，退市整理期结束。
在A股市场的最后一个交易日，千山药机表现如何？
贝壳财经记者注意到，在退市整理期，千山药机收获了29个跌停板，只有9月15日，收盘时不涨不跌，以平盘退场。
股吧里，股民们一片唏嘘：“千山鸟飞绝，市值飞灰灭！本来只是想抄个底，结果被它抄了家……”“买一手留着，也就一包烟钱。”“记得我是3.7元/股买的，次日3.5元/股卖了，后面股票停牌，复牌后一字跌停到退市，我太幸运了，幸好没有去博傻。”“55万缩水成了几千块，哎，再也不炒股了。”
(image_address=""https://x0.ifengimg.com/res/2020/FD2F8C7FB24C53DDA6A375579CE5A36F9618961D_size244_w1838_h742.png"")
9月15日的龙虎榜数据显示，千山药机当日的收盘价为0.19元/股，涨跌幅为0%，成交量为10672.89万股，成交金额为1894.56万元。
当日买入金额最大的前5名为：中信建投证券股份有限公司广州中山三路证券营业部、东方证券股份有限公司成都建设路证券营业部、华泰证券股份有限公司杭州求是路证券营业部、东兴证券股份有限公司长沙韶山北路证券营业部、国元证券股份有限公司江西分公司，其买入金额依次为：228.78万元、97.61万元、50.99万元、47.89万元、41.96万元。
当日卖出金额最大的前5名为：华泰证券股份有限公司湖南分公司、国信证券股份有限公司佛山南海大道证券营业部、招商证券股份有限公司长沙芙蓉中路证券营业部、招商证券股份有限公司武汉中北路证券营业部、机构专用，其卖出金额依次为：28.39万元、23.68万元、16.18万元、14.34万元、13.39万元。
去年5月17日，在千山药机的股东大会上，面对中小股东询问血汗钱能否拿回来，上市公司董事长刘祥华回应道：“你本来就是来赌博的，而我们的股票正好符合你。”
截至今年5月31日，千山药机的股东户数为48184户。在股吧里，也有股民询问：“退市了，钱怎么拿出来？”
9月15日，千山药机发布公告称，公司股票终止上市后，将转入全国中小企业股份转让系统进行股份转让；根据相关规定，公司股东在公司股票终止上市后必须按照有关规定重新履行股份确权、登记和托管手续后，其股票方可在股转系统进行挂牌转让。
曾连续两年财报存在虚假记载，刘氏兄弟联手占用上市公司资金
公开资料显示，千山药机主营“大健康”产业，主要从事制药机械及其他包装机械等智能装备、医疗器械、医药包材产品的研发、生产和销售，以及围绕慢病精准管理开展的一系列医疗服务。
千山药机的退市原因，主要是其2018年度经审计的归属于上市公司股东的期末净资产为负值，2017年度、2018年度财务会计报告均被注册会计师出具无法表示意见的审计报告，2019年经审计的归属于上市公司股东的净利润、扣除非经常性损益后的净利润、期末净资产均为负值，且财务会计报告被利安达会计师事务所（特殊普通合伙）出具了无法表示意见的审计报告。
而在2017年之前，千山药机存在年度报告虚假记载的情况。
2018年年初，千山药机因涉嫌信息披露违法违规被证监会立案调查。2019年年末，证监会的调查结果出炉。
据悉，千山药机涉嫌违法的事实有：千山药机虚构销售回款、虚减应收账款及坏账准备，虚增销售收入，导致2015年度利润虚增79505270.96元，占当年年度报告披露利润总额的95.76%；千山药机虚增在建工程、虚减应收账款及坏账准备、虚增销售收入，导致2016年虚增利润总额357331482.4元，占当年年度报告披露利润总额的160.05%；2017年未按规定对关联方非经营性占用公司资金履行临时报告义务。
证监会的调查结果显示：刘祥华、刘华山主要通过3种方式占用千山药机资金。经查,2017年，千山药机转入刘祥华、刘华山实际控制账户资金额1939540597.79元，刘祥华、刘华山实际控制账户转回千山药机资金额802485263.15元。刘祥华任千山药机董事长、法定代表人、总经理，是公司的实际控制人之一。刘华山系千山药机董事长刘祥华的胞弟，2002年至2012年7月任公司财务部长、财务总监,2017年至今在湖南乐福地医药包材科技有限公司担任董事长。
今年8月6日，千山药机及相关当事人收到中国证监会对公司及相关当事人的《行政处罚决定书》。证监会决定，对千山药机罚款60万元，对刘祥华、刘华山分别罚款30万元，对其他相关人员也处以不同金额的罚款。另外，对刘祥华、刘华山采取终身市场禁入措施。
公司部分资产被拍卖偿债，今年半年报“难产”
7月31日，千山药机发布公告称，公司名下位于长沙县星沙镇板仓路以东的一宗土地及三栋房产被长沙县人民法院在阿里司法拍卖平台上进行公开拍卖。本次拍卖的土地、房产总计评估价值74605000元，起拍价值52223500元，成交价54423500元。
“如本次拍卖成交后，公司将失去标的资产的所有权，拍卖款用于抵偿债权人的相应债务。”截至今年一季度末，千山药机的负债合计约为49.47亿元。千山药机表示，“公司本次被法院公开拍卖的土地及房产为千山药机主要办公地点及生产场所之一，目前仍在正常使用，若以上场所无法使用，对公司生产经营将带来影响。届时，公司将搬迁至公司的其他场所进行办公及生产。”
另外，由于《关于2020年半年度报告及其摘要的议案》未能在董事会上审议通过，千山药机无法在法定期限披露2020年半年度报告。
由于半年报未能在法定期限内披露，9月4日，千山药机及公司董事长兼总经理刘祥华、财务总监周大连收到中国证券监督管理委员会湖南监管局的行政监管措施决定书。
新京报贝壳财经记者阎侠",2020-09-16 18:34:12,凤凰财经
5,*ST众泰：浙江永康农商行向法院申请公司预重整,e公司讯，*ST众泰(000980)9月16日晚间公告，浙江永康农商行以公司不能清偿到期债务，且已明显缺乏清偿能力，但仍具有重整价值为由，向永康法院提出对公司进行预重整的申请。该申请能否被永康法院受理登记，公司是否进入预重整程序尚具有不确定性。不论是否进入预重整程序，公司将在现有基础上积极做好日常经营管理工作。,2020-09-16 18:27:58,凤凰财经
6,民生银行最新回应！獐子岛9000万元融资真相是这样,"獐子岛抵押扇贝融资一事又有新进展。
民生银行9月16日表示，针对媒体报道提及的民生银行大连分行对獐子岛集团股份有限公司9000万元融资，并非民生银行新发放的贷款，为存续贷款，担保方式为土地房产抵押、海域使用权及海底存货抵押，目前抵押物足值；企业正常付息。
全国市场监管动产抵押登记业务系统信息显示，獐子岛集团近日将一批海底存货的虾夷扇贝抵押，从民生银行股份有限公司大连分行获得了9000万元融资。
消息一出，獐子岛将海底扇贝动产抵押一度登上热搜。16日开盘后，獐子岛股价迅速飙升涨停，截至收盘报4.16元/股。
(image_address=""https://x0.ifengimg.com/res/2020/1AC38C047EBF226232E29B43BC4B81C76DC71E1E_size49_w633_h759.jpeg"")
来源：Wind
此前，獐子岛集团在2019年1月、2019年9月、2020年5月和2020年6月已先后进行了四次动产抵押。
(image_address=""https://x0.ifengimg.com/res/2020/773227B414EA900EDBB2AE1D6C8B315A7DE2F5CA_size54_w817_h459.png"")
来源：全国市场监管动产抵押登记业务系统
具体来看，2019年1月，獐子岛集团将3条质量、状况良好的自动开壳生产线抵押给国家开发银行大连市分行，获得了4000万元贷款。2019年9月，将85690万个状况良好的虾夷扇贝抵押给民生银行大连分行，获得了1亿元贷款。2020年5月，将保管良好的11万斤海参抵押给农业银行大连长海支行，获得贷款1100万元。2020年6月，将保管状况良好的77.07亿枚虾夷扇贝抵押给农业银行大连长海支行，获得贷款4950万元。
今年6月，证监会依法对獐子岛及相关人员涉嫌违反证券法律法规案作出行政处罚和市场禁入决定。证监会认定，獐子岛2016年虚增利润1.3亿元，占当期披露利润总额的158%；2017年虚减利润2.8亿元，占当期披露利润总额的39%。证监会还下发了对獐子岛公司吴厚刚、梁峻、勾荣、孙福君等高管的“市场禁入决定书”，对原董事长吴厚刚采取终身市场禁入措施。
9月11日，证监会发布消息，依法向公安机关移送獐子岛及相关人员涉嫌证券犯罪案件。",2020-09-16 18:10:44,凤凰财经
7,呼叫万能的股民！陷入场外配资风波，五倍大牛股天山生物最新表态,"原标题：呼叫万能的股民！陷入场外配资风波，五倍大牛股天山生物最新表态来了，已向证监会举报假网站
此前12个交易日暴涨近500%的天山生物，因股价严重异常波动而遭遇停牌核查。媒体报道称，公司控股股东母公司从事场外配资。
16日午间，天山生物在互动易平台上回复投资者提问时表示，上海智本正业从未做过配资业务，智本只是很早设立的持股平台，自己本身没有业务。
“在网络被侵权维权方面，也欢迎万能的股民给我们更有效的解决假网站的建议。”这是五倍大牛股天山生物最新的表态。
当天，在互动易平台上，天山生物一口气回复了8个提问，涉及实控人是否是场外配资公司、何时能复牌、实控人是否采取法律手段维护自身权益等。
在此之前，8月28日和9月9日，天山生物两度启动停牌核查。目前，天山生物第二轮停牌核查仍在进行中。
智本正业为持股平台无实际业务
在二度停牌核查期间，一则关于天山生物控股股东的母公司上海智本正业为场外配资平台的报道刷屏。报道称，据上海智本正业官网介绍，公司是经中国证监会核准的股票配资证券投资咨询机构，主要从事证券软件研发、金融信息服务等业务。公司提供股票配资服务，杠杆在2—12倍之间，VIP会员配资杠杆11-12倍，最高可配2000万元。
9月11日，天山生物发布澄清公告，否认上海智本正业从事场外配资，并称网站已到期，遭到盗用。
16日午间，在最新的回复中，天山生物称，上海智本正业没有从事配资业务，只是持股平台。主要就是持有天山农牧业全部股权，智本自己本身没有业务。
天山生物成立于2003年6月，天眼查数据显示，天山生物的控股股东是天山农牧业，共持有天山生物股份5742.68万股(占比18.35%)，上海智本正业持有天山农牧业100%股权，李刚夫妇持有其全部股份，其中天山生物实控人李刚持有其98%股份。
(image_address=""https://x0.ifengimg.com/res/2020/074F40E145482612F4019800D75F38E12AE65555_size154_w432_h644.png"")
图片来源：天眼查
天眼查显示，上海智本正业成立于2003年11月，注册资本1250万元，其简介称，公司致力于打造畜牧产业、特色安全农产品产业、房地产业、现代马业的投资管理平台。目前旗下有天山农牧业、上海恰图贸易、宁波梅山保税港区涌淳投资中心（有限合伙）、新疆天山雪食品等4家控股公司。
已经注销
网站仍能登录
9月11日发布澄清公告时，天山生物就表示，上海智本正业原网站域名已于2020年3月21日到期，到期后已无官网。根据域名信息查询结果，该域名已被注册人dropcatch.com重新注册，并沿用原ICP备案信息，假冒上海智本正业名义，盗用并篡改上海智本正业营业执照，利用并篡改其它公司网站展示的资质、许可证等照片，P图修改为“智本正业”，进行非法活动。上海智本正业已将该事项向上海浦东新区网安中心举报，并向上海市通信管理局发出ICP备案注销申请。
在16日的最新回复中，公司表示：“域名到期之后，因为一直没有实际使用，所以也没维护。智本也是通过媒体报道才知道域名已被不法者抢注了，第一时间报了网安、提交了ICP注销。ICP的注销需要5个工作日处理，目前已经注销完毕。”
天山生物还表示，因注销后那个域名不是智本正业的，并不能立即起到关闭侵权网站的作用，同时因为假配资网站用的服务器在境外，很难维权，目前智本已向阿里云、腾讯云投诉。因为假网站涉及非法配资，为保护投资者权益，智本也已正式向中国证监会提交了举报。“在网络被侵权维权方面，也欢迎万能的股民给我们更有效的解决假网站的建议。”
(image_address=""https://x0.ifengimg.com/res/2020/9C5D4238F12C0EE3F43775E10E29CFC0E9E35376_size223_w1080_h340.png"")
图片来源：智本正业网站
中证君午间尝试登录“智本正业官网”（shzbzy.com），发现该网站仍能打开，网站主页称正在维护，并提供了一位客服的微信二维码，“假网站”业务似乎仍在进行，未受到注销的影响。",2020-09-16 18:10:44,凤凰财经
8,清仓食品饮料股！部分基金经理完成调仓，转战这些板块,"清仓食品饮料股，减持医药股！
近日A股震荡下跌，各大指数出现明显调整，尤其是被基金重仓的消费、医药、科技等热门板块显著跳水，不少消费、医药龙头股高位下跌。
在此背景下，不少基金经理完成了调仓，从食品饮料、医药等上半年热门的行业，转向了消费电子、新能源等板块。
清仓食品饮料股
“8月底，一些食品饮料公司的估值已经到了非常夸张的地步，我们适当地做了清仓。这些股票我们已经拿了一年，涨幅也已翻倍。”南方一位基金经理王为（化名）告诉中证君，“目前，我们对持仓的调整也已经基本结束了。”
事实上，这波调整在基金经理的预期之内。王为说，此次调整的原因主要在于市场逻辑已经发生变化，从流动性对估值的推高转向经济逐步复苏，股价需要盈利增长的验证。如果经济显著复苏，他们会将目光转向消费电子类等有阿尔法的板块。
北京的一位基金经理表示：“我们做成长价值投资，主要依靠深入挖掘个股，看到有成长性的就布局，所以现在的持仓基本都是之前已经深入研究并且持续看好的，没有大的调整，整体仓位在70%左右。不过，与上半年相比，持有一些医疗行业个股，尤其是体外检测方面的。”
诺德基金基金经理应颖也告诉中证君，从资金流向看，当前更关注消费电子、可选消费、新能源等板块的投资机会。在她看来，资金关注程度较高的个股，是基本面改善较为明显的标的或者基本面可能存在较大“预期差”的标的。
市场调整或接近尾声
在王为看来，本轮调整接近尾声，调整结束后会横盘一段时间。如果经济恢复比较好，行情可能会走得比较远。
应颖认为，当前的震荡从指数层面来看风险并不大，但就个股层面而言，波动率或进一步加大。首先，外部因素导致当前市场风险偏好收紧；其次，市场预期货币政策可能会边际收紧；其三，需要修正企业基本面与估值的匹配程度，尤其是一些景气度较高、对未来盈利预期较高的板块当前估值并不便宜，需要下半年可持续高增长的业绩来作为其估值的佐证。
致顺投资表示，近几日的调整是7月以来震荡格局的延续。整体上，市场并不存在系统性风险，更多的是技术性调整，是技术性风险的释放。展望后市，市场在宽幅震荡的同时，仍然存在结构性机会，持续优化持仓结构、布局具有成长潜力的优质个股是当前要务。看好新能源车、消费电子、环保工程、物流、计算机软件等核心板块。",2020-09-16 18:10:44,凤凰财经
9,世贸拍板！对华2000亿美元关税非法，美国又要闹“退群”？,"世贸组织委员会的报告建议美国调整关税措施，使其与承诺的义务相符，但也鼓励美中双方争取解决争端。
(image_address=""https://x0.ifengimg.com/res/2020/FD544118BF964E0A43CF834888A2EC5DE8245781_size60_w1080_h816.jpeg"")
图/Flickr
文｜《财经》特派记者金焱发自华盛顿
编辑｜苏琦
世界贸易组织（WTO）9月15日裁定，特朗普政府对价值超过2000亿美元的中国商品征收的关税非法。商务部对此表示，中方对专家组做出的客观、公正裁决表示赞赏。中方将美方单边主义和贸易保护主义的错误做法诉诸世贸组织争端解决机制，是维护自身合法权益的需要，也彰显了中方尊重世贸组织规则、维护多边贸易体制权威性的坚定决心。
以世贸组织为核心的多边贸易体制是国际贸易的基石。中方始终坚定支持和维护这一基石，尊重世贸组织规则和裁决。中方也希望美方充分尊重专家组的裁决和以规则为基础的多边贸易体制，采取实际行动，与中方和其他世贸组织成员相向而行，共同维护多边贸易体制，推动世界经济稳定健康发展。
针对美国的301条款关税措施，中国在2018年提出的一项申诉。申诉称，美国特朗普政府违反了WTO规则，因其将中国区别对待，对华征收不同于其他国家的关税。根据WTO规则，该组织成员可以征收那种仅影响一个国家的关税的理由有限。由三名贸易专家所组成的世贸小组委员会指出，中国成功地论证，美国对华征收的关税不在这些理由范围之内，美国政府没有充分说明为何这些措施是暂时合理的。
WTO专家组称，中国已经证明，额外征收的关税只适用于来自中国的产品，因此没有给予源自中国的产品以源自其他所有WTO成员的同类产品所享有的优惠待遇。世贸组织委员会的报告建议美国调整关税措施，使其与承诺的义务相符，但也鼓励美中双方争取解决争端。委员会在建议中写道：“两国有时间能展开对谈，并进一步把握解决争端的机会，透过谈判找到双方都满意的解决方案。”
对外经贸大学WTO研究院院长屠新泉对《财经》记者指出，世贸组织这一裁决给了中国一个道义上的支持，但有支持总比没有支持好。
多位美国贸易专家对《财经》记者表示，这一裁决并不出人意料，但这项裁决基本没有太大的约束力。美国和中国双方都不太可能因为这个裁决而移除关税。
美国总统特朗普当天表示，他不知道世界贸易组织对中美贸易争端的裁决，但他会关注此事。美国贸易代表莱特希泽则在15日表示，世贸的裁决对美中第一阶段的贸易协议没有效力，协议包含中国做出的新的、可执行的承诺。
屠新泉指出，世贸组织现在宣布裁决，是按流程操作的结果。多边贸易谈判、争端解决和贸易政策监督是世贸组织的重要职能，是世贸组织的三大支柱。但近年来，多哈回合谈判停滞不前，争端解决机制中的上诉机构停摆。
尤其尴尬的是，世贸组织长时间陷于上诉机构停摆的僵局，不能恢复争端解决机制。有专家指出，如果最终世贸维持原来判决，世贸可以准许中国对美国展开报复性措施。不过，中国早已对美国展开特定的报复性措施。
屠新泉表示，美国有可能针对9月15日的判决提出上诉，但可能使此案掉入一个法律漏洞，因为美国政府已阻止世贸指派新法官人选到上诉机构，这也迫使世贸的上诉机构全面停摆。
世贸的裁决引发一些美国政客要求美国退出世贸组织的呼吁。来自密苏里州的共和党参议员霍利（JoshHawley）呼吁美国退出世贸组织。他在推特上说：“更多的证据显示出世贸组织已经过时、僵化，总体上不利于美国。美国需要退出，带头将其废除。”
专家担忧，这个判决结果可能会促成特朗普宣布退出世贸，或是强化美国要求改革世贸的口号。",2020-09-16 18:08:12,凤凰财经
10,发力数字化转型！菅义伟内阁首设数字厅，日企盼新商机,"新冠肺炎疫情让日本新政府下定决心加速数字化的步伐。
当地时间16日，日本执政党自民党新总裁菅义伟出任日本第99任首相，接替此前因健康原因辞职的安倍晋三，完成至明年9月的剩余任期。
菅义伟内阁也在16日当天正式亮相，除了近半部门留用了安倍时期的老臣、“贯彻安倍时期政策”的风格外，菅义伟新内阁还首次设立了“数字厅”，准备在数字经济上发力。
至于自民党内部热议的解散参议院提前进行大选，全国日本经济学会副会长、上海对外经贸大学日本经济中心主任陈子雷解释道：“主要取决于菅义伟政府对新冠肺炎疫情的控制程度，以及民众对他的支持率。如果疫情控制不利，再加上经济下滑，会给菅义伟的支持率带来很大影响。此时宣布提前大选，那自民党将遭遇重挫。”
陈子雷认为，目前菅义伟在日本民间的人气、党内的支持率都很非常高，只要短期内能控制住疫情，再解散众议院进行选举，有利于菅义伟和自民党建立一个长期稳定的执政环境。菅义伟本人也表示，会重点参考专家的看法，来判断疫情是否已经获得了足够的控制，以保证日本拥有提前大选的环境。
(image_address=""https://x0.ifengimg.com/res/2020/FC649F059C08101684A7A3412EEA59EB56567D7B_size168_w640_h430.jpeg"")
首设数字厅
值得注意的是，菅义伟内阁首次设立了“数字厅”。一直以来，日本的数字化进程，尤其是数字经济领域发展缓慢。老年人口比重高、倚重现金的消费习惯，以及出于对个人隐私的担忧，导致日本难以告别“现金为王”的局面。
但是，疫情却把日本在数字化方面的缓慢步伐放大了。据日媒报道，此前，安倍政府为每位日本国民发放10万日元的疫情特别补贴，尽管可以进行网络申请，但是很多地方政府将纸质文件处理和数字文件处理混杂在一起，很多民众即便想通过网络申请，也需把申请内容打印出来填写，导致援助款无法及时发放，民众怨声载道。
同时，“印章传统”也制约了企业数字化转型，即便员工在疫情期间可以居家办公，但凡涉及加盖印章的事务，还需前往公司操作。
菅义伟此前接受采访时表态，有机会的话会对厚生劳动省相关部门进行再编，并希望创设“数字厅”，“数字化政策正在各个省厅推行，必须整合起来”。
日立（中国）产业系统事业统括本部高级总经理佐佐木一彰在接受第一财经记者采访时表示，菅义伟内阁面临的主要问题就是新冠肺炎疫情的应对。他称：“通过疫情，日本各界发现，日本的信息科技（IT）在市民服务、政府的服务、无现金服务方面都出现了比较大的滞后性。新的政府希望通过数字经济方式解决这一落后的状态，重新规划后疫情时代的经济发展。”
佐佐木一彰认为，新政府此举可能会在数字经济方面给日本带来巨大的机会。“日立提倡社会技术革新，特别强调出行、生活以及工业智能制造。如果通过IT能在上述三个领域实现社会进步，那么日立在数字经济方面也将迎来新的商机。”佐佐木一彰说道。
人事安排存争议
根据日媒公布的名单，日本现任副首相兼财务大臣麻生太郎、外务大臣茂木敏充、经济再生担当大臣西村康稔、文部科学大臣萩生田光一、环境大臣小泉进次郎、奥运大臣桥本圣子、经济产业大臣梶山弘志和来自公明党的国土交通大臣赤羽一嘉均被留任。
备受瞩目的内阁官房长官一职将由现年64岁、安倍政府时期的厚生劳动大臣加藤胜信出任。加藤曾在安倍内阁担任过官房副长官，对政策也颇为了解。
此前，菅义伟在竞选时就表示，新冠肺炎疫情对日本而言是“国难”，因此，上任后将把应对疫情以及提振积极作为首要任务，新政府力争在平衡疫情与恢复经济间寻求平衡。而启用加藤，是菅义伟抗疫决心的体现。“疫情是个巨大的变数。尽早控制住疫情，那么菅义伟在政治上操作的空间和经济上调整的空间会非常大。”陈子雷说。
不过，并不是所有人都看好加藤出任菅义伟内阁“大管家”一职。有部分日本民众认为，加藤在此前担任厚生劳动大臣时，并没有及时处理好日本的疫情，因此很难寄希望于他在新职位上有更积极的表现。一位日本问题学者告诉第一财经记者，加藤的易职，更多是自民党内各派系“论功行赏”的结果，必须平衡党内各派，以示团结。
此外，安倍的亲弟弟岸信夫则首次进入内阁，担任防卫大臣，而原防卫大臣河野太郎则出任行政改革大臣。
潘寅茹",2020-09-16 18:05:15,凤凰财经
11,马云杀入房地产：至少三年不赚钱，收入全补贴购房者！网友：这是要革了中介的命？,"来源：中国基金报作者：泰勒
马云突然对房地产下手了，至少3年不赚钱收入全补贴购房者！房产中介大洗牌也要开始啦！
天猫成立房产部门：未来3年不赚钱，收入全部补贴购房者
9月16日天猫宣布：与易居联合成立房产部门，推出“天猫好房”平台。
(image_address=""https://x0.ifengimg.com/ucms/2020_38/AD27E46B1596AE9F4D0B3942563FC0523B04796C_w600_h399.jpg"")
据介绍，天猫好房将帮助房地产企业定制线上房产旗舰店，把3D购技术、直播、更多金融服务能力与房产行业结合，打通线上看房、购房的全链路。
比如，天猫计划通过3D购技术，把房子的窗外景观、噪音光照等等真实数据形象地展示出来，让线上看房的体验更真实。
而在未来，房企的天猫旗舰店将成为线上的“智能售楼处”，购房者只要打开淘宝APP，就能足不出户地看房、挑房，买房将会像网购一样省心省力省钱。
天猫好房还承诺，在未来至少3年内不赚钱，而且所有收入100％都会补贴给购房者。
(image_address=""https://x0.ifengimg.com/ucms/2020_38/76FF352FE3DFACE35CAA399CDCF6D6C00D9CEC2B_w600_h1067.jpg"")
此外，天猫和易居还共同发布了“不动产交易协作机制”(ETC)，将基于新的产品升级，提供新房、二手房、特价房、拍卖房四大交易场景，承载房产线上交易过程的多项服务功能。
据悉，不动产交易协作机制将以开放、协作、公平为构建原则，通过云计算、人工智能、区块链等技术支持，承载房产交易过程的多项服务功能，并通过一系列联盟管理的方法，构建起房源方、客源方、交易服务方共同参与的数字化服务协作机制。
万科、融创中国、碧桂园等上百家房地产企业参加发布会表达支持，TOP50房企中就到了49家。
(image_address=""https://x0.ifengimg.com/ucms/2020_38/FAE25729A14E681DCF370D7BE9E5095FCD815CA8_w1080_h1920.jpg"")
易居专业从事房地产流通服务领域，成立于2000年，前身为上海房屋销售有限公司，2004年改名为易居（中国）控股有限公司。
2020年与，易居阿里巴巴签署战略合作框架协议，计划在线上线下房产交易、数字营销、交易后相关服务等领域展开深度合作，推动房产服务行业走向全面数字化、智能化，阿里同时认购8.281亿港元的易居股份，持股比例约8.32％。
马云这是要颠覆房地产中介？
有网友表示，希望能像支付宝改变银行一样，来推动房地产业的变革。
而刚刚踏上美股的贝壳，在资本市场势头迅猛。上市仅一周，贝壳总市值达472.08亿美元（3265.8亿元人民币），超过地产龙头股万科A，百度也被其甩在身后。
截至最新数据，贝壳股价达54.18美元，市值高达4130亿人民币，不过在天猫宣布进军房产中介之后，盘前股价跌超2%！
(image_address=""https://x0.ifengimg.com/ucms/2020_38/602A06581F50A553281F8B0B768616A1E67C303A_w413_h571.png"")
去年，贝壳平台成交总额达21277亿元，成为中国最大的房产交易和服务平台、仅次于阿里的第二大商业平台。贝壳诞生仅两年，已站上房产经纪领域的头部位置，此番速度让行业哑然。
“我们将不动产住宅的全产业链分为制造、交易、居住和以金融为代表的服务支持四个领域。”左晖在招股书中说，通过线下经纪人的深入服务及线上数据所建立的消费者认知，贝壳有可能在全产业链中都创造新价值。
招股书显示，贝壳旗下拥有贝壳、链家两大平台，主要包含存量房交易、新房交易以及其他新兴业务。贝壳找房面向房产中介品牌推出了ACN经纪人合作网络。ACN是在房源信息共享的前提下，同品牌或跨品牌经纪人以不同角色参与到一笔交易，成交后按角色的分佣比例进行佣金分成。
2020年上半年，贝壳平台上的经纪门店和经纪人数量同比翻了一倍，拥有4.2万个经纪门店和45.6万名经纪人，房产经纪品牌则升至265个。
具体业务模式上，贝壳的两大基本盘为存量房交易、新房交易，新房交易自去年来大规模增长，成为支撑贝壳扩张的重要动因。在此基础上，贝壳还试图将业务边界扩展至装修、金融等房地产行业全链条。
招股书显示，贝壳旗下拥有贝壳、链家两大平台，主要包含存量房交易、新房交易以及其他新兴业务。贝壳找房面向房产中介品牌推出了ACN经纪人合作网络。ACN是在房源信息共享的前提下，同品牌或跨品牌经纪人以不同角色参与到一笔交易，成交后按角色的分佣比例进行佣金分成。
IPO前，贝壳找房董事长左晖持股28.9%，持有46.8%投票权；腾讯持股12.3%，为第二大股东；软银持股10.2%，高瓴资本持股为5.3%。
分析称，贝壳和一般房屋中介不同，其估值的关键部分，是经纪人的规模扩张限制被打破，通过共享线上信息规范线下交易，降低了交易成本。将中介传统业务互联网化，这异常困难，首先做到的贝壳自然令资本市场感兴趣，这个时候给出的估值，就非传统产业所能比拟。这就好比现在的电商平台估值，要远远高于实体店估值，因为电商平台可以销售更多产品，销售成本较低，未来可以实现更多利润。房屋中介也是如此，贝壳可以卖所有开发商的产品。房地产开发到一定程度，会进入二手房存量时代，这个时候龙头中介将会安享行业大部分利润。在行业内贝壳已经拥有了叫板开发商的能力，可以提高部分楼盘的代销提成比例，这在过去是难以想象的，一般情况下房屋中介只是帮开发商卖房，但是贝壳在拿到购房者数据、拥有导流能力后，重构了话语体系。
网友：中介一家独大的日子到头了
(image_address=""https://x0.ifengimg.com/ucms/2020_38/241AC0C14EA8344A47858EB660322C3933D80F48_w410_h279.png"")
(image_address=""https://x0.ifengimg.com/ucms/2020_38/C467AD3BC4BEB1B21F97D6D889E173F1212C6BB2_w412_h273.png"")
(image_address=""https://x0.ifengimg.com/ucms/2020_38/F490B0FEB3CD9B9817B3E5C323B820E21A0EA13C_w417_h115.png"")
(image_address=""https://x0.ifengimg.com/ucms/2020_38/7D79258A66F7C7E1A6BDFEDBA38BD425472C3F1C_w403_h273.png"")
(image_address=""https://x0.ifengimg.com/ucms/2020_38/CE0D0C54E627DD3F9DEF60E6AD4E46FAAA762EE2_w412_h228.png"")
马云曾言未来房子如葱
2017年的时候，马云曾公开表示：未来房子会像葱一样便宜！马云说，过去8年内，中国的房价整体上处于大幅上涨的状态。8年后，中国最便宜的东西可能就是房子了。
马云说，过去8年中国房价整体呈上涨姿态，我觉得不可思议，任何商品都有其市场规律，有涨有跌很正常。未来房子、车子都会很便宜，房子会多到如葱卖不掉，人人都能买得起，真正昂贵的是干净的水、空气和各种资源。
此外，马云说房价七八年内回归到人人买得起，是基于新一代人的价值观和经济增速的逐渐回稳。他更早早看清了一个道理，任何行业都不可能永续繁荣，腾飞了数十载的房地产更不例外。过去十几年，中国拿房地产、环境和资源换来了经济飞速增长，其弊端尽显，未来经济发展到一定程度时，必将回归本质。",2020-09-16 18:02:32,凤凰财经
