,title,content,pub_time,src
0,山东黄金：私有化恒兴黄金 股票复牌,"9月30日消息，山东黄金（600547）9月30日晚间公告，公司计划以协议安排的方式将恒兴黄金私有化，并收购其100%股份，收购对价将全部以公司发行的H股股份支付。恒兴黄金股东将按照其持有的每1股股份，获得5/29股山东黄金H股股份。恒兴黄金核心资产是位于新疆伊哈萨克自治州伊宁县的金山金矿采矿权开采项目。恒兴黄金2019年储量和年产量分别为40.93吨、2.66吨。公司股票将于10月9日开市后开始交易。
(image_address=""//n.sinaimg.cn/finance/cece9e13/20200514/343233024.png"")
海量资讯、精准解读，尽在新浪财经APP
责任编辑：陈志杰",2020-09-30 18:59:33,新浪财经
1,暴风退秒杀两市99.8%个股 “末日轮”好戏正式上演？,"刚刚，暴风退（维权）秒杀两市99.8%个股！940万神秘资金撬板暴涨，“末日轮”好戏正式上演？
来源： 每经牛眼 
原创 每经记者
“双节”前的最后一个交易日，在临近假期的气氛之中，大盘冲高回落剧烈震荡，两市4000余只个股中仍然是涨少跌多。
不过，《每日经济新闻》记者发现，在两市个股的涨幅榜之中，竟然有一只很多人都意想不到的角色排名前列，这就是：已经进入到退市整理期第8天的暴风退（300431，SZ），以12.50%的涨幅名列两市第10位！
其实，在经过前期连续一字跌停之后，昨日暴风退就已经打开跌停，今日的表现更是将绝大多数A股都远远地抛在后面。这究竟是有资金在“刀口舔血”还是有投资者在玩“末日轮”游戏呢？
昨日撬板，今日暴涨
今日，已经进入退市整理期第8个交易日的暴风退（300431，SZ）大幅低开12.50%，118万元大单瞬间出逃。就在6.35万名股东（半年报数据）感到失望之时，股价却快速上行，14分钟后股价涨幅就超过9%，1个小时后股价涨幅就已经高达15.63%。之后虽然股价有所波动，但是最后收盘涨幅仍然达到了12.50%。股价收报0.36元/股，成交金额1780万元，较昨日略有缩量；总市值也回升到1.186亿元。
(image_address=""//n.sinaimg.cn/finance/crawl/89/w550h339/20200930/c261-izwfpyt0486476.jpg"")
暴风退今日分时图
作为创业板实施注册制之后两市唯一的一只涨跌幅20%限制的退市股，暴风退进入退市整理期后连续发生了6个20%的一字跌停，但却在今日成为两市4000多只个股中耀眼的存在：
(image_address=""//n.sinaimg.cn/finance/crawl/668/w355h313/20200930/9dcf-izwfpyt0486510.jpg"")
今日两市涨幅前列个股排名
暴风退今日以12.50%的涨幅，名列两市4000多只个股的涨幅榜第10位，实在是颠覆投资者之前的预期！按照今日上交所公布旗下共有1744家上市公司和深交所公布旗下共有2310家上市公司来计算，暴风退已经秒杀了两市99.8%的个股！
今日暴风退的强势，其实在昨日已经有所萌芽。
(image_address=""//n.sinaimg.cn/finance/crawl/122/w550h372/20200930/8601-izwfpyt0486554.jpg"")
暴风退昨日分时图
在连收6个一字跌停板之后，昨日暴风退继续以跌停板开盘，总市值也跌破1亿元。不过出乎所有人的意料之外，6分钟后几笔合计超过30万元的大买单快速涌入，一瞬间跌幅收窄到16%左右，随后再封跌停板。之后，暴风退更是在盘中出现了10余次撬板，场外的资金可谓是“蠢蠢欲动”。
截至昨日收盘，暴风退跌幅为15.79%，报0.32元/股，成交巨幅放大至2250万元，并且在日K线图上收出一根小阳线。
940万元接力介入
在暴风退今日暴涨12.50%之后，从日K线图上来看似乎有点“见底放量反弹”的味道。
(image_address=""//n.sinaimg.cn/finance/crawl/94/w550h344/20200930/2cfe-izwfpyt0486609.jpg"")
暴风退近期日K线图
暴风退昨日和今日的成交量，均创出了自6月11日以来的新高，显示有资金介入其中。
从昨日深交所龙虎榜数据来看，昨日撬板的资金主要来自买1、买2、买3席位：中信证券温岭万昌中路证券营业部净买入227万元；金元证券乌鲁木齐黄河路证券营业部净买入150万元；财通证券绍兴县柯桥湖西路证券营业部净买入101万元。前买5和前卖5席位累计净买入约322万元。
(image_address=""//n.sinaimg.cn/finance/crawl/86/w550h336/20200930/ce97-izwfpyt0486651.jpg"")
图片来源：深交所9月29日龙虎榜
而从今日深交所龙虎榜数据来看，昨日位居买3席位的财通证券绍兴县柯桥湖西路证券营业部在今日成为卖1席位，借今日大涨开始出货，净卖出115万元，小赚一笔落袋为安，搞了一把短差。
(image_address=""//n.sinaimg.cn/finance/crawl/59/w550h309/20200930/3aee-izwfpyt0486685.png"")
图片来源：深交所9月30日龙虎榜
而“接盘”的是新时代证券深圳福华一路证券营业部和平安证券无锡人民中路证券营业部，分居买1和买2席位，净买入348万元和195万元。前买5和前卖5席位累计净买入约620万元。昨日和今日两天，前买5和前卖5席位累计净买入942万元。
打破前期股价计算公式
9月18日，暴风集团发布《关于公司股票进入退市整理期交易暨终止上市的第一次风险提示公告》。
(image_address=""//n.sinaimg.cn/finance/crawl/446/w550h696/20200930/df4a-izwfpyt0486742.jpg"")
图片来源：暴风集团公告
公告显示，公司股票从9月21日起，进入退市整理期，退市整理期30个交易日后将被摘牌。由于自8月24日起，创业板改革已正式试点注册制，因此，暴风退也在9月21日正式成为两市唯一一只价格涨跌幅限制比例为20%的退市股。同时，公告也特别强调：“深圳证券交易所创业板不接受公司股票重新上市的申请，因此公司股票退市后，将不能在创业板重新上市”。
值得注意的是，由于价格涨跌幅限制比例为20%，所以暴风退与以往的退市个股不同的是：退市整理期股价“归零”的速度更快。
(image_address=""//n.sinaimg.cn/finance/crawl/338/w550h588/20200930/a77e-izwfpyt0486810.jpg"")
图片来源：东方财富网股吧
据股吧网友计算，如果进入退市整理期后连续20%的跌停，按照退市整理期第一天的跌停收盘价1.18元/股计算，暴风退会在退市整理期第18天跌到0.02元/股，之后的12天均会保持这一价位直至退市 。
不过，资本市场的魅力之一就是它的变幻莫测。昨日和今日暴风退“不走寻常路”，出现“撬板”+“暴涨”，显然打乱了前期的计算公式。究竟暴风退在退市之前会如何走，会以什么样的价位收局，现在成为了未知数。
“末日轮”表演启动？
暴风退在此前的股价异动也不在少数，就在之前即将触发退市的5月底到6月初，在短线资金的搅动之下，暴风集团的股价从5月26日盘中低位1.33元/股起，连拉8根阳线，6月5日盘中一度最高涨至2.83元/股，期间涨幅曾高达113%！
(image_address=""//n.sinaimg.cn/finance/crawl/34/w550h284/20200930/7432-izwfpyt0486848.jpg"")
暴风退5月底6月初日K线图
而近两天暴风退的离奇走势，也让股民们兴奋了起来，有的人似乎赚了不少，也有人重新燃起了希望。
(image_address=""//n.sinaimg.cn/finance/crawl/730/w550h180/20200930/7fc3-izwfpyt0486875.jpg"")
(image_address=""//n.sinaimg.cn/finance/crawl/714/w550h164/20200930/ba78-izwfpyt0486901.jpg"")
图片来源：东方财富网股吧
当然，也有抱着玩一玩、看热闹心态的股民：
(image_address=""//n.sinaimg.cn/finance/crawl/743/w550h193/20200930/50bd-izwfpyt0486941.jpg"")
(image_address=""//n.sinaimg.cn/finance/crawl/710/w550h160/20200930/35e0-izwfpyt0486974.jpg"")
图片来源：东方财富网股吧
接下来，暴风退将会如何“表演”，“末日轮”将如何转动呢？退市整理期还剩余22个交易日，或许还有好戏可看……
扫二维码 3分钟开户 稳抓股市回调良机！
(image_address=""//n.sinaimg.cn/finance/512/w256h256/20200807/333c-ixkvvuc9099771.png"")
免责声明：自媒体综合提供的内容均源自自媒体，版权归原作者所有，转载请联系原作者并获许可。文章观点仅代表作者本人，不代表新浪立场。若内容涉及投资建议，仅供参考勿作为投资依据。投资有风险，入市需谨慎。
(image_address=""//n.sinaimg.cn/finance/cece9e13/20200514/343233024.png"")
海量资讯、精准解读，尽在新浪财经APP
责任编辑：陈志杰",2020-09-30 18:59:27,新浪财经
2,赶工iPhone12国庆不放假？富士康辟谣 但这些代工厂还在花样抢人,"赶工iPhone 12国庆不放假？富士康辟谣，但这些代工厂还在花样“抢人”
记者|俞瑶
编辑|嚓嚓
国庆假期来临之际，这群人却被传出不能放假——
9月30日，据媒体报道称，富士康为加紧生产iPhone 12，决定取消厂区国庆和中秋假期。对此，富士康方面辟谣称，“所谓厂区取消假期为不实消息”。
不过，红星资本局从苹果另一代工厂和硕科技相关人士处了解到，iPhone 12发布在即，其国内3个主要的工厂，除了苏州华硕在10月1日、2日、3日休息，上海昌硕和昆山世硕都在持续招人。
另一手机业内人士则告诉红星资本局，行业内普遍预测iPhone 12上市的时间是10月12日。
传iPhone12 来了
富士康国庆强制加班？
9月30日，多家媒体报道，为了加紧生产iPhone 12，代工厂商富士康已经取消国庆假期，要求工人们加班加点，确保生产线每天24小时运转。
随后，富士康迅速辟谣，称“厂区取消假期为不实消息”。不过红星资本局注意到，也有多位富士康工人对媒体表示，国庆期间可以“自愿加班”。
据悉，往年富士康国庆放假三天，今年因叠加中秋假期而放假四天，若自愿加班可拿三倍工资。
今年9月苹果的新品发布会上，并没有发布新款 iPhone 12。
发布会上，苹果CEO库克解释称，由于全球疫情影响导致iPhone 12生产延迟，发售期也相应推迟，不少欧洲运营商透露消息称，苹果预计在10月举行活动时公布“iPhone 12”系列。
9月30日，成都一位资深手机业内人士则对红星资本局表示，业内普遍认为iPhone 12的发布和发售时间是10月12日。
(image_address=""//n.sinaimg.cn/finance/crawl/116/w550h366/20200930/0eaa-izwfpyt0444975.jpg"")
苹果专卖店，图据东方ic
“现在业内很多人基本上都停止卖苹果的手机了，等12号公布iPhone 12后每款手机都会不同程度的降价。”上述人士称。
红星资本局注意到，苹果另一主要代工厂和硕联合科技股份有限公司（简称“和硕科技”）的相关厂房国庆也不休息。
和硕科技一位相关负责人对红星资本局表示，国庆期间，和硕位于苏州的苏州华硕会休息10月1日、2日、3日这3天；上海昌硕和昆山世硕2家工厂都在持续招人。
而红星资本局了解到，和硕科技生产苹果产品的主要工厂就是昆山世硕、上海昌硕两个厂区。
放宽年龄、返费……
苹果代工厂“花样”抢人
天眼查APP显示，和硕科技是华硕电脑股份有限公司（简称“华硕”）的关联企业。
根据和硕科技官网，其全球制造中心包含名硕电脑（苏州）有限公司、康硕电子（苏州）有限公司、昌硕科技（上海）有限公司（以下简称“上海昌硕”）、世硕电子（昆山）有限公司、旭硕科技（重庆）有限公司等八家公司。
实际上，和硕科技也是苹果公司在全世界范围内最大的代工厂之一，被称作“富士康的劲敌”。“我们（和硕）、立讯精密（002475，SZ）、富士康，苹果在中国的代工厂主要就是这三家。”和硕科技相关人士对红星资本局介绍。
而位于昆山的世硕、上海昌硕、苏州华硕也是其最主要的3个厂区。
前不久，昆山世硕还曾因位招聘现场火爆、粗暴乱扔员工证件火遍抖音等社交平台。
上述和硕相关人士对红星资本局介绍，苹果的发布会大多都是在秋季，所以下半年是电子代工厂的旺季，各大厂商也会在这个阶段“抢人”。
红星资本局以求职者的身份致电一家负责给世硕招聘的劳务公司，其相关负责人告诉记者，9月28日，上海昌硕的招聘条件中，年龄项已从18—38周岁放宽至18—42周岁。
为了能够“抢”到人，除了工资以外，代工厂还会有一定的“返费”发放。
以9月28日的标准，上海昌硕打卡满55天，可领取“返费”12580元；打卡85天，可领取14390元“返费”。据介绍，昆山世硕的标准比这更高。
不过，抛出“返费”是为了吸引人力。但实际上，“返费”这笔对于企业而言额外的支出，员工却又很难真正拿到。据时代财经报道，一位世硕电子老员工表示：一般人吃不消，干几天就提桶跑路了，派遣工三个月还不见得能转正。“（想）拿到返费，最起码得坚持100多天。”
(image_address=""//n.sinaimg.cn/finance/cece9e13/20200514/343233024.png"")
海量资讯、精准解读，尽在新浪财经APP
责任编辑：陈志杰",2020-09-30 18:41:24,新浪财经
3,特大操纵期货市场案宣判：远大石化前董事长获刑5年 公司被罚3亿,"特大操纵期货市场案宣判，这位前董事长获刑5年，还连累公司被罚款3亿
9月29日，辽宁省抚顺市中级人民法院对远大石化涉嫌操纵期货市场案通过网络平台的方式开庭宣判，远大石化犯操纵期货市场罪，被判处罚金人民币3亿元，违法所得人民币4.37亿元依法予以追缴，由扣押机关负责处理。
(image_address=""//n.sinaimg.cn/spider2020930/200/w1080h720/20200930/7947-izwfpyt0423919.jpg"")
图片来源：摄图网（图文无关）
公开资料显示，远大石化有限公司为上市公司远大控股（000626.SZ）的控股子公司。
(image_address=""//n.sinaimg.cn/spider2020930/372/w580h592/20200930/f32d-izwfpyt0423954.png"")
图片来源：Wind
9月30日，远大控股下跌5.97%，股价报6.46元，最新市值35亿元。
远大石化前董事长被判处有期徒刑五年
据抚顺法院网9月30日消息，29日，辽宁省抚顺市中级人民法院依法对被告单位远大石化有限公司、被告人吴向东操纵期货市场案公开宣告一审判决，以操纵期货市场罪，对远大石化判处罚金3亿元，对吴向东判处有期徒刑五年，并处罚金500万元；依法追缴远大石化违法所得4.36亿元，依法追缴吴向东违法所得487万余元；对涉案的其他11个账户中的违法所得继续追缴。
(image_address=""//n.sinaimg.cn/spider2020930/16/w1080h536/20200930/c7ea-izwfpyt0423997.png"")
图片来源：抚顺法院网
抚顺市中级人民法院经开庭审理查明：远大石化时任董事长（法定代表人）吴向东召集会议决定，于2016年5月24日至8月31日间，利用其实际控制18个账户通过以市场价大量连续买入开仓的手法，将资金优势转化为持仓优势。同时通过直接购买、代采代持、售后回购等方式大量囤积聚丙烯现货，制造聚丙烯需求旺盛氛围，以反作用影响期货市场，跨期货、现货市场操纵PP1609价格。案发后，被告单位远大石化有限公司积极退缴违法所得。
Wind数据显示，2016年5月至2016年7月期间，PP1609价格大涨，涨幅超过了30%。
(image_address=""//n.sinaimg.cn/spider2020930/514/w584h730/20200930/b780-izwfpyt0423996.png"")
图片来源：Wind
抚顺中院认为，远大石化通过直接采购、代采代持、售后回购等多种方式囤积现货，影响PP1609期货品种市场行情，并利用自身资金优势，实际控制多个期货账户，大量持仓PP1609，操纵聚丙烯1609期货合约价格，情节特别严重，其行为已构成操纵期货市场罪。吴向东为时任远大石化有限公司的法定代表人、董事长，为操纵期货市场犯罪直接负责的主管人员，其行为亦构成操纵期货市场罪。远大石化能够积极配合调查，并积极退缴违法所得，可以依法从轻处罚。吴向东能够如实供述犯罪事实，构成坦白，可以依法从轻处罚。法院根据被告单位、被告人的犯罪事实、性质、情节和社会危害程度，依法作出上述判决。
远大控股：子公司已计提5.6亿元预计损失
9月29日晚，远大控股发布关于控股子公司远大石化有限公司诉讼判决结果的公告。
公告强调，本次判决为一审判决，截至本公告披露日，本次判决尚未生效，对于本次判决，远大石化将在上诉期限内提起上诉，最终判决结果尚存在不确定性。远大石化已于2017年度计提了5.6亿元的预计损失，公司将根据最终判决结果对2017年度财务报表进行调整。本次判决对远大石化未来经营的影响以及进而对公司的影响尚需进一步评估。该案件的后续进展情况，公司将及时履行信息披露义务，敬请广大投资者注意投资风险。
远大控股此前发布的2020年半年报显示，，公司上半年实现营业收入233.79亿元，同比下降28.55%；归属于上市公司股东的净利润亏损9906.04万元，同比下降313.33%；基本每股收益-0.18元。截至6月30日，公司及下属子公司年内已累计获得与收益相关的政府补助共计2363.15万元。
截至9月30日05:23，全球新冠肺炎确诊33484488例，死亡1004129例。关注全球新冠肺炎疫情动态，请点击↓↓↓
(image_address=""https://mmbiz.qpic.cn/mmbiz_png/CFF20LXzkOwaRcPDuGEeGB9bExJwELibPhibI4bCuEnNovxWygnObfLSgM2EzTEkbtU5SiaQiafy5aaz3XTqFKuicfg/640?wx_fmt=png"")
]article_adlist-->推荐阅读
美国大选首场辩论结束！没有意外，特朗普这个老问题，又遭到攻击…
]article_adlist-->
]article_adlist-->
(image_address=""//n.sinaimg.cn/spider2020930/85/w1080h605/20200930/da5f-izwfpys9470546.png"")]article_adlist-->
3.5亿引入“快手一哥”，这家公司20%涨停！深交所发出灵魂拷问：是不是在蹭网红概念？
]article_adlist-->
]article_adlist-->
(image_address=""//n.sinaimg.cn/spider2020930/350/w690h460/20200930/cfa9-izwfpys8114336.jpg"")]article_adlist-->
预赛名列前茅却无缘决赛！除了傅园慧，这几位世界冠军也“栽”在体能测试...
(image_address=""//n.sinaimg.cn/spider2020930/67/w1000h667/20200930/8685-izwfpys8114206.jpg"")
]article_adlist-->
(image_address=""//n.sinaimg.cn/spider2020930/771/w1080h491/20200930/6a35-izwfpys8114273.png"")
]article_adlist-->
扫二维码 3分钟开户 稳抓股市回调良机！
(image_address=""//n.sinaimg.cn/finance/512/w256h256/20200807/333c-ixkvvuc9099771.png"")
(image_address=""//n.sinaimg.cn/finance/cece9e13/20200514/343233024.png"")
海量资讯、精准解读，尽在新浪财经APP
责任编辑：陈志杰",2020-09-30 18:40:08,新浪财经
4,留给广汽的时间不多了 数字化能否解销量近渴？,"留给广汽的时间不多了，数字化能否解销量近渴？| 车展时间
来源：出行一客
原定于4月举行的北京车展延迟到9月，并成为今年唯一举办的国际性实体车展。北京车展的大规模顺利召开，是对全球汽车产业的一支强心剂。
中国国际贸易促进委员会汽车行业分会贸技部副主任何莹蕊指出，“车企合力将带动中国汽车市场、乃至全球汽车市场走向复苏，有力助推汽车行业国内大循环为主体，国际国内双循环互相促进新格局的形成。”
与以往不同，本届北京车展上观众对中国品牌的展台给予高度关注，越来越多的年轻消费者停留在这些展台上，成为中国品牌的粉丝。
“在研发投入方面，我们自主品牌每年实际净投超过50亿元，这些是自主品牌发展的基础，如果算一下营业收入便知，我们的研发投入占营业收入的比重接近10%，全球车企平均值才5%。”北京车展期间，广汽集团总经理冯兴亚在接受《财经》记者采访时表示。
他认为自主品牌的发展，仅靠从前对市场的先知先觉已经不行了，一定要在科技水平上领先，“否则自主品牌的品牌向上都是空话”。
今年8月，《财富》杂志发布了最新的世界500强排行榜。其中，广汽集团（601238.SH）以536.62亿美元（约合3657.07亿人民币）的营业收入排名206位。
数字化转型知易行难
9月26日，广汽集团在北京车展现场发布了广汽数字化加速器GDA项目，明确了数字化三年转型目标和实施路径，并首发了全新的广汽传祺M8和纯电动敞篷概念跑车“影动”。
冯兴亚认为，在汽车四化当中，数字化是基础数字化转型的过程中，会涉及到思想转变、组织变革以及路径选择。也正因如此，在向数字化转型当中，会面临许多困难。
(image_address=""//n.sinaimg.cn/finance/crawl/116/w550h366/20200930/3e6f-izwfpyt0401062.jpg"")
▲广汽集团总经理冯兴亚
“说起来容易，做起来难。”冯兴亚表示：“我们平时工作方式、思考问题的想法和数字化的要求是不一致的，所以很多东西是不相吻合的。”
另一方面，企业内部也要针对数字化转型进行组织变革，“以前的运营理念是消费者驱动，有的叫市场驱动，有的是产品驱动，需求驱动，现在我们所有的问题都是以数字表现出来，引领、引导各项工作的开展，这个在整个工作流程上和组织方式上都会发生很多调整。”冯兴亚提到。
事实上，广汽集团从去年开始对组织架构进行了调整，其成立了信息数据本部，把此前以汽车金融保险、用品配件销售、维修保养等线上业务为主的大圣科技定位成为软件公司。“以前做互联网，做电商，现在从电商转向软件。花了一年的时间从机构的调整，到实际上工作流程的捋顺。”冯兴亚表示。
值得一提的是，冯兴亚认为路径的选择也非常重要。“以问题为导向，找到优先点，从消费者的需求入手做四化的转型，这些我觉得都是我们去年、前年我们遇到的一些问题后做出的对策。”
如今，汽车已不仅仅是移动工具，它具有了更多的价值和功能。
“现在我们讲四化不是讲的现状，讲的是未来的发展方向，做企业来讲，不能坐在今天状态下去梦想明天的事情，我们必须为了明天的到来，消费者新需求的形成做前期的准备。”冯兴亚强调。
据了解，广汽传祺通过全新广汽全球平台模块化架构GPMA、ADiGO智驾互联生态系统、动力科技三大科技为产品赋能。
在智能驾驶领域，广汽已能够实现L3等级的自动驾驶，在技术上实现了通过手机来一键泊车。同时能够实现长距离的、跨楼层L4等级的低速自动驾驶。
广汽研究院院长吴坚透露，广汽研究院在新四化上面，包括智能网联电动化、数字化以及情景化这几大方面采取了2510的战略，区分为两年以后的技术、五年以后的技术和十年以后的技术，差异化对技术创新进行布局。
(image_address=""//n.sinaimg.cn/finance/crawl/116/w550h366/20200930/4618-izwfpyt0401103.jpg"")
▲广汽研究院院长吴坚
全年销量舍8保3
广汽集团在推进数字化驱动科技转型的同时，其当务之急是力保今年产销量实现正增长。
广汽集团公布的财报显示，今年上半年，广汽集团营业总收入约为 256.42 亿元，较上年同期减少约 9.56%；归属于上市公司股东的净利润约为 23.18 亿元，较上年同期减少约 52.87%。
另据乘联会公布的数据显示，今年前8个月，广汽集团完成销售118.8万辆，同比下降9.87%。其中，广汽丰田累计销售46.2万辆，同比增长7.24%，广汽本田销量同样为46.2万辆，同比下降9.55%。“两田”合计为广汽贡献了约78%的销量，而广汽乘用车前8个月销售不足20万辆，同比下滑18.36%，低于行业平均水平。
对此，冯兴亚认为，今年上半年，特别是第一季度，疫情对全国各大汽车品牌的挑战还是非常大的，2月份各个销售店几乎没有什么销售量，车企到4月生产才恢复正常，应该说今年汽车行业是少干了一个半月到两个月，全年汽车市场要实现增长的压力还是比较大的。
(image_address=""//n.sinaimg.cn/finance/crawl/116/w550h366/20200930/9780-izwfpyt0401151.jpg"")
“全年汽车市场要实现增长的压力还是比较大的。”冯兴亚表示：“我们年初的基本目标是确保增长3%，挑战目标是增长8%。现在看来，挑战8%的目标不太可能了，但是增长3%的基本目标我们还是想去实现的，最起码要保证产销量正增长。”
然而，目前已经入全年第四季度，留给广汽集团的时间已经不多了。
2019年，广汽集团累计销量为206.22万辆，即便按3%的基本目标计算，广汽集团今年前8月也仅完成目标的55.98%。
不过在今年8月，广汽集团已实现产销双增长，生产16.63万辆新车，同比增加7.82%；销量为18.06万辆，同比增长11.64%；其中，广汽传祺在8月销量达到3.25万辆，同比增长8.64%。
“从目前情况看，应该说恢复得不错，这和疫情控制得好是有直接关系的，另外和国家出台的一些刺激国内消费政策、内循环政策实施有效也密切相关。” 冯兴亚如此认为。
免责声明：自媒体综合提供的内容均源自自媒体，版权归原作者所有，转载请联系原作者并获许可。文章观点仅代表作者本人，不代表新浪立场。若内容涉及投资建议，仅供参考勿作为投资依据。投资有风险，入市需谨慎。
(image_address=""//n.sinaimg.cn/finance/cece9e13/20200514/343233024.png"")
海量资讯、精准解读，尽在新浪财经APP
责任编辑：陈志杰",2020-09-30 18:26:11,新浪财经
5,信维通信：未通过任何平台向公众投资者进行投资、理财等募资活动,"9月30日消息，信维通信：公司未通过任何平台、以任何形式向公众投资者进行投资、理财等募资活动；亦未委托或授权他人代表公司宣传、开展相应的投资、理财等募资活动。
扫二维码 3分钟开户 稳抓股市回调良机！
(image_address=""//n.sinaimg.cn/finance/512/w256h256/20200807/333c-ixkvvuc9099771.png"")
(image_address=""//n.sinaimg.cn/finance/cece9e13/20200514/343233024.png"")
海量资讯、精准解读，尽在新浪财经APP
责任编辑：陈志杰",2020-09-30 18:05:23,新浪财经
6,腾邦国际：10倍大牛股是怎么死的？,"10倍大牛股是怎么死的？
作者 |晨光
2020年半年报数据显示，公司资产负债率已高达80.87%，短期借款高达27.67亿，一年内到期的非流动负债也有3.07亿，而货币资金仅有9292.65万元，由此不难看出公司债务高企。
除了债务高企，腾邦国际还诉讼缠身。截至9月5日，腾邦国际及其子公司共有110个银行账户被冻结，累计冻结账户账面金额合计1341.59万元。与此同时，公司还可能涉及对外担保。
截至9月26日，公司累计诉讼金额为31.3亿元。公司涉及的诉讼、仲裁案件中金融机构涉诉案件诉讼金额为26.95亿元，占合计诉讼金额的比例为86.05%。
一、做金融的票代
机票代理起家的腾邦国际，伴随着对行业区域龙头——重庆新干线旅行社等公司并购的落地，公司在商旅领域的全国布局已基本完成。此外，通过对机票 B2B 交易平台“八千翼”以及在线旅游商“欣欣旅游”的战略性并购，公司不断完善大旅游产业布局。在 2014年对战略进行了全面升级，并给自己制定了“旅游×互联网×金融”战略。
腾邦国际2018年公开披露信息显示，其主要业务有两大类：一是商旅服务（也就是旅游业务）；二是金融服务。
根据财报显示，2018年腾邦国际实现营业收入为48.86亿元，同比增长38.43%。其中商旅服务贡献营收43.18亿元，占公司营收的88.38%，金融服务贡献营收5.68亿元，占公司营收的11.62%。
在外界看来，腾邦国际是旅游行业冲出的一匹黑马，而且还是上市公司，业绩优秀，着实不错。
不过，这匹旅游行业黑马，真是靠旅游业务赚钱吗？
财报数据这么看，旅游业务是当之无愧的主要营收来源。
2018年腾邦国际实现归属于上市公司股东的净利润为1.68亿元，财报中并未说明净利润中商旅业务和金融业务各自做出的贡献比例有多大。普遍意义上，外界认为商旅业务既然占据了八成以上营收比例，自然也贡献了绝大多数的净利润。
事实并非如此。
从2019年5月16日，腾邦国际关于对深交所年报问询函的回复中，详细披露了金融业务的构成和具体数据。
腾邦国际的金融板块由融易行、腾邦创投、保险经纪和腾付通四项业务构成。
以小贷业务为核心的融易行2018年实现归母净利润达到1.23亿元，占腾邦国际当年归母净利润的73.21%。
也就是说，腾邦国际的1.68亿净利润中近8成是金融服务提供的，且以融易行小额贷款业务获得的利润为主，放贷已经成为腾邦国际维持利润的关键。
(image_address=""//n.sinaimg.cn/spider2020930/676/w872h604/20200930/e23b-izwfpyt0302271.png"")
虽然腾邦国际并没给出历年金融业务占据整个企业净利润的具体数据，但从2018年的数据不难发现，腾邦国际大张旗鼓转型旅游这些年，其实一直都是靠金融造血支撑。
二、实控人挪用资金？
财报数据显示，近年来经营方面一直处于增收不增利的尴尬境地。2013年至2018年，腾邦国际实现营收、归母净利如下图：
(image_address=""//n.sinaimg.cn/spider2020930/162/w617h345/20200930/7003-izwfpyt0302339.png"")
募资方面，2011年2月15日腾邦国际上市募资资金净额约5.98亿元；2017年8月，非公开发行股票募集资金净额7.80亿元。
每年营收超几十亿，且每年都有过亿净利润入账，募资动作也从未停止，上市8年多的腾邦国际为何行至今日？
从《控股股东及其他关联方资金占用情况的专项说明》，貌似可以找出部分迹象，实控人可能挪用上市公司资金。2018年，腾邦国际与关联子（孙）公司之间往来累计发生金额超过294亿元，年末往来余额为20.51亿元，是年初往来资金余额5.8亿元的3.45倍，关联子（孙）公司占用上市公司资金的利息超过1亿元。在这290多亿元的资金往来中，超过九成均为非经营性资金占用，纳入腾邦国际的“其他应收账款”发生额。
值得注意的是，深圳市腾邦航空服务有限公司引起了探雷哥的目光。腾邦航空成立于2001年11月19日，注册资本300万元，为上市公司腾邦国际的子公司。经营范围：国内航线除香港、澳门、台湾地区航线外的航空客运销售代理业务。
腾邦国际与腾邦航空在2018年度往来累计发生金额112.20亿元，往来性质为非经营性占用，期末余额13.04亿元。
(image_address=""//n.sinaimg.cn/spider2020930/561/w1080h281/20200930/e134-izwfpyt0302340.png"")
探雷哥，结合以往的审计经验认为，上市公司实控人可能存在利用披露财务数据的时点差，频繁挪用上市公司资金为其所用。
三、融易行被“贱卖”的秘密
2019年11月9日，腾邦国际关于出售子公司融易行股权暨关联交易的公告；引起了探雷哥的注意：
(image_address=""//n.sinaimg.cn/spider2020930/304/w873h231/20200930/2e68-izwfpyt0302392.png"")
以小贷业务为核心的融易行2018年实现归母净利润达到1.23亿元，根据2018年的PE估值，融易行股权转让的交易价格还不足8倍。琢磨琢磨，这背后难道还有其他原因？
2019年11月27日，腾邦国际公告的一份融易行的审计报告，大华会计师事务所对融易行出具了保留意见的审计报告。从报告中，可以看出逾期贷款越来越多，半年时间，逾期贷款增长近5倍。也许这才是急于转手的原因。
(image_address=""//n.sinaimg.cn/spider2020930/188/w606h382/20200930/0dcf-izwfpyt0302396.png"")
截止2019年6月30日，融易行贷款业务金额达27.61亿元之巨，7.13亿元贷款逾期也许仅仅只是开始？
2019年6月30日，融易行公司其他应收款余额7.25亿元，其中前五名余额共计6.82亿元，占比达94.07%。
(image_address=""//n.sinaimg.cn/spider2020930/32/w594h238/20200930/a45e-izwfpyt0302479.png"")
探雷哥，扒了扒前两名深圳市优越正贸易有限公司和深圳市智汇树科技有限公司，发现内有乾坤。
(image_address=""//n.sinaimg.cn/spider2020930/393/w834h359/20200930/1e35-izwfpyt0302480.jpg"")
两家注册资本500万元的小企业，通过往来款拿走了融易行公司共计3.5亿元的资金。探雷哥，很想知道这两者是通过什么名头把资金拿走的。是经营活动需要，还是其他？这些资金何时能归还、能归还多少？探雷哥对此持不乐观态度。
2019年底，腾邦国际应收融易行往来款21.81亿元；截止2020年6月30日，仍然有增无减达到22.32亿元。截止2020年6月30日，腾邦集团向腾邦国际购买融易行股权，仍有8.25亿元未进行支付。
对于腾邦国际来说，这些往来款、股权转让款能不能收回、何时能收回？不得而知
四、结束语
2019年，腾邦国际上市以来的首度亏损，一年亏掉十年利润总和。归母净利亏损金额高达15.76亿元。也许只是一个开始．．．．．．．．
业绩亏损、账户冻结、债务缠身的腾邦国际，在一步步走向破产边缘。
(image_address=""//n.sinaimg.cn/finance/cece9e13/20200514/343233024.png"")
海量资讯、精准解读，尽在新浪财经APP
责任编辑：陈志杰",2020-09-30 18:00:49,新浪财经
7,广州浪奇“罗生门”:消失的库存背后还有多少“虚假仓”？,"【今日直播】
国泰基金 朱丹 ：海外市场波动，对A股影响几何？
华夏基金 宋伯龙：周期板块迎来估值修复期？
嘉实基金 陈正宪&嘉实基金 滕抒含：节后投资早规划之二
深交所第34期“践行中国梦·走进基金公司”——富国基金站
原标题：【深度】广州浪奇（维权）“罗生门”：消失的库存背后还有多少“虚假仓”？
记者|张艺
(image_address=""//n.sinaimg.cn/spider2020930/298/w700h398/20200930/7220-izwfpyt0304730.jpg"")图片来源：视觉中国
广州浪奇（000523.SZ）存货失踪事件目前仍是一团迷雾。结合近两日多方信息呈现，界面新闻采访了多位从事大宗贸易、仓储业务相关人士，试图拨开迷雾，触达背后的真相。
“几乎可以认定是‘虚假仓单’。”一位交易中心负责仓储业务人士对界面新闻表示。
事实上，广州浪奇主业已非公众所认知的洗衣粉，而是化工贸易。种种迹象均表明，贸易业务已成广州浪奇的风险点，而展开贸易业务的平台——奇化化工交易中心或许是事情的关键所在。
存货“罗生门”
在这一场存货失踪事件中，三方各执一词。
除了广州浪奇，涉事的两家企业，分别是江苏鸿燊物流有限公司（下称“鸿燊公司”）和江苏辉丰石化有限公司（下称“辉丰公司”），货仓分别为“瑞丽仓”和“辉丰仓”，货值分别为4.53亿元和1.19亿元。不过，两家企业卷入的事件性质并不相同。
“瑞丽仓”的问题是没货。
在鸿燊公司的“瑞丽仓”中，据鸿燊公司法人代表黄勇军表示，本无仓储资质的物流企业鸿燊公司从江苏琦衡农化科技有限公司（下称“琦衡农化”）旗下的租来仓库，并与奇化化工交易中心和广州浪奇公司签署三方仓储合同。值得注意的是，琦衡农化是广州浪奇子公司。
然而，黄勇军对界面新闻表示，没有货物，一直都没有。
据上海证券报报道，黄勇军说，有时候，这个仓库上午一下子就进货600吨、1000吨，但下午就卖给别人被拉走了。
黄勇军对界面新闻并未承认此事。对于仓库为何没有存货，黄勇军对界面新闻表示，“没有货物进来，是因为说是网上电子交割。”
黄勇军曾对媒体自述，租下琦衡农化仓库后，一年来，并未真正付过租金。
这期间，琦衡农化也是广州浪奇一颗闲置的“棋子”。广州浪奇于2019年10月将琦衡农化25%股权以2.03亿元转让给江苏绿叶农化有限公司，至今仅收到了30%转让款6.09亿元。因未收到全部价款，广州浪奇未办理琦衡公司股权变更登记手续，因此，琦衡公司股权记录于持有待售资产科目。
辉丰公司则是完全不同的情况，“辉丰仓”说没有交易，是假章。
“真的假不了，假的真不了。”辉丰公司相关人士对界面新闻表示，没有交易就是没有交易，上市公司已经有相关公告。
根据*ST辉丰（维权）（002496.SZ）公告，辉丰石化从未与广州浪奇签订过仓储合同，广州浪奇也从未有货物储存于辉丰石化库区，盘点表上的“江苏辉丰石化有限公司的印章”与辉丰石化的印章明显不一致，系伪造。
上述人士进而对界面新闻称，“我们是化学品仓库。我们入库，通过车入库有车牌号码，通过船入库有船号，在码头、交通局、海关，都是能查到的。”
他还戏称，“他（广州浪奇）在广州，我们相距几千公里，广州的码头、仓储企业很多，为什么这么远送到我们这边？他有可能把货放我们这边吗？不太可能的事情。就像你在广州上班，你会去上海买房子吗？”
此前广州浪奇公告称，公司相关人员持有《仓储合同》和《盘点表》，多次前往瑞丽仓、辉丰仓均无法正常开展货物盘点及抽样检测工作。鸿燊公司、辉丰公司均否认保管有公司存储的货物。
在最新进展中，广州浪奇已暴露内部人士问题。公司已将一名涉案人员移送公安机关，公安机关已立案侦查。
黄勇军告诉界面新闻，广州浪奇被送公安机关的工作人员是与其对接的贸易拓展部人员之一，来自广州。跟他联系的十几位员工不全来自广州，但主要联系的几人是浪奇广州总部的人。
“虚假仓单”？
针对广州浪奇公告和上述两家公司回复的情况，行业从业人员认为，广州浪奇疑似“虚假仓单”。
在一家交易中心负责仓储业务的刘叶接受界面新闻采访时表示，这两种情况，广州浪奇都有手持仓单，那么首先要判定单据印章的真假。
“辉丰仓”事件较为清晰。
“印章真假认定很容易判断。”刘叶也称，除仓单外，广州浪奇若能提供真实的货物流或单据流的任何一种，法院也均能对此予以认可。
刘叶对界面新闻解释，仓储行业通常可通过货物流、单据流两种方式认定。
第一种货物流情况下，“实物真正有没有进仓库，企业证据链足够，是可以推理出货物是否入库。”刘叶称，比如，物流车队和仓库交接时，是需要仓库给予车队一个确认，如果能拿出物流单，则能证明货物曾入库。法院判定时也会认可。
第二种单据流情况涉及的不止是仓单。
“仓单是权益权证的载体，但不一定以仓单的形式出现，有可能是入库单、在库盘点单、出库单，就形成了单据流。”刘叶指出，在单据流里，如果没有运单，但仓库给出入库单，也能说明仓库认定有货。在库盘点单，出库时，则由货主通知仓库，谁去提货，车号、身份证号要一一核对。仓库才给办提货手续。或者直接转让，仓库则会在动态仓单中减去这部分。
在“辉丰仓”事件中，刘叶认为，“辉丰仓”人士能提出可查入库车船号，即货物流信息，那么大概率问题出现在广州浪奇这边。
“瑞丽仓”事件则稍显复杂，不过大宗商品贸易人士张文认为，这在行业内也并不鲜见。
张文对界面新闻详解称，“虚假仓单”的出现有几种情况，大部分是没有货物入库。
第一种情况是，货物方与仓库主合谋，由仓库的管理者出具一张有真实货物入库的凭证。
另一种情况是，有的是企业与仓库内部的员工，内外勾结盖章，盖的章有真有假；有的是仓库主经营外包方打着仓库的旗号盖章，但仓单项下是没有真实货物对应。
有货物情况下的虚假仓单则多涉及到一货多押问题。
“核查非常简单，仓单上有货物明细的，拿着仓单去盘点实际的货物情况，看货物是否在库。”张文称，货物到了仓库后，如果做仓单质押或转让，仓库的底单均需要修改。但如果仓库与企业配合，就会出现一些不正规的事情。
在“瑞丽仓”上，张文认为，若鸿燊公司所言属实，那就属于企业与仓库外包方的合谋。张文还对记者称，“‘瑞丽仓’自述的交割库并非日常贸易库，交割库在交割日货物在即可。”交割日之前，只需要15%的订金，形成合同。因此在“瑞丽仓”中，确实很可能出现这种货物刚入库就被另一家拉走的情况。
此处配合的仓库方也有责任。
“站在仓库的角度，如果章是假的就是外部人或者自然人的问题，与仓库法人主体无关。如果真的章就是仓库法人主体行为，仓库需要负责。无论是仓库主体还是仓库个人做的，章是真的话，货物消失，仓库都要承担一定责任。”刘叶表示。
刘叶还称，在“瑞丽仓”事件中，浪奇是甲方，仓库有乙方色彩，在这个交易里的身份很模糊。在这种情况下，风险其实落在仓库身上了。
面对鸿燊公司“瑞丽仓”可能涉及仓单造假的情况，黄勇军显得十分疲惫，更多事情已无可奉告，“我现在没太多可说的，每个人都在问这些事情，一切等广州浪奇来解释吧。一切等检查小组来了，怎么弄就怎么弄吧。”
“辉丰仓”显得更有底气。对为何广州浪奇要声称对“辉丰仓”有货，“辉丰仓”人士对界面新闻称，“这个要问浪奇了。我们怎么知道。他可能觉得我们仓库远，不会查到几千公司外这么远的地方。我们已经在当地报警了，该走的程序都会走。”
这一事件中，刘叶认为，广州浪奇存在明显的内控缺失。
“一般情况下，大宗商品至少以一个月为周期盘点一次。公司内控会有这个要求，由物流仓储部去公共仓库进行盘点，仓库会打出一张单告诉你货物数量和位置。”刘叶认为，从两个仓库同时出现的存货失踪问题来看，很明显，广州浪奇似乎没这样做。
仓单有价
为何关键点在仓单，因为仓单有价。
“在仓储中，仓单凭证十分重要，仓库作为保管人只要出具凭证就意味着，持证人在仓库存有多少货物，拿着凭证是可以提取货物的。”张文进而强调，仓单凭证在法律上是有效力的，这叫权利凭证，是一个有价证券，企业可以拿这样一个凭证去很多事情，比如银行做抵押。
为何有虚假仓单的存在？
张文称，大部分原因是出现了窟窿。
“最开始可能不是虚假仓单，可能以重复质押为主。比如有100吨货在一银行做抵押，仓库就会在货物上贴上这一银行的质押标志，这是一项公示。正常情况下，公示后，其他方均不能申张对这批货物的所有权，或抵押权，或各种他项物权。
但问题来了。偿若仓库均配合货主调查，在不同的银行来查时，贴上不同的标签，就出现了一货多押。一货多押后，不同的银行来提货，但货只有一批，该怎么办？就可能开具一些虚假仓单，100吨甚至可能开具5张、10张100吨的仓单。比如著名的上海钢贸事件、青岛港的铜贸事件。”
未有证据证明广州浪奇这5.72亿货物的仓单有被抵押。
虽涉事仓单未显示出抵押迹象，但这种融资需求一直存在。广州浪奇2019年末的应收款项融资余额为8.30亿元，是年初的4倍。
张文指出还存在另一种情况，货主和看上去非关联方的主体每倒腾一次，就产生了一笔交易，多了一笔营收。“货物在各方之间倒腾，营收规模做大。几亿资金操盘，可以撑起几十亿的大盘子。行业存在这种现象。”
事实上，广州浪奇的贸易业务规模正在“膨胀”。
隐藏的“庞然大物”
自广州浪奇十年前开展化工贸易业务以来，这一业务就“隐藏”在分行业“化学原料和化学制品制造业、日用零售业”项目，和分产品“工业产品”项目之中。
这种模糊处理让投资者一时无法分辨贸易业务成长到底有多快。待投资者再看到之时，这已经是一个营收100亿元左右的“庞然大物”。广州浪奇总营收也是在近三年才突破100亿元。
从以下三张图可以明显看出分界。
这三张图由上而下分别是，广州浪奇工业品业务近20年营收、主营业务收入占比和毛利率，数据来源WIND。
随着工业品营业收入破100亿元，工业品营收占比前10年不到30%，后10年不断攀升，在2017年和2018年达到峰值，超过90%。
贸易业务规模的壮大，也拉低了整体毛利率。工业品毛利率由前10年的上下波动，高时还能有超过10%的毛利率，到后10年稳稳地保持在2%左右。
(image_address=""//n.sinaimg.cn/spider2020930/278/w700h378/20200930/9a8a-izwfpyt0304731.png"")广州浪奇工业品业务近20年营收
(image_address=""//n.sinaimg.cn/spider2020930/268/w700h368/20200930/574e-izwfpyt0304762.png"")广州浪奇工业品业务近20年营收占比
(image_address=""//n.sinaimg.cn/spider2020930/267/w700h367/20200930/eef0-izwfpyt0304761.png"")广州浪奇工业品近20年毛利率走势
直至2019年年报后，深交所发出年报问询函，要求对“化学原料和化学制品制造业、零售业”进一步细分，贸易业务才显露庐山真面目。
回复函显示，广州浪奇贸易业务占据了公司约75%的营收比例，2018年、2019年营业收入分别为100.70亿元和92.03亿元，毛利率分别为1.66%和1.48%。
此时，人们才发现，早不是一家传统的洗衣粉企业，而是一家贸易公司。
(image_address=""//n.sinaimg.cn/spider2020930/138/w700h238/20200930/77c4-izwfpyt0304798.png"")广州浪奇各业务营收情况
奇化交易中心不可脱责
在这次存货失踪案和贸易业务风险暴露事件中，均指向一家广州浪奇子公司——广东奇化化工交易中心股份有限公司（全文称奇化化工交易中心、奇化网、奇化公司）。
若鸿燊公司法人代表黄勇军所述之与奇化化工交易中心和广州浪奇公司签署三方仓储合同属实，黄勇军所述的电子交割，其成交平台直指奇化化工交易中心。
“仓库方提到这是交割仓，那么涉及到交割的事，就把交易中心引出来了。这个交易中心应验货而未验货。”上述仓库专业人士刘叶认为，奇化化工交易中心也负有不可推卸的责任。
“我们一般每个仓单都会去验货。”刘叶表示，虽然不是所有的交易中心在产品交割时都会派人去仓库现场验单，但不验一般只发生在可以信任的指定交割仓。“正常情况下，交易中心认证的仓单在交割时，有义务去验，否则货没了，交易中心也会担连带责任。”
在广州浪奇“瑞丽仓”事件中，刘叶认为，这个仓库是配合交割，那明显是在交易中心进行的交易。既然是交易中心交易，交易中心认证的交割单，正常他们是需要去仓库点货的。
刘叶还给界面新闻提到两种达成某种默契的关联交易情况。
一种是，在没有货物的情况下，货物转手几遍，但货一直在仓。“这种是钻漏洞合规的。几家民营世界500强企业就是通过这种方式把营收做大的。”
另一种是，在没有货物的情况下，货物转手几遍，为的是做大营收，还要开增值税发票、买卖发票，那就是“空倒”。“虚开增值税发票，那问题就很大了。因此一般企业都不会涉险空倒。”
关于广州浪奇的奇化化工交易中心，要从十几年前说起。
2008年至2012年，日化行业原材料价格不断走高，侵蚀了大量日化企业利润。为此，广州浪奇决定，逐步向产业链的上游延伸，介入上游化工原料的研发、生产和购销贸易业务。
“通过规模采购效应，既可以降低自用成本，又可通过销售给其他同行获取一定的贸易利润，提升自身在行业内的主导权与话语权。”广州浪奇表示。
2011年、2012年，广州浪奇在化工贸易业务上尝到甜头后，便在2013年与南海添惠等合作投资奇化公司，建立化工交易中心，也是广州浪奇从事化工贸易业务的平台。
建立之初，广州浪奇便对奇化公司持有35%的股权比例，为其第一大股东，对奇化公司拥有控制权，同时将其纳入合并报表。
广州浪奇对奇化公司寄予厚望，将该公司打造成为全国最大的网上化工原料现货交易平台。
2016年，广州浪奇收购奇化公司另一股东所持有的24%股份，使公司持股比例从35%增加至59%。
值得注意的是，2020年7月30日离职的广州浪奇前董秘王志刚任奇化化工交易中心法人代表、董事长。近一年多，广州浪奇从董事长、总经理，到财务总监、董秘等关键岗位人员均出现大“换血”。
“从事大宗商品化工贸易存在一定杠杆，行情好时无忧，行情差时，也容易出问题。”大宗贸易人士张文称。
随着2017年广州浪奇贸易业务规模的大增，营收占比超90%，这家化工交易中心能达到的效果似乎开始变味了。
广州浪奇已意识到贸易业务的不断扩大给公司带来的风险。公司在2020年半年报中表示，“主动有序退出低效益的贸易，降低大宗贸易业务占比。”
此次存货失踪事件或是一个“导火索”。
在最新披露的公告中，广州浪奇也明确指出“元凶”，公司部分债务逾期以及部分库存货物可能涉及风险均为公司贸易业务。
存货则为贸易业务需要的对氯甲苯、邻氯甲苯、三氯吡啶醇钠和三氯乙酰氯等农药、化工原料。
也就是说，这一系列的风险事件，已动到广州浪奇最核心的主营业务。
除公告外，广州浪奇近期并未对外发声，对界面新闻的采访需求也暂未回复。
深交所已对此高度关注，要求广州浪奇披露“所有存货存放地点、金额、库龄、第三方仓储业务合作方、近期盘点情况等，全面核查是否存在其他存货异常情形”。
广州浪奇还有多少个第三方仓储平台？广州浪奇申请，回复深交所的关注函延期至10月15日前。
广州浪奇已度过“惊魂三日”。两个一字跌停，“十一”长假前最后一个交易日打开跌停板，跌幅9.74%，全日成交金额1.94亿元，换手率7.33%。
这家1993年上市的老牌日化企业最新市值只有26亿元。
今年的“十一”长假，广州浪奇和广州浪奇3.66万位股东们或许难以悠然度假。
（文中刘叶、张文为化名）
扫二维码 3分钟开户 稳抓股市回调良机！
(image_address=""//n.sinaimg.cn/finance/512/w256h256/20200807/333c-ixkvvuc9099771.png"")
(image_address=""//n.sinaimg.cn/finance/cece9e13/20200514/343233024.png"")
海量资讯、精准解读，尽在新浪财经APP
责任编辑：张熠",2020-09-30 18:00:21,新浪财经
